4 0.2109375 0.1767578125 0.2109375 0.2060546875 0.22005208281250002 0.216796875 0.2265625 0.2158203125 0.23177083281250002 0.1728515625 0.22526041718749998 0.16796875 0.21744791718749998 0.16796875 0.2109375 0.1767578125
4 0.18359375 0.2890625 0.1770833328125 0.2939453125 0.1796875 0.3037109375 0.20442708281250002 0.326171875 0.21614583281250002 0.3271484375 0.21875 0.3193359375 0.1979166671875 0.2958984375 0.1888020828125 0.2890625 0.18359375 0.2890625
4 0.20182291718749998 0.43359375 0.1953125 0.4384765625 0.20182291718749998 0.4453125 0.20963541718749998 0.447265625 0.23828125 0.451171875 0.2552083328125 0.4501953125 0.2578125 0.4462890625 0.2513020828125 0.44140625 0.23307291718749998 0.435546875 0.20182291718749998 0.43359375
4 0.1953125 0.5224609375 0.20963541718749998 0.537109375 0.21614583281250002 0.5361328125 0.2109375 0.4970703125 0.20442708281250002 0.494140625 0.1953125 0.5009765625 0.1953125 0.5224609375
4 0.1966145828125 0.57421875 0.1927083328125 0.5771484375 0.20833333281250002 0.5947265625 0.21744791718749998 0.6015625 0.22916666718749998 0.6025390625 0.23177083281250002 0.5947265625 0.21614583281250002 0.5791015625 0.20442708281250002 0.572265625 0.1966145828125 0.57421875
4 0.33203125 0.359375 0.296875 0.3857421875 0.2942708328125 0.3955078125 0.3020833328125 0.3955078125 0.3111979171875 0.392578125 0.3359375 0.3720703125 0.3385416671875 0.3642578125 0.33203125 0.359375
4 0.29296875 0.21484375 0.2838541671875 0.2236328125 0.28125 0.2470703125 0.2838541671875 0.2568359375 0.29296875 0.26171875 0.296875 0.2607421875 0.3020833328125 0.2548828125 0.3046875 0.2236328125 0.3020833328125 0.2177734375 0.29296875 0.21484375
4 0.3580729171875 0.2734375 0.3463541671875 0.2783203125 0.3606770828125 0.287109375 0.3854166671875 0.2861328125 0.39453125 0.28515625 0.40625 0.2783203125 0.40234375 0.26953125 0.3580729171875 0.2734375
4 0.4049479171875 0.17578125 0.390625 0.1845703125 0.390625 0.1884765625 0.3971354171875 0.193359375 0.4088541671875 0.1923828125 0.4440104171875 0.1875 0.453125 0.1806640625 0.4361979171875 0.171875 0.4049479171875 0.17578125
4 0.4127604171875 0.314453125 0.40625 0.3193359375 0.3880208328125 0.3447265625 0.390625 0.3583984375 0.3984375 0.3583984375 0.40625 0.3525390625 0.4244791671875 0.3251953125 0.4231770828125 0.314453125 0.4127604171875 0.314453125
4 0.3736979171875 0.439453125 0.3723958328125 0.4443359375 0.3880208328125 0.4677734375 0.3971354171875 0.4765625 0.4036458328125 0.4755859375 0.40625 0.4658203125 0.3984375 0.4521484375 0.38671875 0.44140625 0.3736979171875 0.439453125
4 0.23307291718749998 0.650390625 0.2265625 0.6552734375 0.21614583281250002 0.6787109375 0.21875 0.6904296875 0.2265625 0.6943359375 0.234375 0.6865234375 0.2421875 0.6650390625 0.24088541718749998 0.650390625 0.23307291718749998 0.650390625
4 0.4140625 0.5615234375 0.4036458328125 0.5732421875 0.4036458328125 0.5810546875 0.4114583328125 0.5810546875 0.4479166671875 0.5537109375 0.4466145828125 0.546875 0.43359375 0.548828125 0.4140625 0.5615234375
4 0.3216145828125 0.615234375 0.3098958328125 0.6298828125 0.3255208328125 0.6298828125 0.36328125 0.619140625 0.3645833328125 0.6103515625 0.3528645828125 0.607421875 0.3216145828125 0.615234375
4 0.4895833328125 0.6513671875 0.4921875 0.6630859375 0.5013020828125 0.669921875 0.5299479171875 0.68359375 0.5416666671875 0.6826171875 0.5442708328125 0.6767578125 0.5325520828125 0.66796875 0.50390625 0.65234375 0.4895833328125 0.6513671875
4 0.6184895828125 0.4609375 0.5924479171875 0.46484375 0.5807291671875 0.4697265625 0.5807291671875 0.4736328125 0.58984375 0.4765625 0.6171875 0.4755859375 0.6341145828125 0.47265625 0.640625 0.4638671875 0.63671875 0.4609375 0.6184895828125 0.4609375
4 0.73046875 0.380859375 0.72265625 0.380859375 0.7161458328125 0.3857421875 0.7486979171875 0.41015625 0.76171875 0.416015625 0.765625 0.4150390625 0.7682291671875 0.4111328125 0.7630208328125 0.4013671875 0.7434895828125 0.38671875 0.73046875 0.380859375
4 0.58984375 0.373046875 0.5859375 0.3818359375 0.5911458328125 0.3896484375 0.6106770828125 0.40625 0.6276041671875 0.4072265625 0.6276041671875 0.3994140625 0.6223958328125 0.3935546875 0.59765625 0.375 0.58984375 0.373046875
4 0.5572916671875 0.1650390625 0.5494791671875 0.1962890625 0.5546875 0.2080078125 0.5625 0.2099609375 0.5677083328125 0.2021484375 0.5729166671875 0.1669921875 0.56640625 0.16015625 0.5572916671875 0.1650390625
4 0.6432291671875 0.1904296875 0.6484375 0.2001953125 0.6627604171875 0.208984375 0.6809895828125 0.21484375 0.6927083328125 0.2138671875 0.7005208328125 0.2080078125 0.6966145828125 0.201171875 0.6549479171875 0.1875 0.6432291671875 0.1904296875
4 0.76171875 0.193359375 0.7447916671875 0.2119140625 0.7395833328125 0.2255859375 0.7434895828125 0.23046875 0.75 0.2294921875 0.7734375 0.2060546875 0.78125 0.1943359375 0.77734375 0.189453125 0.76171875 0.193359375
4 0.7591145828125 0.251953125 0.7526041671875 0.2587890625 0.7578125 0.2939453125 0.76171875 0.298828125 0.7682291671875 0.2978515625 0.7734375 0.2939453125 0.7734375 0.2646484375 0.7682291671875 0.2568359375 0.7591145828125 0.251953125
4 0.6354166671875 0.2939453125 0.6354166671875 0.3017578125 0.6419270828125 0.3046875 0.6979166671875 0.3037109375 0.6979166671875 0.2998046875 0.6783854171875 0.2890625 0.6497395828125 0.2890625 0.6354166671875 0.2939453125
4 0.6184895828125 0.255859375 0.5794270828125 0.26953125 0.5703125 0.2763671875 0.57421875 0.28125 0.5859375 0.2822265625 0.6184895828125 0.2734375 0.6302083328125 0.2626953125 0.6276041671875 0.2587890625 0.6184895828125 0.255859375
4 0.48046875 0.333984375 0.4739583328125 0.3427734375 0.4830729171875 0.34765625 0.4895833328125 0.3466796875 0.5221354171875 0.337890625 0.5338541671875 0.3251953125 0.5247395828125 0.322265625 0.48046875 0.333984375
4 0.5013020828125 0.46484375 0.4661458328125 0.4853515625 0.4674479171875 0.490234375 0.4765625 0.4912109375 0.4986979171875 0.484375 0.515625 0.4716796875 0.515625 0.4638671875 0.5013020828125 0.46484375
4 0.4908854171875 0.564453125 0.4895833328125 0.5732421875 0.5026041671875 0.5947265625 0.5091145828125 0.599609375 0.5182291671875 0.5986328125 0.5208333328125 0.5908203125 0.5104166671875 0.5712890625 0.4986979171875 0.564453125 0.4908854171875 0.564453125
4 0.4947916671875 0.5263671875 0.50390625 0.5390625 0.5299479171875 0.546875 0.5416666671875 0.5458984375 0.5494791671875 0.5419921875 0.5481770828125 0.537109375 0.5013020828125 0.5234375 0.4947916671875 0.5263671875
4 0.62109375 0.5078125 0.5963541671875 0.5302734375 0.5963541671875 0.5458984375 0.6041666671875 0.5458984375 0.6302083328125 0.5205078125 0.6354166671875 0.5107421875 0.6315104171875 0.5078125 0.62109375 0.5078125
4 0.3515625 0.6552734375 0.3515625 0.6689453125 0.35546875 0.671875 0.3619791671875 0.6708984375 0.3828125 0.6376953125 0.37890625 0.630859375 0.359375 0.6416015625 0.3515625 0.6552734375
4 0.40234375 0.685546875 0.3958333328125 0.6904296875 0.3984375 0.6962890625 0.4231770828125 0.716796875 0.43359375 0.72265625 0.4401041671875 0.7216796875 0.4401041671875 0.7080078125 0.4348958328125 0.7021484375 0.4127604171875 0.6875 0.40234375 0.685546875
4 0.3033854171875 0.69921875 0.2994791671875 0.7060546875 0.3125 0.7275390625 0.3125 0.7333984375 0.3190104171875 0.7421875 0.328125 0.7412109375 0.3333333328125 0.7333984375 0.3255208328125 0.7138671875 0.3190104171875 0.705078125 0.3033854171875 0.69921875
4 0.4296875 0.7607421875 0.43359375 0.767578125 0.4440104171875 0.76953125 0.4869791671875 0.7705078125 0.4856770828125 0.76171875 0.46484375 0.755859375 0.4388020828125 0.755859375 0.4296875 0.7607421875
4 0.703125 0.7470703125 0.703125 0.7529296875 0.7096354171875 0.7578125 0.73828125 0.763671875 0.7604166671875 0.7626953125 0.7604166671875 0.7587890625 0.7486979171875 0.75 0.7200520828125 0.744140625 0.703125 0.7470703125
4 0.5221354171875 0.744140625 0.5182291671875 0.7470703125 0.51953125 0.755859375 0.5442708328125 0.7568359375 0.56640625 0.75390625 0.578125 0.7412109375 0.5533854171875 0.740234375 0.5221354171875 0.744140625
4 0.73046875 0.46484375 0.7317708328125 0.4970703125 0.7356770828125 0.501953125 0.7447916671875 0.5009765625 0.75 0.4912109375 0.7473958328125 0.4736328125 0.73828125 0.46484375 0.73046875 0.46484375
4 0.7473958328125 0.5537109375 0.7708333328125 0.5537109375 0.7942708328125 0.5361328125 0.7903645828125 0.52734375 0.7565104171875 0.544921875 0.7473958328125 0.5537109375
4 0.7825520828125 0.626953125 0.7747395828125 0.626953125 0.7682291671875 0.6318359375 0.7473958328125 0.6591796875 0.7473958328125 0.6650390625 0.7578125 0.6669921875 0.7734375 0.6572265625 0.7838541671875 0.6435546875 0.7864583328125 0.6376953125 0.7825520828125 0.626953125
4 0.6966145828125 0.63671875 0.6822916671875 0.6474609375 0.6861979171875 0.650390625 0.703125 0.6513671875 0.734375 0.6357421875 0.7395833328125 0.6259765625 0.7330729171875 0.62109375 0.6966145828125 0.63671875
4 0.6223958328125 0.7255859375 0.609375 0.7451171875 0.6119791671875 0.7568359375 0.6223958328125 0.7568359375 0.6432291671875 0.7275390625 0.6419270828125 0.716796875 0.6341145828125 0.716796875 0.6223958328125 0.7255859375