4 0.7708333328125 0.1923828125 0.7734375 0.2177734375 0.7799479171875 0.224609375 0.7916666671875 0.2255859375 0.7916666671875 0.1923828125 0.7890625 0.1845703125 0.7799479171875 0.181640625 0.7708333328125 0.1923828125
4 0.7122395828125 0.208984375 0.68359375 0.2109375 0.6705729171875 0.21484375 0.6588541671875 0.2236328125 0.6627604171875 0.228515625 0.6770833328125 0.2275390625 0.7044270828125 0.224609375 0.71484375 0.220703125 0.7213541671875 0.2138671875 0.7122395828125 0.208984375
4 0.69921875 0.158203125 0.6953125 0.1630859375 0.71875 0.1904296875 0.7252604171875 0.1953125 0.734375 0.1943359375 0.7369791671875 0.1806640625 0.7265625 0.1669921875 0.71484375 0.158203125 0.69921875 0.158203125
4 0.7252604171875 0.38671875 0.7135416671875 0.3916015625 0.7200520828125 0.3984375 0.7591145828125 0.408203125 0.765625 0.4072265625 0.7682291671875 0.3994140625 0.7591145828125 0.392578125 0.7356770828125 0.38671875 0.7252604171875 0.38671875
4 0.5872395828125 0.310546875 0.58203125 0.310546875 0.578125 0.3134765625 0.578125 0.3271484375 0.5885416671875 0.3486328125 0.5989583328125 0.3505859375 0.6041666671875 0.3447265625 0.6015625 0.3271484375 0.5963541671875 0.3173828125 0.5872395828125 0.310546875
4 0.6705729171875 0.26953125 0.6588541671875 0.2783203125 0.6380208328125 0.2998046875 0.6419270828125 0.30859375 0.6536458328125 0.3076171875 0.6640625 0.3017578125 0.6770833328125 0.2861328125 0.67578125 0.26953125 0.6705729171875 0.26953125
4 0.6966145828125 0.31640625 0.68359375 0.3203125 0.6796875 0.3251953125 0.6861979171875 0.33203125 0.71875 0.3310546875 0.73828125 0.330078125 0.7473958328125 0.3251953125 0.7278645828125 0.314453125 0.6966145828125 0.31640625
4 0.2643229171875 0.201171875 0.2604166671875 0.2041015625 0.2604166671875 0.2119140625 0.2682291671875 0.2216796875 0.28515625 0.234375 0.3020833328125 0.2353515625 0.2994791671875 0.2275390625 0.2786458328125 0.2080078125 0.26953125 0.201171875 0.2643229171875 0.201171875
4 0.33984375 0.17578125 0.3359375 0.1806640625 0.3385416671875 0.1923828125 0.3580729171875 0.2109375 0.3723958328125 0.2138671875 0.375 0.2060546875 0.3697916671875 0.1982421875 0.3515625 0.1787109375 0.33984375 0.17578125
4 0.45703125 0.18359375 0.4375 0.2041015625 0.4348958328125 0.2197265625 0.4388020828125 0.224609375 0.4427083328125 0.2236328125 0.4557291671875 0.2138671875 0.4739583328125 0.1904296875 0.4700520828125 0.181640625 0.45703125 0.18359375
4 0.59765625 0.228515625 0.5625 0.2529296875 0.5638020828125 0.259765625 0.5755208328125 0.2587890625 0.609375 0.2373046875 0.6119791671875 0.2294921875 0.6080729171875 0.2265625 0.59765625 0.228515625
4 0.5690104171875 0.16015625 0.5572916671875 0.1650390625 0.5416666671875 0.1865234375 0.5364583328125 0.2001953125 0.5442708328125 0.2041015625 0.5598958328125 0.1962890625 0.5703125 0.1787109375 0.5729166671875 0.1650390625 0.5690104171875 0.16015625
4 0.7356770828125 0.60546875 0.7317708328125 0.6083984375 0.7317708328125 0.6162109375 0.7421875 0.6318359375 0.7565104171875 0.640625 0.765625 0.6396484375 0.765625 0.6337890625 0.7552083328125 0.6181640625 0.7408854171875 0.60546875 0.7356770828125 0.60546875
4 0.5143229171875 0.55859375 0.5013020828125 0.564453125 0.4817708328125 0.5810546875 0.484375 0.5888671875 0.4921875 0.5908203125 0.5260416671875 0.5654296875 0.5286458328125 0.5615234375 0.5247395828125 0.55859375 0.5143229171875 0.55859375
4 0.58984375 0.50390625 0.5598958328125 0.5263671875 0.5572916671875 0.5302734375 0.5638020828125 0.53515625 0.5729166671875 0.5341796875 0.6015625 0.5146484375 0.6041666671875 0.5029296875 0.6002604171875 0.5 0.58984375 0.50390625
4 0.5442708328125 0.6298828125 0.5481770828125 0.634765625 0.5872395828125 0.646484375 0.6015625 0.6455078125 0.6015625 0.6376953125 0.5768229171875 0.626953125 0.5559895828125 0.625 0.5442708328125 0.6298828125
4 0.73828125 0.529296875 0.7317708328125 0.5400390625 0.7317708328125 0.5556640625 0.734375 0.5712890625 0.7421875 0.5732421875 0.7526041671875 0.5634765625 0.7526041671875 0.5439453125 0.7473958328125 0.5322265625 0.73828125 0.529296875
4 0.6640625 0.4755859375 0.6666666671875 0.4833984375 0.7018229171875 0.5078125 0.7135416671875 0.5068359375 0.7135416671875 0.4970703125 0.69140625 0.48046875 0.6809895828125 0.474609375 0.6640625 0.4755859375
4 0.6484375 0.5400390625 0.6484375 0.5478515625 0.66015625 0.556640625 0.6861979171875 0.568359375 0.703125 0.5673828125 0.7057291671875 0.5615234375 0.69921875 0.556640625 0.6575520828125 0.537109375 0.6484375 0.5400390625
4 0.5572916671875 0.7314453125 0.5546875 0.7451171875 0.55859375 0.75 0.5651041671875 0.7490234375 0.5885416671875 0.7138671875 0.5846354171875 0.70703125 0.5677083328125 0.7158203125 0.5572916671875 0.7314453125
4 0.7096354171875 0.7734375 0.7057291671875 0.7763671875 0.7057291671875 0.7822265625 0.7200520828125 0.791015625 0.7434895828125 0.796875 0.7552083328125 0.7958984375 0.765625 0.7919921875 0.7591145828125 0.783203125 0.7200520828125 0.7734375 0.7096354171875 0.7734375
4 0.41015625 0.744140625 0.39453125 0.744140625 0.3684895828125 0.75390625 0.3567708328125 0.7685546875 0.3606770828125 0.771484375 0.3697916671875 0.7705078125 0.4075520828125 0.7578125 0.4140625 0.7529296875 0.4140625 0.7470703125 0.41015625 0.744140625
4 0.22916666718749998 0.6357421875 0.21354166718749998 0.6611328125 0.21354166718749998 0.6689453125 0.22005208281250002 0.673828125 0.2265625 0.6728515625 0.2526041671875 0.6337890625 0.24869791718749998 0.626953125 0.24348958281250002 0.626953125 0.22916666718749998 0.6357421875
4 0.22916666718749998 0.7001953125 0.23177083281250002 0.7080078125 0.2526041671875 0.7373046875 0.2630208328125 0.7392578125 0.2682291671875 0.7236328125 0.2526041671875 0.7021484375 0.23828125 0.6953125 0.22916666718749998 0.7001953125
4 0.3450520828125 0.341796875 0.3203125 0.3623046875 0.3203125 0.3759765625 0.3255208328125 0.3779296875 0.359375 0.3505859375 0.359375 0.3447265625 0.3528645828125 0.33984375 0.3450520828125 0.341796875
4 0.3528645828125 0.267578125 0.3372395828125 0.267578125 0.31640625 0.2734375 0.3072916671875 0.2783203125 0.3046875 0.2841796875 0.3111979171875 0.2890625 0.3203125 0.2880859375 0.3502604171875 0.28125 0.3606770828125 0.27734375 0.3619791671875 0.2724609375 0.3528645828125 0.267578125
4 0.23177083281250002 0.3408203125 0.22135416718749998 0.3603515625 0.22135416718749998 0.3681640625 0.22786458281250002 0.373046875 0.234375 0.3720703125 0.2578125 0.3427734375 0.2565104171875 0.33203125 0.24869791718749998 0.33203125 0.23177083281250002 0.3408203125
4 0.1861979171875 0.36328125 0.1822916671875 0.3662109375 0.1822916671875 0.3759765625 0.1927083328125 0.3916015625 0.20182291718749998 0.40234375 0.21484375 0.408203125 0.22135416718749998 0.4072265625 0.21875 0.3935546875 0.20572916718749998 0.3759765625 0.19140625 0.36328125 0.1861979171875 0.36328125
4 0.4205729171875 0.251953125 0.4166666671875 0.2568359375 0.4296875 0.2705078125 0.4544270828125 0.287109375 0.4609375 0.2861328125 0.4635416671875 0.2802734375 0.4583333328125 0.2705078125 0.4361979171875 0.25390625 0.4205729171875 0.251953125
4 0.4127604171875 0.341796875 0.4088541671875 0.3505859375 0.4192708328125 0.3642578125 0.4361979171875 0.376953125 0.4505208328125 0.3779296875 0.4479166671875 0.3681640625 0.4270833328125 0.3447265625 0.4231770828125 0.341796875 0.4127604171875 0.341796875
4 0.4661458328125 0.3271484375 0.47265625 0.3359375 0.51171875 0.345703125 0.5234375 0.3447265625 0.5260416671875 0.3369140625 0.51171875 0.328125 0.4856770828125 0.322265625 0.4661458328125 0.3271484375
4 0.60546875 0.3828125 0.59375 0.3857421875 0.578125 0.4091796875 0.5755208328125 0.4228515625 0.5833333328125 0.4228515625 0.5963541671875 0.4150390625 0.6067708328125 0.3994140625 0.609375 0.3857421875 0.60546875 0.3828125
4 0.3997395828125 0.46875 0.3932291671875 0.4775390625 0.3984375 0.5009765625 0.41015625 0.513671875 0.4192708328125 0.5126953125 0.421875 0.5048828125 0.4140625 0.4931640625 0.4088541671875 0.4736328125 0.3997395828125 0.46875
4 0.2799479171875 0.439453125 0.2786458328125 0.4775390625 0.28515625 0.484375 0.2890625 0.4833984375 0.296875 0.4755859375 0.296875 0.4462890625 0.2903645828125 0.439453125 0.2799479171875 0.439453125
4 0.3697916671875 0.4306640625 0.3815104171875 0.44140625 0.4166666671875 0.4423828125 0.4296875 0.4365234375 0.4231770828125 0.427734375 0.3736979171875 0.427734375 0.3697916671875 0.4306640625
4 0.4830729171875 0.443359375 0.4791666671875 0.4501953125 0.4895833328125 0.4697265625 0.5 0.4833984375 0.50390625 0.486328125 0.5104166671875 0.4853515625 0.5104166671875 0.4658203125 0.5 0.4501953125 0.4908854171875 0.443359375 0.4830729171875 0.443359375
4 0.39453125 0.564453125 0.3841145828125 0.564453125 0.3828125 0.5791015625 0.3880208328125 0.5908203125 0.39453125 0.59765625 0.4036458328125 0.5986328125 0.4088541671875 0.5966796875 0.4088541671875 0.5908203125 0.3984375 0.5673828125 0.39453125 0.564453125
4 0.4453125 0.6533203125 0.4453125 0.6591796875 0.4596354171875 0.66796875 0.4856770828125 0.6796875 0.4973958328125 0.6787109375 0.4947916671875 0.6689453125 0.4830729171875 0.66015625 0.45703125 0.650390625 0.4453125 0.6533203125
4 0.23177083281250002 0.5400390625 0.234375 0.5498046875 0.2565104171875 0.56640625 0.2669270828125 0.572265625 0.2760416671875 0.5712890625 0.2786458328125 0.5634765625 0.2643229171875 0.55078125 0.24869791718749998 0.541015625 0.23177083281250002 0.5400390625