4 0.3385416671875 0.2001953125 0.35546875 0.216796875 0.375 0.2197265625 0.3697916671875 0.2060546875 0.3424479171875 0.181640625 0.3359375 0.1865234375 0.3385416671875 0.2001953125
4 0.2890625 0.2373046875 0.2942708328125 0.2529296875 0.30859375 0.267578125 0.3229166671875 0.2705078125 0.3229166671875 0.2607421875 0.3072916671875 0.2373046875 0.2955729171875 0.23046875 0.2890625 0.2373046875
4 0.21223958281250002 0.1953125 0.20833333281250002 0.2119140625 0.21875 0.2392578125 0.22526041718749998 0.244140625 0.23697916718749998 0.2431640625 0.23697916718749998 0.2294921875 0.2265625 0.2021484375 0.22005208281250002 0.1953125 0.21223958281250002 0.1953125
4 0.7708333328125 0.2197265625 0.77734375 0.23046875 0.7916666671875 0.2314453125 0.7890625 0.1943359375 0.7799479171875 0.1875 0.7708333328125 0.1982421875 0.7708333328125 0.2197265625
4 0.70703125 0.21484375 0.67578125 0.21875 0.6588541671875 0.2294921875 0.6588541671875 0.2333984375 0.6666666671875 0.2353515625 0.7044270828125 0.23046875 0.71484375 0.2265625 0.71875 0.2197265625 0.70703125 0.21484375
4 0.7122395828125 0.1640625 0.69921875 0.1640625 0.6953125 0.1708984375 0.7005208328125 0.1787109375 0.71875 0.1982421875 0.7291666671875 0.2021484375 0.7369791671875 0.1982421875 0.7369791671875 0.1884765625 0.7317708328125 0.1806640625 0.7122395828125 0.1640625
4 0.5872395828125 0.193359375 0.5729166671875 0.2001953125 0.546875 0.2275390625 0.55078125 0.232421875 0.5625 0.2314453125 0.5729166671875 0.2255859375 0.5911458328125 0.2060546875 0.5911458328125 0.1962890625 0.5872395828125 0.193359375
4 0.5963541671875 0.2177734375 0.59375 0.2333984375 0.5963541671875 0.2509765625 0.6067708328125 0.2529296875 0.6145833328125 0.2412109375 0.6171875 0.2197265625 0.6106770828125 0.205078125 0.5963541671875 0.2177734375
4 0.4453125 0.2001953125 0.4348958328125 0.2138671875 0.4348958328125 0.2294921875 0.4453125 0.2294921875 0.4739583328125 0.1962890625 0.4739583328125 0.1923828125 0.46484375 0.1875 0.4453125 0.2001953125
4 0.57421875 0.330078125 0.5442708328125 0.3466796875 0.5442708328125 0.3544921875 0.5481770828125 0.357421875 0.5598958328125 0.3564453125 0.5885416671875 0.3388671875 0.59375 0.3291015625 0.58984375 0.326171875 0.57421875 0.330078125
4 0.65625 0.2861328125 0.6380208328125 0.3056640625 0.6380208328125 0.3134765625 0.6419270828125 0.31640625 0.6510416671875 0.3154296875 0.6770833328125 0.2919921875 0.67578125 0.275390625 0.6705729171875 0.275390625 0.65625 0.2861328125
4 0.69921875 0.322265625 0.6796875 0.3291015625 0.68359375 0.337890625 0.7239583328125 0.3369140625 0.7408854171875 0.3359375 0.7447916671875 0.3291015625 0.7330729171875 0.322265625 0.69921875 0.322265625
4 0.4166666671875 0.2666015625 0.4518229171875 0.29296875 0.4609375 0.2919921875 0.4557291671875 0.2763671875 0.43359375 0.259765625 0.4166666671875 0.2607421875 0.4166666671875 0.2666015625
4 0.4934895828125 0.3125 0.4817708328125 0.3212890625 0.4713541671875 0.3466796875 0.4713541671875 0.3564453125 0.4791666671875 0.3583984375 0.4869791671875 0.3544921875 0.4973958328125 0.3349609375 0.5 0.3232421875 0.4934895828125 0.3125
4 0.3502604171875 0.388671875 0.34375 0.3955078125 0.34375 0.4150390625 0.3463541671875 0.4228515625 0.3502604171875 0.42578125 0.3567708328125 0.4248046875 0.3645833328125 0.4189453125 0.3645833328125 0.4013671875 0.3619791671875 0.3935546875 0.3502604171875 0.388671875
4 0.2526041671875 0.4189453125 0.2526041671875 0.4248046875 0.2643229171875 0.4375 0.28515625 0.44921875 0.296875 0.4482421875 0.2994791671875 0.4423828125 0.2877604171875 0.431640625 0.26171875 0.416015625 0.2526041671875 0.4189453125
4 0.3216145828125 0.33203125 0.3255208328125 0.3505859375 0.34765625 0.365234375 0.3619791671875 0.3662109375 0.3645833328125 0.3583984375 0.3541666671875 0.3486328125 0.33203125 0.33203125 0.3216145828125 0.33203125
4 0.24088541718749998 0.361328125 0.23046875 0.361328125 0.20052083281250002 0.3896484375 0.1979166671875 0.4013671875 0.203125 0.4033203125 0.21744791718749998 0.400390625 0.23697916718749998 0.3818359375 0.2421875 0.3740234375 0.24088541718749998 0.361328125
4 0.1953125 0.4892578125 0.1979166671875 0.4970703125 0.20703125 0.50390625 0.23567708281250002 0.513671875 0.24739583281250002 0.5126953125 0.25 0.5048828125 0.24348958281250002 0.5 0.20182291718749998 0.486328125 0.1953125 0.4892578125
4 0.3255208328125 0.5009765625 0.3216145828125 0.498046875 0.3138020828125 0.498046875 0.3046875 0.5068359375 0.2890625 0.5361328125 0.2942708328125 0.5400390625 0.3059895828125 0.537109375 0.3203125 0.5224609375 0.3255208328125 0.5107421875 0.3255208328125 0.5009765625
4 0.25 0.5654296875 0.22916666718749998 0.5947265625 0.22916666718749998 0.5986328125 0.23567708281250002 0.6015625 0.24739583281250002 0.6005859375 0.2682291671875 0.5732421875 0.2682291671875 0.5673828125 0.26171875 0.560546875 0.25 0.5654296875
4 0.6901041671875 0.4619140625 0.69140625 0.466796875 0.7421875 0.4697265625 0.7447916671875 0.4638671875 0.7330729171875 0.45703125 0.7018229171875 0.455078125 0.6901041671875 0.4619140625
4 0.7330729171875 0.61328125 0.7317708328125 0.6240234375 0.7395833328125 0.6357421875 0.7486979171875 0.64453125 0.7630208328125 0.6474609375 0.765625 0.6396484375 0.7578125 0.6279296875 0.7434895828125 0.61328125 0.7330729171875 0.61328125
4 0.73828125 0.53515625 0.7317708328125 0.5419921875 0.7317708328125 0.5673828125 0.734375 0.5771484375 0.7421875 0.5791015625 0.7526041671875 0.5693359375 0.7526041671875 0.5517578125 0.75 0.5419921875 0.73828125 0.53515625
4 0.6484375 0.6142578125 0.6497395828125 0.623046875 0.6614583328125 0.6220703125 0.6822916671875 0.5947265625 0.6783854171875 0.578125 0.6666666671875 0.5830078125 0.6484375 0.6142578125
4 0.4322916671875 0.4072265625 0.4479166671875 0.4326171875 0.4518229171875 0.435546875 0.4635416671875 0.4345703125 0.4635416671875 0.4228515625 0.4557291671875 0.4072265625 0.4361979171875 0.3984375 0.4322916671875 0.4072265625
4 0.5559895828125 0.408203125 0.5546875 0.4150390625 0.5755208328125 0.4423828125 0.5846354171875 0.44921875 0.5885416671875 0.4482421875 0.59375 0.4404296875 0.578125 0.4169921875 0.5690104171875 0.41015625 0.5559895828125 0.408203125
4 0.54296875 0.4921875 0.53515625 0.4921875 0.5338541671875 0.5048828125 0.5442708328125 0.5302734375 0.55078125 0.53515625 0.5546875 0.5341796875 0.5598958328125 0.5302734375 0.5598958328125 0.5146484375 0.5546875 0.5029296875 0.54296875 0.4921875
4 0.6028645828125 0.501953125 0.5963541671875 0.5068359375 0.59375 0.5146484375 0.59375 0.5361328125 0.6015625 0.5458984375 0.609375 0.5478515625 0.6145833328125 0.5361328125 0.6145833328125 0.5068359375 0.6106770828125 0.501953125 0.6028645828125 0.501953125
4 0.3697916671875 0.4833984375 0.3697916671875 0.4892578125 0.37890625 0.494140625 0.4075520828125 0.5 0.4244791671875 0.4990234375 0.4244791671875 0.4931640625 0.4127604171875 0.486328125 0.3841145828125 0.48046875 0.3697916671875 0.4833984375
4 0.42578125 0.5546875 0.421875 0.5576171875 0.43359375 0.568359375 0.4674479171875 0.58203125 0.4739583328125 0.5810546875 0.4765625 0.5751953125 0.46484375 0.564453125 0.4388020828125 0.5546875 0.42578125 0.5546875
4 0.3372395828125 0.650390625 0.3268229171875 0.65234375 0.3151041671875 0.6611328125 0.3216145828125 0.6640625 0.3619791671875 0.6630859375 0.3763020828125 0.66015625 0.3776041671875 0.6552734375 0.3684895828125 0.650390625 0.3372395828125 0.650390625
4 0.3059895828125 0.708984375 0.2721354171875 0.712890625 0.2630208328125 0.7177734375 0.2630208328125 0.7216796875 0.2721354171875 0.7265625 0.2994791671875 0.7255859375 0.3138020828125 0.724609375 0.328125 0.7138671875 0.3216145828125 0.708984375 0.3059895828125 0.708984375
4 0.20963541718749998 0.650390625 0.20572916718749998 0.6533203125 0.20572916718749998 0.6611328125 0.2109375 0.6787109375 0.21875 0.6943359375 0.2265625 0.6962890625 0.234375 0.6884765625 0.23177083281250002 0.6669921875 0.22395833281250002 0.6533203125 0.20963541718749998 0.650390625
4 0.5 0.5966796875 0.51171875 0.607421875 0.5572916671875 0.6083984375 0.5625 0.6044921875 0.55859375 0.59765625 0.51953125 0.59375 0.5 0.5966796875
4 0.4765625 0.6630859375 0.4817708328125 0.6728515625 0.49609375 0.6796875 0.51171875 0.68359375 0.53125 0.6826171875 0.5338541671875 0.6748046875 0.5221354171875 0.669921875 0.4908854171875 0.662109375 0.4765625 0.6630859375
4 0.5625 0.7236328125 0.5572916671875 0.7412109375 0.5598958328125 0.7548828125 0.56640625 0.759765625 0.5703125 0.7587890625 0.5755208328125 0.7548828125 0.5833333328125 0.7177734375 0.5768229171875 0.7109375 0.5625 0.7236328125
4 0.4622395828125 0.72265625 0.4466145828125 0.7265625 0.4309895828125 0.732421875 0.4192708328125 0.7451171875 0.4231770828125 0.748046875 0.4401041671875 0.7470703125 0.4752604171875 0.736328125 0.4791666671875 0.7314453125 0.4765625 0.7255859375 0.4622395828125 0.72265625
4 0.7174479171875 0.779296875 0.7057291671875 0.7822265625 0.7057291671875 0.7880859375 0.7122395828125 0.794921875 0.73828125 0.802734375 0.7526041671875 0.8037109375 0.765625 0.7998046875 0.765625 0.7958984375 0.7565104171875 0.7890625 0.7174479171875 0.779296875