4 0.1875 0.1845703125 0.1875 0.2158203125 0.203125 0.2275390625 0.20833333281250002 0.2138671875 0.20572916718749998 0.1826171875 0.1940104171875 0.1796875 0.1875 0.1845703125
4 0.2604166671875 0.2373046875 0.2604166671875 0.2646484375 0.2669270828125 0.271484375 0.2760416671875 0.2705078125 0.28125 0.2548828125 0.28125 0.2294921875 0.2721354171875 0.224609375 0.2604166671875 0.2373046875
4 0.1627604171875 0.30078125 0.15625 0.3095703125 0.1640625 0.3212890625 0.18359375 0.33984375 0.1927083328125 0.3408203125 0.1953125 0.3310546875 0.1770833328125 0.3056640625 0.1705729171875 0.30078125 0.1627604171875 0.30078125
4 0.2838541671875 0.3076171875 0.296875 0.3271484375 0.30078125 0.330078125 0.3098958328125 0.3291015625 0.2994791671875 0.2978515625 0.2903645828125 0.2890625 0.2838541671875 0.2958984375 0.2838541671875 0.3076171875
4 0.3841145828125 0.185546875 0.3736979171875 0.189453125 0.3671875 0.1962890625 0.3736979171875 0.203125 0.3828125 0.2021484375 0.4231770828125 0.1953125 0.4296875 0.1884765625 0.4153645828125 0.181640625 0.3841145828125 0.185546875
4 0.4231770828125 0.255859375 0.4127604171875 0.255859375 0.3697916671875 0.2685546875 0.3736979171875 0.275390625 0.390625 0.2783203125 0.41796875 0.271484375 0.4270833328125 0.2646484375 0.4270833328125 0.2587890625 0.4231770828125 0.255859375
4 0.4518229171875 0.30078125 0.4440104171875 0.30078125 0.4375 0.3056640625 0.4401041671875 0.3349609375 0.4544270828125 0.34765625 0.4583333328125 0.3466796875 0.4609375 0.3310546875 0.4557291671875 0.3212890625 0.4557291671875 0.3056640625 0.4518229171875 0.30078125
4 0.54296875 0.16796875 0.5338541671875 0.1748046875 0.5260416671875 0.2060546875 0.53125 0.2158203125 0.5390625 0.2177734375 0.5442708328125 0.2099609375 0.5494791671875 0.1787109375 0.5494791671875 0.1728515625 0.54296875 0.16796875
4 0.6236979171875 0.1953125 0.6197916671875 0.1982421875 0.6197916671875 0.2021484375 0.6315104171875 0.212890625 0.6627604171875 0.220703125 0.6692708328125 0.2197265625 0.6770833328125 0.2158203125 0.67578125 0.20703125 0.6341145828125 0.1953125 0.6236979171875 0.1953125
4 0.62109375 0.296875 0.6145833328125 0.3017578125 0.6184895828125 0.310546875 0.6692708328125 0.3115234375 0.6770833328125 0.3095703125 0.6770833328125 0.3037109375 0.6653645828125 0.296875 0.62109375 0.296875
4 0.7408854171875 0.197265625 0.7213541671875 0.2177734375 0.7161458328125 0.2294921875 0.72265625 0.236328125 0.7265625 0.2353515625 0.7526041671875 0.2099609375 0.7578125 0.2021484375 0.7565104171875 0.1953125 0.7408854171875 0.197265625
4 0.7408854171875 0.2578125 0.7356770828125 0.2578125 0.7317708328125 0.2607421875 0.7317708328125 0.2744140625 0.7369791671875 0.2998046875 0.7447916671875 0.3037109375 0.7526041671875 0.2998046875 0.7526041671875 0.2763671875 0.75 0.2666015625 0.7408854171875 0.2578125
4 0.63671875 0.337890625 0.6354166671875 0.3466796875 0.6510416671875 0.3623046875 0.6705729171875 0.376953125 0.6796875 0.3759765625 0.6796875 0.3642578125 0.6588541671875 0.3427734375 0.6549479171875 0.33984375 0.63671875 0.337890625
4 0.6979166671875 0.3896484375 0.6979166671875 0.3935546875 0.7278645828125 0.4140625 0.73828125 0.419921875 0.7473958328125 0.4189453125 0.7447916671875 0.4072265625 0.7200520828125 0.390625 0.7096354171875 0.38671875 0.6979166671875 0.3896484375
4 0.5859375 0.4677734375 0.5833333328125 0.4814453125 0.5911458328125 0.4814453125 0.6302083328125 0.4560546875 0.6236979171875 0.44921875 0.6106770828125 0.451171875 0.5859375 0.4677734375
4 0.71484375 0.470703125 0.7109375 0.4794921875 0.7161458328125 0.5068359375 0.7291666671875 0.5068359375 0.7317708328125 0.4833984375 0.7291666671875 0.4775390625 0.7200520828125 0.470703125 0.71484375 0.470703125
4 0.6783854171875 0.5390625 0.6653645828125 0.54296875 0.6536458328125 0.5537109375 0.6549479171875 0.556640625 0.6744791671875 0.5556640625 0.7044270828125 0.546875 0.7109375 0.5380859375 0.6940104171875 0.53515625 0.6783854171875 0.5390625
4 0.58984375 0.56640625 0.5885416671875 0.5771484375 0.59375 0.5927734375 0.6015625 0.6064453125 0.609375 0.6083984375 0.6145833328125 0.6044921875 0.609375 0.5771484375 0.6002604171875 0.56640625 0.58984375 0.56640625
4 0.7669270828125 0.630859375 0.7552083328125 0.6357421875 0.7369791671875 0.6611328125 0.734375 0.6708984375 0.7473958328125 0.6728515625 0.7552083328125 0.6689453125 0.7682291671875 0.6513671875 0.7708333328125 0.6376953125 0.7669270828125 0.630859375
4 0.55859375 0.63671875 0.52734375 0.64453125 0.5208333328125 0.6494140625 0.52734375 0.65625 0.546875 0.6552734375 0.5690104171875 0.650390625 0.5807291671875 0.6376953125 0.5768229171875 0.634765625 0.55859375 0.63671875
4 0.55859375 0.63671875 0.52734375 0.64453125 0.5208333328125 0.6494140625 0.52734375 0.65625 0.546875 0.6552734375 0.5690104171875 0.650390625 0.5807291671875 0.6376953125 0.5768229171875 0.634765625 0.55859375 0.63671875
4 0.3802083328125 0.6201171875 0.3828125 0.6298828125 0.38671875 0.6328125 0.3932291671875 0.6318359375 0.4036458328125 0.5966796875 0.3971354171875 0.58984375 0.3854166671875 0.5986328125 0.3802083328125 0.6201171875
4 0.3450520828125 0.6171875 0.3346354171875 0.6171875 0.3059895828125 0.626953125 0.2942708328125 0.6416015625 0.3098958328125 0.6416015625 0.3424479171875 0.630859375 0.3489583328125 0.6259765625 0.3489583328125 0.6201171875 0.3450520828125 0.6171875
4 0.1796875 0.5947265625 0.20442708281250002 0.615234375 0.21354166718749998 0.6142578125 0.21354166718749998 0.6025390625 0.1940104171875 0.5859375 0.1770833328125 0.5888671875 0.1796875 0.5947265625
4 0.18359375 0.5078125 0.1770833328125 0.5146484375 0.1796875 0.5400390625 0.1940104171875 0.55078125 0.1979166671875 0.5498046875 0.20052083281250002 0.5380859375 0.1953125 0.5263671875 0.1953125 0.5107421875 0.18359375 0.5078125
4 0.1770833328125 0.4501953125 0.18359375 0.458984375 0.234375 0.4599609375 0.23958333281250002 0.4560546875 0.22265625 0.447265625 0.1888020828125 0.4453125 0.1770833328125 0.4501953125
4 0.3190104171875 0.4765625 0.3125 0.4833984375 0.3151041671875 0.5087890625 0.32421875 0.51953125 0.3307291671875 0.5185546875 0.3333333328125 0.5087890625 0.328125 0.4833984375 0.3255208328125 0.4775390625 0.3190104171875 0.4765625
4 0.234375 0.4169921875 0.25390625 0.43359375 0.2760416671875 0.4365234375 0.2708333328125 0.4248046875 0.23567708281250002 0.400390625 0.22916666718749998 0.4052734375 0.234375 0.4169921875
4 0.390625 0.3818359375 0.3932291671875 0.4052734375 0.4010416671875 0.4228515625 0.4088541671875 0.4228515625 0.4114583328125 0.3974609375 0.40625 0.3837890625 0.39453125 0.37890625 0.390625 0.3818359375
4 0.4296875 0.4912109375 0.4296875 0.4970703125 0.44140625 0.505859375 0.4622395828125 0.517578125 0.4713541671875 0.5166015625 0.4739583328125 0.5087890625 0.44921875 0.490234375 0.4361979171875 0.48828125 0.4296875 0.4912109375
4 0.4440104171875 0.462890625 0.4348958328125 0.4697265625 0.4388020828125 0.474609375 0.4557291671875 0.4736328125 0.4856770828125 0.462890625 0.4921875 0.4501953125 0.47265625 0.451171875 0.4440104171875 0.462890625
4 0.4361979171875 0.41796875 0.4296875 0.4228515625 0.4309895828125 0.4296875 0.4817708328125 0.4326171875 0.4869791671875 0.4306640625 0.4869791671875 0.4267578125 0.4700520828125 0.41796875 0.4361979171875 0.41796875
4 0.22526041718749998 0.662109375 0.21354166718749998 0.6650390625 0.20572916718749998 0.6806640625 0.203125 0.6982421875 0.20833333281250002 0.7060546875 0.21354166718749998 0.7060546875 0.21875 0.7021484375 0.2265625 0.6826171875 0.22916666718749998 0.6650390625 0.22526041718749998 0.662109375
4 0.20442708281250002 0.775390625 0.1901041671875 0.7861328125 0.1901041671875 0.7958984375 0.20052083281250002 0.7958984375 0.23307291718749998 0.78125 0.24479166718749998 0.7705078125 0.22786458281250002 0.765625 0.20442708281250002 0.775390625
4 0.3125 0.7333984375 0.3125 0.7392578125 0.3268229171875 0.744140625 0.3697916671875 0.7431640625 0.3723958328125 0.7373046875 0.3528645828125 0.728515625 0.3216145828125 0.728515625 0.3125 0.7333984375
4 0.42578125 0.763671875 0.4166666671875 0.7705078125 0.4283854171875 0.77734375 0.4596354171875 0.783203125 0.4739583328125 0.7822265625 0.4765625 0.7783203125 0.4700520828125 0.771484375 0.4440104171875 0.763671875 0.42578125 0.763671875
4 0.3828125 0.7041015625 0.4205729171875 0.732421875 0.4270833328125 0.7314453125 0.4244791671875 0.7138671875 0.3997395828125 0.697265625 0.38671875 0.697265625 0.3828125 0.7041015625
4 0.546875 0.6923828125 0.54296875 0.689453125 0.5338541671875 0.6904296875 0.5130208328125 0.7216796875 0.5104166671875 0.7333984375 0.5182291671875 0.7353515625 0.53125 0.7294921875 0.5390625 0.7177734375 0.546875 0.7021484375 0.546875 0.6923828125
4 0.5546875 0.7607421875 0.5546875 0.7646484375 0.5716145828125 0.7734375 0.6015625 0.7724609375 0.6119791671875 0.7685546875 0.61328125 0.759765625 0.5638020828125 0.7578125 0.5546875 0.7607421875
4 0.6197916671875 0.7080078125 0.6197916671875 0.7373046875 0.62890625 0.74609375 0.6380208328125 0.7451171875 0.6380208328125 0.7060546875 0.6354166671875 0.7001953125 0.62890625 0.69921875 0.6197916671875 0.7080078125
4 0.6901041671875 0.7548828125 0.6927083328125 0.7607421875 0.69921875 0.763671875 0.7447916671875 0.7705078125 0.7473958328125 0.7646484375 0.7356770828125 0.755859375 0.7044270828125 0.75 0.6901041671875 0.7548828125