4 0.41796875 0.19921875 0.4114583328125 0.2041015625 0.4283854171875 0.212890625 0.4557291671875 0.2119140625 0.4713541671875 0.2041015625 0.4700520828125 0.19921875 0.4309895828125 0.197265625 0.41796875 0.19921875
4 0.52734375 0.19140625 0.4895833328125 0.2080078125 0.4934895828125 0.216796875 0.5078125 0.2158203125 0.52734375 0.208984375 0.5390625 0.2001953125 0.5416666671875 0.1923828125 0.52734375 0.19140625
4 0.3528645828125 0.1796875 0.3255208328125 0.1982421875 0.3255208328125 0.2041015625 0.33203125 0.208984375 0.3385416671875 0.2080078125 0.3802083328125 0.1826171875 0.3763020828125 0.17578125 0.36328125 0.17578125 0.3528645828125 0.1796875
4 0.6028645828125 0.205078125 0.5651041671875 0.2353515625 0.5651041671875 0.2431640625 0.5755208328125 0.2451171875 0.5846354171875 0.2421875 0.609375 0.2216796875 0.6106770828125 0.205078125 0.6028645828125 0.205078125
4 0.74609375 0.208984375 0.73828125 0.208984375 0.7291666671875 0.2216796875 0.7291666671875 0.2490234375 0.73828125 0.2578125 0.7421875 0.2568359375 0.7473958328125 0.2490234375 0.75 0.2255859375 0.75 0.2119140625 0.74609375 0.208984375
4 0.6940104171875 0.162109375 0.6901041671875 0.1669921875 0.6953125 0.1748046875 0.7109375 0.1923828125 0.72265625 0.201171875 0.7265625 0.2001953125 0.734375 0.1923828125 0.7265625 0.1767578125 0.7122395828125 0.1640625 0.6940104171875 0.162109375
4 0.6861979171875 0.2578125 0.6744791671875 0.2607421875 0.6692708328125 0.2900390625 0.671875 0.3037109375 0.67578125 0.306640625 0.6822916671875 0.3056640625 0.6901041671875 0.2958984375 0.6927083328125 0.2822265625 0.6927083328125 0.2646484375 0.6861979171875 0.2578125
4 0.3893229171875 0.388671875 0.36328125 0.396484375 0.3541666671875 0.4033203125 0.35546875 0.41015625 0.3723958328125 0.4091796875 0.40234375 0.400390625 0.40625 0.3916015625 0.40234375 0.388671875 0.3893229171875 0.388671875
4 0.3841145828125 0.318359375 0.3776041671875 0.3271484375 0.3776041671875 0.3349609375 0.390625 0.3544921875 0.3997395828125 0.359375 0.4036458328125 0.3583984375 0.4088541671875 0.3564453125 0.4088541671875 0.3505859375 0.3932291671875 0.3232421875 0.3841145828125 0.318359375
4 0.1875 0.2939453125 0.1901041671875 0.3212890625 0.20182291718749998 0.330078125 0.20833333281250002 0.3291015625 0.20833333281250002 0.2900390625 0.20442708281250002 0.28515625 0.1940104171875 0.28515625 0.1875 0.2939453125
4 0.2955729171875 0.283203125 0.2916666671875 0.2861328125 0.2916666671875 0.3154296875 0.296875 0.3291015625 0.3046875 0.3310546875 0.3125 0.3271484375 0.3125 0.3037109375 0.3072916671875 0.2900390625 0.2955729171875 0.283203125
4 0.1848958328125 0.3681640625 0.1901041671875 0.3994140625 0.20442708281250002 0.41015625 0.2109375 0.4091796875 0.20572916718749998 0.3701171875 0.19921875 0.36328125 0.19140625 0.36328125 0.1848958328125 0.3681640625
4 0.6354166671875 0.3349609375 0.6315104171875 0.328125 0.625 0.3310546875 0.6315104171875 0.3359375 0.6354166671875 0.3349609375
4 0.6341145828125 0.349609375 0.6393229171875 0.34765625 0.6458333328125 0.3525390625 0.640625 0.3623046875 0.6497395828125 0.3671875 0.65625 0.3662109375 0.6432291671875 0.3427734375 0.6341145828125 0.34375 0.6302083328125 0.3466796875 0.6341145828125 0.349609375
4 0.46484375 0.369140625 0.45703125 0.365234375 0.4557291671875 0.3701171875 0.4622395828125 0.375 0.46484375 0.37109375 0.46875 0.3720703125 0.4635416671875 0.3779296875 0.4908854171875 0.3984375 0.4973958328125 0.3974609375 0.4973958328125 0.3876953125 0.4869791671875 0.3779296875 0.4700520828125 0.3671875 0.46484375 0.369140625
4 0.55078125 0.4296875 0.53125 0.4306640625 0.53125 0.4365234375 0.54296875 0.443359375 0.5638020828125 0.447265625 0.578125 0.4462890625 0.5872395828125 0.4453125 0.5885416671875 0.4423828125 0.5768229171875 0.435546875 0.55078125 0.4296875
4 0.53125 0.2783203125 0.53125 0.2939453125 0.5364583328125 0.3076171875 0.5481770828125 0.3203125 0.5572916671875 0.3193359375 0.5572916671875 0.3076171875 0.546875 0.2841796875 0.53515625 0.275390625 0.53125 0.2783203125
4 0.5572916671875 0.3642578125 0.5572916671875 0.3681640625 0.5690104171875 0.37890625 0.5924479171875 0.384765625 0.6145833328125 0.3837890625 0.6171875 0.3779296875 0.59765625 0.369140625 0.57421875 0.36328125 0.5572916671875 0.3642578125
4 0.7395833328125 0.3330078125 0.7161458328125 0.3642578125 0.7200520828125 0.369140625 0.7317708328125 0.3681640625 0.7552083328125 0.3408203125 0.75390625 0.328125 0.74609375 0.328125 0.7395833328125 0.3330078125
4 0.8098958328125001 0.3271484375 0.7981770828125 0.32421875 0.7942708328125 0.3271484375 0.7942708328125 0.3544921875 0.796875 0.3642578125 0.8046875 0.3681640625 0.8125 0.3642578125 0.8151041671874999 0.3583984375 0.8151041671874999 0.3427734375 0.8098958328125001 0.3271484375
4 0.7135416671875 0.4072265625 0.7109375 0.4208984375 0.71484375 0.423828125 0.7239583328125 0.4228515625 0.7526041671875 0.3916015625 0.7513020828125 0.3828125 0.7356770828125 0.38671875 0.7135416671875 0.4072265625
4 0.6223958328125 0.5927734375 0.6197916671875 0.6162109375 0.6328125 0.6162109375 0.6380208328125 0.6123046875 0.640625 0.5869140625 0.62890625 0.58203125 0.6223958328125 0.5927734375
4 0.69921875 0.4609375 0.6731770828125 0.46875 0.6640625 0.4755859375 0.6640625 0.4814453125 0.66796875 0.484375 0.6770833328125 0.4833984375 0.7018229171875 0.4765625 0.7135416671875 0.4697265625 0.7135416671875 0.4658203125 0.69921875 0.4609375
4 0.6744791671875 0.5615234375 0.6744791671875 0.5654296875 0.68359375 0.572265625 0.7096354171875 0.5859375 0.7200520828125 0.58984375 0.7317708328125 0.5888671875 0.7291666671875 0.5791015625 0.7018229171875 0.564453125 0.6861979171875 0.55859375 0.6744791671875 0.5615234375
4 0.7552083328125 0.5068359375 0.7526041671875 0.5224609375 0.7552083328125 0.5361328125 0.76171875 0.541015625 0.7708333328125 0.5400390625 0.7760416671875 0.5341796875 0.7760416671875 0.4970703125 0.7669270828125 0.494140625 0.7552083328125 0.5068359375
4 0.5442708328125 0.4990234375 0.5416666671875 0.5380859375 0.5455729171875 0.541015625 0.5520833328125 0.5400390625 0.5598958328125 0.5302734375 0.5598958328125 0.5048828125 0.5481770828125 0.49609375 0.5442708328125 0.4990234375
4 0.50390625 0.56640625 0.5 0.5732421875 0.5130208328125 0.6025390625 0.51953125 0.607421875 0.5260416671875 0.6064453125 0.5286458328125 0.5927734375 0.5234375 0.5810546875 0.5182291671875 0.5732421875 0.50390625 0.56640625
4 0.4622395828125 0.455078125 0.4479166671875 0.4736328125 0.4453125 0.4873046875 0.44921875 0.4921875 0.4583333328125 0.4931640625 0.4635416671875 0.4892578125 0.4739583328125 0.4658203125 0.47265625 0.455078125 0.4622395828125 0.455078125
4 0.1770833328125 0.5751953125 0.1809895828125 0.583984375 0.22005208281250002 0.59765625 0.22916666718749998 0.5966796875 0.23177083281250002 0.5908203125 0.21744791718749998 0.580078125 0.1940104171875 0.572265625 0.1770833328125 0.5751953125
4 0.24609375 0.435546875 0.23958333281250002 0.4404296875 0.2526041671875 0.4560546875 0.26953125 0.466796875 0.2890625 0.4658203125 0.2916666671875 0.4638671875 0.2864583328125 0.4560546875 0.2721354171875 0.447265625 0.24609375 0.435546875
4 0.4453125 0.6279296875 0.4479166671875 0.6337890625 0.4622395828125 0.640625 0.4830729171875 0.64453125 0.4947916671875 0.6435546875 0.5026041671875 0.6376953125 0.5013020828125 0.630859375 0.4544270828125 0.623046875 0.4453125 0.6279296875
4 0.3098958328125 0.5205078125 0.2838541671875 0.5478515625 0.2877604171875 0.5546875 0.2994791671875 0.5537109375 0.328125 0.5283203125 0.328125 0.5185546875 0.32421875 0.515625 0.3098958328125 0.5205078125
4 0.3658854171875 0.482421875 0.359375 0.4873046875 0.3645833328125 0.4951171875 0.3919270828125 0.515625 0.4036458328125 0.5185546875 0.4036458328125 0.5029296875 0.3958333328125 0.4951171875 0.37890625 0.484375 0.3658854171875 0.482421875
4 0.3958333328125 0.5458984375 0.3828125 0.5712890625 0.3854166671875 0.5830078125 0.3893229171875 0.5859375 0.3984375 0.5849609375 0.4140625 0.5517578125 0.4140625 0.5458984375 0.4075520828125 0.541015625 0.3958333328125 0.5458984375
4 0.44921875 0.671875 0.4140625 0.6943359375 0.4153645828125 0.69921875 0.4375 0.6982421875 0.4635416671875 0.6826171875 0.46484375 0.669921875 0.4596354171875 0.66796875 0.44921875 0.671875
4 0.24348958281250002 0.693359375 0.23307291718749998 0.689453125 0.22916666718749998 0.6982421875 0.2421875 0.7177734375 0.25390625 0.73046875 0.2630208328125 0.7314453125 0.2682291671875 0.7275390625 0.2682291671875 0.7197265625 0.2604166671875 0.7080078125 0.24348958281250002 0.693359375
4 0.3424479171875 0.693359375 0.3385416671875 0.6962890625 0.3385416671875 0.7041015625 0.3463541671875 0.7275390625 0.35546875 0.73828125 0.3619791671875 0.7373046875 0.3671875 0.7333984375 0.3645833328125 0.7099609375 0.359375 0.7001953125 0.3424479171875 0.693359375
4 0.5989583328125 0.6904296875 0.5729166671875 0.7236328125 0.5768229171875 0.732421875 0.5859375 0.7314453125 0.6067708328125 0.7099609375 0.609375 0.6923828125 0.60546875 0.689453125 0.5989583328125 0.6904296875
4 0.7239583328125 0.6689453125 0.7239583328125 0.6728515625 0.73828125 0.681640625 0.7734375 0.6845703125 0.78125 0.6806640625 0.77734375 0.673828125 0.74609375 0.66796875 0.7239583328125 0.6689453125
4 0.5026041671875 0.7392578125 0.515625 0.7587890625 0.5221354171875 0.765625 0.5364583328125 0.7705078125 0.5364583328125 0.7568359375 0.515625 0.7314453125 0.5065104171875 0.728515625 0.5026041671875 0.7392578125