4 0.21484375 0.166015625 0.20833333281250002 0.1826171875 0.20833333281250002 0.2001953125 0.22395833281250002 0.2138671875 0.22916666718749998 0.2060546875 0.22916666718749998 0.1689453125 0.22526041718749998 0.166015625 0.21484375 0.166015625
4 0.1809895828125 0.287109375 0.1770833328125 0.2978515625 0.1901041671875 0.3154296875 0.20442708281250002 0.326171875 0.21614583281250002 0.3251953125 0.21614583281250002 0.3173828125 0.1953125 0.2900390625 0.1861979171875 0.28515625 0.1809895828125 0.287109375
4 0.2981770828125 0.212890625 0.2890625 0.2158203125 0.28125 0.2294921875 0.28125 0.2509765625 0.2903645828125 0.259765625 0.2942708328125 0.2587890625 0.2994791671875 0.2548828125 0.3020833328125 0.2451171875 0.3020833328125 0.2158203125 0.2981770828125 0.212890625
4 0.39453125 0.265625 0.3463541671875 0.2744140625 0.3463541671875 0.2783203125 0.3606770828125 0.28515625 0.3802083328125 0.2841796875 0.40234375 0.279296875 0.40625 0.2763671875 0.40625 0.2685546875 0.39453125 0.265625
4 0.4049479171875 0.173828125 0.390625 0.1826171875 0.390625 0.1884765625 0.39453125 0.19140625 0.40625 0.1904296875 0.4466145828125 0.18359375 0.4505208328125 0.1748046875 0.4388020828125 0.169921875 0.4049479171875 0.173828125
4 0.5299479171875 0.240234375 0.51953125 0.2421875 0.4791666671875 0.2626953125 0.48046875 0.267578125 0.4973958328125 0.2666015625 0.5221354171875 0.2578125 0.53125 0.2509765625 0.5338541671875 0.2431640625 0.5299479171875 0.240234375
4 0.5546875 0.1669921875 0.5494791671875 0.1884765625 0.5494791671875 0.2001953125 0.5559895828125 0.208984375 0.5625 0.2080078125 0.5703125 0.1787109375 0.5703125 0.1611328125 0.56640625 0.158203125 0.5546875 0.1669921875
4 0.64453125 0.185546875 0.640625 0.1884765625 0.6484375 0.2001953125 0.6575520828125 0.205078125 0.67578125 0.2109375 0.6953125 0.2099609375 0.7005208328125 0.2021484375 0.6940104171875 0.197265625 0.6575520828125 0.185546875 0.64453125 0.185546875
4 0.6158854171875 0.25390625 0.5703125 0.2724609375 0.57421875 0.279296875 0.59375 0.2783203125 0.6184895828125 0.26953125 0.6276041671875 0.2626953125 0.6276041671875 0.2568359375 0.6158854171875 0.25390625
4 0.6354166671875 0.2900390625 0.6354166671875 0.2998046875 0.64453125 0.302734375 0.6953125 0.3017578125 0.6979166671875 0.2958984375 0.6809895828125 0.287109375 0.64453125 0.287109375 0.6354166671875 0.2900390625
4 0.76171875 0.189453125 0.7447916671875 0.2080078125 0.7395833328125 0.2158203125 0.7395833328125 0.2255859375 0.7473958328125 0.2275390625 0.7734375 0.2021484375 0.7786458328125 0.1943359375 0.77734375 0.185546875 0.76171875 0.189453125
4 0.7591145828125 0.248046875 0.7526041671875 0.2529296875 0.7526041671875 0.2666015625 0.7578125 0.2939453125 0.765625 0.2958984375 0.7734375 0.2900390625 0.7734375 0.2685546875 0.7682291671875 0.2548828125 0.7591145828125 0.248046875
4 0.1953125 0.4345703125 0.19921875 0.443359375 0.22526041718749998 0.447265625 0.2552083328125 0.4462890625 0.2552083328125 0.4423828125 0.23828125 0.43359375 0.19921875 0.431640625 0.1953125 0.4345703125
4 0.3359375 0.3603515625 0.33203125 0.357421875 0.3268229171875 0.357421875 0.296875 0.3818359375 0.2916666671875 0.3916015625 0.2994791671875 0.3935546875 0.30859375 0.390625 0.3307291671875 0.3740234375 0.3359375 0.3681640625 0.3359375 0.3603515625
4 0.4088541671875 0.3134765625 0.3880208328125 0.3408203125 0.390625 0.3564453125 0.3984375 0.3564453125 0.4244791671875 0.3212890625 0.4244791671875 0.3134765625 0.4205729171875 0.310546875 0.4088541671875 0.3134765625
4 0.375 0.4443359375 0.3828125 0.4599609375 0.390625 0.4716796875 0.39453125 0.474609375 0.4010416671875 0.4736328125 0.4036458328125 0.4619140625 0.3932291671875 0.4423828125 0.3763020828125 0.435546875 0.375 0.4443359375
4 0.5338541671875 0.4189453125 0.5403645828125 0.42578125 0.5494791671875 0.4248046875 0.5494791671875 0.3837890625 0.5403645828125 0.3828125 0.5338541671875 0.3896484375 0.5338541671875 0.4189453125
4 0.7200520828125 0.37890625 0.7161458328125 0.3818359375 0.7161458328125 0.3857421875 0.7486979171875 0.408203125 0.7565104171875 0.412109375 0.765625 0.4111328125 0.7604166671875 0.3955078125 0.7408854171875 0.3828125 0.7330729171875 0.37890625 0.7200520828125 0.37890625
4 0.5872395828125 0.37109375 0.5859375 0.3818359375 0.5911458328125 0.3876953125 0.6080729171875 0.40234375 0.6158854171875 0.40625 0.625 0.4052734375 0.6276041671875 0.3974609375 0.6223958328125 0.3916015625 0.59765625 0.373046875 0.5872395828125 0.37109375
4 0.6393229171875 0.44921875 0.6223958328125 0.4677734375 0.6197916671875 0.4775390625 0.6263020828125 0.482421875 0.6302083328125 0.4814453125 0.6510416671875 0.4619140625 0.6588541671875 0.4501953125 0.6575520828125 0.443359375 0.6393229171875 0.44921875
4 0.7291666671875 0.4638671875 0.7317708328125 0.4970703125 0.7356770828125 0.5 0.7421875 0.4990234375 0.7473958328125 0.4951171875 0.7473958328125 0.4716796875 0.7330729171875 0.4609375 0.7291666671875 0.4638671875
4 0.7825520828125 0.52734375 0.7473958328125 0.5498046875 0.7486979171875 0.552734375 0.7682291671875 0.5517578125 0.7890625 0.5380859375 0.7942708328125 0.5322265625 0.79296875 0.525390625 0.7825520828125 0.52734375
4 0.1927083328125 0.5029296875 0.1953125 0.5224609375 0.20703125 0.53515625 0.21614583281250002 0.5341796875 0.2109375 0.4970703125 0.20442708281250002 0.4921875 0.1953125 0.4970703125 0.1927083328125 0.5029296875
4 0.3567708328125 0.5400390625 0.3541666671875 0.5478515625 0.3580729171875 0.55078125 0.3645833328125 0.5498046875 0.3984375 0.5224609375 0.39453125 0.517578125 0.3841145828125 0.517578125 0.3567708328125 0.5400390625
4 0.4921875 0.5244140625 0.50390625 0.537109375 0.52734375 0.544921875 0.5442708328125 0.5439453125 0.546875 0.5361328125 0.54296875 0.533203125 0.50390625 0.521484375 0.4921875 0.5244140625
4 0.4869791671875 0.5673828125 0.5052083328125 0.5966796875 0.5182291671875 0.5966796875 0.5208333328125 0.5908203125 0.5104166671875 0.5693359375 0.4934895828125 0.560546875 0.4869791671875 0.5673828125
4 0.6263020828125 0.55859375 0.6002604171875 0.5703125 0.5885416671875 0.5791015625 0.5859375 0.5869140625 0.5872395828125 0.58984375 0.5989583328125 0.5888671875 0.62890625 0.57421875 0.6380208328125 0.5673828125 0.6380208328125 0.5634765625 0.6263020828125 0.55859375
4 0.1966145828125 0.572265625 0.1927083328125 0.5771484375 0.1979166671875 0.5830078125 0.22005208281250002 0.6015625 0.2265625 0.6005859375 0.23177083281250002 0.5947265625 0.22395833281250002 0.5849609375 0.20442708281250002 0.5703125 0.1966145828125 0.572265625
4 0.21875 0.6650390625 0.21614583281250002 0.6845703125 0.22265625 0.69140625 0.22916666718749998 0.6904296875 0.23958333281250002 0.6689453125 0.24088541718749998 0.6484375 0.23046875 0.6484375 0.21875 0.6650390625
4 0.3450520828125 0.60546875 0.3216145828125 0.61328125 0.3098958328125 0.6240234375 0.3098958328125 0.6298828125 0.3177083328125 0.6298828125 0.36328125 0.615234375 0.3645833328125 0.6083984375 0.3606770828125 0.60546875 0.3450520828125 0.60546875
4 0.21484375 0.76171875 0.20052083281250002 0.7724609375 0.20182291718749998 0.78125 0.21354166718749998 0.7802734375 0.24869791718749998 0.763671875 0.2552083328125 0.7548828125 0.23828125 0.751953125 0.21484375 0.76171875
4 0.3229166671875 0.7236328125 0.3268229171875 0.728515625 0.3346354171875 0.73046875 0.3828125 0.7294921875 0.3854166671875 0.7255859375 0.37109375 0.716796875 0.33203125 0.716796875 0.3229166671875 0.7236328125
4 0.50390625 0.650390625 0.4895833328125 0.6494140625 0.4921875 0.6611328125 0.50390625 0.669921875 0.5299479171875 0.681640625 0.5390625 0.6806640625 0.5442708328125 0.6787109375 0.5442708328125 0.6748046875 0.5325520828125 0.666015625 0.50390625 0.650390625
4 0.3958333328125 0.6865234375 0.3984375 0.6943359375 0.42578125 0.716796875 0.4375 0.7197265625 0.4401041671875 0.7060546875 0.4127604171875 0.685546875 0.3997395828125 0.68359375 0.3958333328125 0.6865234375
4 0.4296875 0.7568359375 0.4309895828125 0.763671875 0.4752604171875 0.771484375 0.484375 0.7705078125 0.4869791671875 0.7626953125 0.47265625 0.755859375 0.44140625 0.751953125 0.4296875 0.7568359375
4 0.5221354171875 0.7421875 0.515625 0.7470703125 0.5182291671875 0.7529296875 0.5247395828125 0.755859375 0.5416666671875 0.7548828125 0.56640625 0.751953125 0.578125 0.7392578125 0.5638020828125 0.736328125 0.5221354171875 0.7421875
4 0.609375 0.7451171875 0.6119791671875 0.7529296875 0.6158854171875 0.755859375 0.6223958328125 0.7548828125 0.6432291671875 0.7216796875 0.6393229171875 0.712890625 0.625 0.7197265625 0.609375 0.7451171875
4 0.70703125 0.7421875 0.703125 0.7451171875 0.703125 0.7509765625 0.7122395828125 0.755859375 0.7408854171875 0.76171875 0.7604166671875 0.7607421875 0.7578125 0.7548828125 0.7434895828125 0.74609375 0.72265625 0.7421875 0.70703125 0.7421875
4 0.6940104171875 0.634765625 0.6822916671875 0.6435546875 0.6888020828125 0.6484375 0.7057291671875 0.6474609375 0.7369791671875 0.6298828125 0.7395833328125 0.6240234375 0.7330729171875 0.619140625 0.6940104171875 0.634765625
4 0.7682291671875 0.6279296875 0.7473958328125 0.6572265625 0.7486979171875 0.6640625 0.7630208328125 0.6630859375 0.7838541671875 0.6396484375 0.7838541671875 0.6259765625 0.7799479171875 0.623046875 0.7682291671875 0.6279296875