4 0.2526041671875 0.1962890625 0.2526041671875 0.2080078125 0.2578125 0.2138671875 0.27734375 0.228515625 0.2942708328125 0.2294921875 0.2916666671875 0.2197265625 0.2682291671875 0.1982421875 0.2565104171875 0.193359375 0.2526041671875 0.1962890625
4 0.3346354171875 0.16796875 0.328125 0.1728515625 0.328125 0.1826171875 0.3385416671875 0.1962890625 0.3502604171875 0.205078125 0.3671875 0.2080078125 0.3697916671875 0.2021484375 0.3645833328125 0.1943359375 0.34375 0.1728515625 0.3346354171875 0.16796875
4 0.7630208328125 0.1826171875 0.7630208328125 0.2021484375 0.7721354171875 0.216796875 0.7838541671875 0.2158203125 0.7838541671875 0.1826171875 0.78125 0.1767578125 0.7721354171875 0.173828125 0.7630208328125 0.1826171875
4 0.5794270828125 0.17578125 0.5703125 0.1806640625 0.5572916671875 0.2080078125 0.5572916671875 0.2216796875 0.5651041671875 0.2216796875 0.5755208328125 0.2158203125 0.5859375 0.1923828125 0.5859375 0.1806640625 0.5794270828125 0.17578125
4 0.6627604171875 0.26171875 0.6484375 0.2724609375 0.6302083328125 0.2939453125 0.6315104171875 0.30078125 0.6458333328125 0.3017578125 0.6692708328125 0.2802734375 0.671875 0.2646484375 0.66796875 0.26171875 0.6627604171875 0.26171875
4 0.6731770828125 0.203125 0.6510416671875 0.2158203125 0.6549479171875 0.220703125 0.671875 0.2197265625 0.7044270828125 0.21484375 0.7135416671875 0.2060546875 0.7044270828125 0.201171875 0.6731770828125 0.203125
4 0.6888020828125 0.150390625 0.6901041671875 0.1611328125 0.7109375 0.1826171875 0.7174479171875 0.1875 0.7265625 0.1865234375 0.7291666671875 0.1728515625 0.7161458328125 0.1572265625 0.70703125 0.150390625 0.6888020828125 0.150390625
4 0.4401041671875 0.1845703125 0.4270833328125 0.2021484375 0.4270833328125 0.2138671875 0.4309895828125 0.216796875 0.4375 0.2158203125 0.4661458328125 0.1826171875 0.4622395828125 0.173828125 0.4518229171875 0.17578125 0.4401041671875 0.1845703125
4 0.55859375 0.15234375 0.546875 0.1591796875 0.5338541671875 0.1787109375 0.5286458328125 0.1943359375 0.5364583328125 0.1962890625 0.5494791671875 0.1904296875 0.5625 0.1708984375 0.5651041671875 0.1572265625 0.55859375 0.15234375
4 0.3111979171875 0.275390625 0.3046875 0.2802734375 0.3046875 0.2861328125 0.30859375 0.2890625 0.3177083328125 0.2880859375 0.34765625 0.275390625 0.3567708328125 0.2646484375 0.33984375 0.26171875 0.3111979171875 0.275390625
4 0.3658854171875 0.423828125 0.3619791671875 0.4267578125 0.3619791671875 0.4345703125 0.3697916671875 0.4462890625 0.38671875 0.4609375 0.3984375 0.4619140625 0.4010416671875 0.4580078125 0.3932291671875 0.4482421875 0.3776041671875 0.4306640625 0.3658854171875 0.423828125
4 0.47265625 0.3828125 0.4622395828125 0.3828125 0.4635416671875 0.4169921875 0.4661458328125 0.4228515625 0.4739583328125 0.4248046875 0.4817708328125 0.4169921875 0.4817708328125 0.3994140625 0.4765625 0.3857421875 0.47265625 0.3828125
4 0.5325520828125 0.369140625 0.5260416671875 0.3759765625 0.5182291671875 0.3955078125 0.5221354171875 0.404296875 0.5338541671875 0.4033203125 0.546875 0.3798828125 0.546875 0.3701171875 0.54296875 0.3671875 0.5325520828125 0.369140625
4 0.7174479171875 0.37890625 0.7083333328125 0.3818359375 0.7083333328125 0.3857421875 0.7200520828125 0.392578125 0.7513020828125 0.400390625 0.7578125 0.3994140625 0.7630208328125 0.3935546875 0.7604166671875 0.3896484375 0.7434895828125 0.380859375 0.7174479171875 0.37890625
4 0.5846354171875 0.3125 0.5768229171875 0.3125 0.5364583328125 0.3349609375 0.5403645828125 0.34375 0.5520833328125 0.3427734375 0.56640625 0.337890625 0.5807291671875 0.3271484375 0.5859375 0.3212890625 0.5846354171875 0.3125
4 0.6315104171875 0.37109375 0.6276041671875 0.3740234375 0.6276041671875 0.3896484375 0.6328125 0.4013671875 0.6393229171875 0.41015625 0.6497395828125 0.416015625 0.65625 0.4150390625 0.6588541671875 0.4052734375 0.6458333328125 0.3759765625 0.6419270828125 0.37109375 0.6315104171875 0.37109375
4 0.72265625 0.306640625 0.6783854171875 0.310546875 0.671875 0.3154296875 0.6744791671875 0.3232421875 0.6901041671875 0.3251953125 0.7330729171875 0.322265625 0.7395833328125 0.3193359375 0.7395833328125 0.3154296875 0.72265625 0.306640625
4 0.3333333328125 0.3896484375 0.328125 0.3955078125 0.328125 0.4052734375 0.3385416671875 0.4052734375 0.3723958328125 0.3798828125 0.37109375 0.37109375 0.3580729171875 0.37109375 0.3333333328125 0.3896484375
4 0.3984375 0.3349609375 0.3984375 0.3427734375 0.4075520828125 0.349609375 0.4283854171875 0.359375 0.4375 0.3583984375 0.4401041671875 0.3486328125 0.43359375 0.34375 0.4127604171875 0.333984375 0.3984375 0.3349609375
4 0.4088541671875 0.2470703125 0.4088541671875 0.2529296875 0.44140625 0.27734375 0.453125 0.2783203125 0.453125 0.2666015625 0.4388020828125 0.25390625 0.42578125 0.24609375 0.4088541671875 0.2470703125
4 0.4713541671875 0.2841796875 0.4713541671875 0.3017578125 0.4791666671875 0.3193359375 0.4856770828125 0.32421875 0.4921875 0.3232421875 0.4947916671875 0.3115234375 0.4895833328125 0.2841796875 0.48046875 0.27734375 0.4713541671875 0.2841796875
4 0.28515625 0.431640625 0.2734375 0.4345703125 0.2708333328125 0.4716796875 0.2786458328125 0.4775390625 0.2890625 0.4697265625 0.2916666671875 0.4599609375 0.2916666671875 0.4404296875 0.28515625 0.431640625
4 0.1783854171875 0.357421875 0.1744791671875 0.3603515625 0.1744791671875 0.3681640625 0.1822916671875 0.3818359375 0.20182291718749998 0.400390625 0.21354166718749998 0.4013671875 0.21614583281250002 0.3955078125 0.20052083281250002 0.3720703125 0.18359375 0.357421875 0.1783854171875 0.357421875
4 0.23046875 0.330078125 0.21875 0.3447265625 0.21354166718749998 0.3623046875 0.22005208281250002 0.3671875 0.22916666718749998 0.3662109375 0.25 0.3388671875 0.2526041671875 0.3291015625 0.24869791718749998 0.326171875 0.23046875 0.330078125
4 0.7265625 0.6064453125 0.7317708328125 0.6181640625 0.74609375 0.630859375 0.7604166671875 0.6318359375 0.7604166671875 0.6240234375 0.7421875 0.6005859375 0.73046875 0.59765625 0.7265625 0.6064453125
4 0.73046875 0.521484375 0.7265625 0.5283203125 0.7265625 0.5498046875 0.7291666671875 0.5634765625 0.7369791671875 0.5654296875 0.7473958328125 0.5537109375 0.7473958328125 0.5380859375 0.7421875 0.5244140625 0.73046875 0.521484375
4 0.5455729171875 0.478515625 0.515625 0.4970703125 0.5130208328125 0.5029296875 0.51953125 0.5078125 0.5286458328125 0.5068359375 0.5598958328125 0.4892578125 0.5651041671875 0.4814453125 0.5611979171875 0.4765625 0.5455729171875 0.478515625
4 0.65625 0.4677734375 0.6588541671875 0.4755859375 0.6809895828125 0.4921875 0.6966145828125 0.5 0.7057291671875 0.4990234375 0.7083333328125 0.4892578125 0.6861979171875 0.47265625 0.6731770828125 0.466796875 0.65625 0.4677734375
4 0.6184895828125 0.61328125 0.6145833328125 0.6162109375 0.6145833328125 0.6240234375 0.6197916671875 0.6318359375 0.6393229171875 0.65234375 0.6471354171875 0.65625 0.6536458328125 0.6552734375 0.6536458328125 0.6435546875 0.6432291671875 0.6279296875 0.6315104171875 0.6171875 0.6184895828125 0.61328125
4 0.5091145828125 0.5546875 0.5052083328125 0.5576171875 0.5052083328125 0.5673828125 0.5104166671875 0.5791015625 0.5208333328125 0.5966796875 0.5247395828125 0.599609375 0.53125 0.5986328125 0.5390625 0.5927734375 0.5364583328125 0.5791015625 0.5286458328125 0.5673828125 0.5091145828125 0.5546875
4 0.65625 0.5732421875 0.640625 0.6044921875 0.64453125 0.609375 0.6588541671875 0.6083984375 0.6796875 0.5771484375 0.6731770828125 0.564453125 0.6653645828125 0.564453125 0.65625 0.5732421875
4 0.22395833281250002 0.5361328125 0.24088541718749998 0.5546875 0.26171875 0.56640625 0.2708333328125 0.5654296875 0.2734375 0.5576171875 0.2513020828125 0.5390625 0.23307291718749998 0.533203125 0.22395833281250002 0.5361328125
4 0.3815104171875 0.607421875 0.375 0.6123046875 0.3776041671875 0.6259765625 0.3997395828125 0.64453125 0.4114583328125 0.6455078125 0.4166666671875 0.6416015625 0.4114583328125 0.6318359375 0.3932291671875 0.6123046875 0.3815104171875 0.607421875
4 0.23828125 0.62109375 0.2265625 0.6279296875 0.2109375 0.6494140625 0.20833333281250002 0.6630859375 0.21484375 0.66796875 0.22135416718749998 0.6669921875 0.23958333281250002 0.6455078125 0.24739583281250002 0.6298828125 0.24609375 0.62109375 0.23828125 0.62109375
4 0.5598958328125 0.7080078125 0.5546875 0.7236328125 0.5546875 0.7373046875 0.5611979171875 0.744140625 0.5677083328125 0.7431640625 0.578125 0.7080078125 0.578125 0.7021484375 0.5716145828125 0.697265625 0.5598958328125 0.7080078125
4 0.23046875 0.69140625 0.2265625 0.6982421875 0.24479166718749998 0.7255859375 0.25390625 0.732421875 0.2604166671875 0.7314453125 0.2630208328125 0.7177734375 0.2526041671875 0.7021484375 0.24088541718749998 0.69140625 0.23046875 0.69140625
4 0.4049479171875 0.736328125 0.3971354171875 0.736328125 0.3684895828125 0.74609375 0.3541666671875 0.7607421875 0.3580729171875 0.765625 0.3619791671875 0.7646484375 0.3971354171875 0.75390625 0.4114583328125 0.7451171875 0.4114583328125 0.7412109375 0.4049479171875 0.736328125
4 0.4361979171875 0.494140625 0.39453125 0.509765625 0.390625 0.5146484375 0.3971354171875 0.517578125 0.4140625 0.5166015625 0.4440104171875 0.505859375 0.4479166671875 0.5029296875 0.4479166671875 0.4951171875 0.4361979171875 0.494140625
4 0.7044270828125 0.765625 0.7005208328125 0.7685546875 0.7096354171875 0.779296875 0.7252604171875 0.78515625 0.7473958328125 0.7880859375 0.7630208328125 0.7841796875 0.7591145828125 0.77734375 0.7174479171875 0.765625 0.7044270828125 0.765625