4 0.421875 0.3017578125 0.4322916671875 0.3017578125 0.4609375 0.2841796875 0.4544270828125 0.275390625 0.421875 0.2939453125 0.421875 0.3017578125
4 0.44921875 0.19140625 0.4427083328125 0.2021484375 0.453125 0.2255859375 0.4622395828125 0.232421875 0.46875 0.2314453125 0.46875 0.2177734375 0.4609375 0.1962890625 0.45703125 0.19140625 0.44921875 0.19140625
4 0.2942708328125 0.2001953125 0.2838541671875 0.2216796875 0.2838541671875 0.2314453125 0.2890625 0.2392578125 0.296875 0.2392578125 0.3098958328125 0.2080078125 0.3098958328125 0.2001953125 0.3033854171875 0.197265625 0.2942708328125 0.2001953125
4 0.1875 0.4072265625 0.19140625 0.412109375 0.22265625 0.427734375 0.2421875 0.4287109375 0.23958333281250002 0.4208984375 0.22526041718749998 0.41015625 0.20182291718749998 0.40234375 0.1875 0.4072265625
4 0.24088541718749998 0.34375 0.23177083281250002 0.3466796875 0.21614583281250002 0.3759765625 0.21614583281250002 0.3837890625 0.22395833281250002 0.3857421875 0.23697916718749998 0.3779296875 0.24479166718749998 0.3623046875 0.24739583281250002 0.3525390625 0.24088541718749998 0.34375
4 0.1927083328125 0.6123046875 0.20442708281250002 0.623046875 0.2109375 0.6220703125 0.2109375 0.5810546875 0.19921875 0.578125 0.1927083328125 0.5830078125 0.1927083328125 0.6123046875
4 0.2747395828125 0.486328125 0.2708333328125 0.4892578125 0.2825520828125 0.5 0.3203125 0.5009765625 0.328125 0.4970703125 0.328125 0.4912109375 0.3216145828125 0.48828125 0.2747395828125 0.486328125
4 0.3346354171875 0.390625 0.2916666671875 0.4013671875 0.2955729171875 0.41015625 0.3125 0.4111328125 0.3372395828125 0.40625 0.3489583328125 0.3935546875 0.3450520828125 0.390625 0.3346354171875 0.390625
4 0.3059895828125 0.314453125 0.296875 0.3212890625 0.2890625 0.3466796875 0.2955729171875 0.357421875 0.3046875 0.3564453125 0.3098958328125 0.3505859375 0.3177083328125 0.3232421875 0.3138020828125 0.314453125 0.3059895828125 0.314453125
4 0.21744791718749998 0.18359375 0.20572916718749998 0.1943359375 0.1979166671875 0.2158203125 0.1979166671875 0.2294921875 0.20833333281250002 0.2294921875 0.21875 0.2177734375 0.2265625 0.1962890625 0.22395833281250002 0.1865234375 0.21744791718749998 0.18359375
4 0.3359375 0.2548828125 0.3255208328125 0.2685546875 0.3255208328125 0.2841796875 0.3359375 0.2841796875 0.3645833328125 0.2529296875 0.3580729171875 0.244140625 0.3502604171875 0.244140625 0.3359375 0.2548828125
4 0.3919270828125 0.189453125 0.37890625 0.19140625 0.3671875 0.2001953125 0.3671875 0.2041015625 0.3736979171875 0.20703125 0.40625 0.2060546875 0.4231770828125 0.205078125 0.4270833328125 0.1962890625 0.4205729171875 0.19140625 0.3919270828125 0.189453125
4 0.453125 0.3466796875 0.453125 0.3681640625 0.4583333328125 0.3798828125 0.46484375 0.384765625 0.46875 0.3837890625 0.4713541671875 0.3486328125 0.46875 0.3408203125 0.4596354171875 0.33984375 0.453125 0.3466796875
4 0.3815104171875 0.4921875 0.35546875 0.498046875 0.3385416671875 0.5087890625 0.3450520828125 0.513671875 0.3541666671875 0.5126953125 0.3919270828125 0.505859375 0.3984375 0.4970703125 0.3893229171875 0.4921875 0.3815104171875 0.4921875
4 0.1940104171875 0.634765625 0.1822916671875 0.6376953125 0.1770833328125 0.6630859375 0.1770833328125 0.6767578125 0.1809895828125 0.6796875 0.1875 0.6787109375 0.1979166671875 0.6708984375 0.20052083281250002 0.6591796875 0.20052083281250002 0.6416015625 0.1940104171875 0.634765625
4 0.3841145828125 0.611328125 0.36328125 0.60546875 0.3541666671875 0.6103515625 0.3567708328125 0.6162109375 0.3684895828125 0.623046875 0.40625 0.6240234375 0.4140625 0.6201171875 0.4140625 0.6162109375 0.40234375 0.611328125 0.3841145828125 0.611328125
4 0.4075520828125 0.53515625 0.3893229171875 0.541015625 0.3723958328125 0.5517578125 0.3763020828125 0.560546875 0.3854166671875 0.5595703125 0.41796875 0.548828125 0.4296875 0.5419921875 0.4296875 0.5380859375 0.4075520828125 0.53515625
4 0.4479166671875 0.6162109375 0.44921875 0.623046875 0.4609375 0.6220703125 0.484375 0.5947265625 0.4830729171875 0.580078125 0.46875 0.5888671875 0.4479166671875 0.6162109375
4 0.50390625 0.50390625 0.4973958328125 0.5087890625 0.484375 0.5302734375 0.4869791671875 0.5419921875 0.4947916671875 0.5439453125 0.5130208328125 0.5224609375 0.5182291671875 0.5107421875 0.5143229171875 0.50390625 0.50390625 0.50390625
4 0.4739583328125 0.4306640625 0.4739583328125 0.4384765625 0.4791666671875 0.4462890625 0.5013020828125 0.462890625 0.515625 0.4619140625 0.5104166671875 0.4501953125 0.4830729171875 0.427734375 0.4778645828125 0.427734375 0.4739583328125 0.4306640625
4 0.6315104171875 0.34375 0.6263020828125 0.34375 0.5963541671875 0.3701171875 0.59375 0.3798828125 0.6041666671875 0.3798828125 0.61328125 0.376953125 0.6328125 0.3603515625 0.6380208328125 0.3505859375 0.6315104171875 0.34375
4 0.7005208328125 0.3388671875 0.7044270828125 0.34765625 0.71484375 0.353515625 0.7213541671875 0.3525390625 0.7161458328125 0.3115234375 0.70703125 0.306640625 0.6979166671875 0.3134765625 0.7005208328125 0.3388671875
4 0.7486979171875 0.259765625 0.7473958328125 0.2705078125 0.7526041671875 0.2783203125 0.7708333328125 0.2998046875 0.7786458328125 0.3017578125 0.7838541671875 0.2998046875 0.78125 0.2822265625 0.7643229171875 0.263671875 0.7486979171875 0.259765625
4 0.6458333328125 0.2626953125 0.6549479171875 0.27734375 0.68359375 0.287109375 0.7005208328125 0.2861328125 0.703125 0.2783203125 0.6861979171875 0.26953125 0.6627604171875 0.26171875 0.6458333328125 0.2626953125
4 0.5299479171875 0.205078125 0.4947916671875 0.2294921875 0.4921875 0.2353515625 0.4986979171875 0.240234375 0.5078125 0.2392578125 0.5390625 0.2197265625 0.5442708328125 0.2099609375 0.54296875 0.203125 0.5299479171875 0.205078125
4 0.6080729171875 0.189453125 0.6041666671875 0.1943359375 0.6067708328125 0.2021484375 0.6276041671875 0.2314453125 0.640625 0.2314453125 0.6432291671875 0.2216796875 0.6328125 0.2041015625 0.6184895828125 0.19140625 0.6080729171875 0.189453125
4 0.734375 0.2060546875 0.74609375 0.216796875 0.78125 0.2158203125 0.796875 0.2080078125 0.7955729171875 0.19921875 0.7565104171875 0.19921875 0.734375 0.2060546875
4 0.4752604171875 0.640625 0.4505208328125 0.6630859375 0.4505208328125 0.6728515625 0.4609375 0.6728515625 0.4921875 0.6474609375 0.4947916671875 0.6396484375 0.4908854171875 0.63671875 0.4752604171875 0.640625
4 0.5885416671875 0.5556640625 0.59765625 0.5625 0.6354166671875 0.5615234375 0.6484375 0.5537109375 0.64453125 0.548828125 0.59765625 0.548828125 0.5885416671875 0.5556640625
4 0.5638020828125 0.505859375 0.5390625 0.5283203125 0.54296875 0.537109375 0.5546875 0.5361328125 0.578125 0.5185546875 0.578125 0.5068359375 0.57421875 0.50390625 0.5638020828125 0.505859375
4 0.7122395828125 0.4609375 0.7317708328125 0.4619140625 0.73046875 0.45703125 0.6953125 0.4560546875 0.70703125 0.45703125 0.7122395828125 0.4609375
4 0.71875 0.4970703125 0.7109375 0.5263671875 0.7122395828125 0.53515625 0.7239583328125 0.5341796875 0.734375 0.5107421875 0.7317708328125 0.4951171875 0.7252604171875 0.4921875 0.71875 0.4970703125
4 0.6822916671875 0.4580078125 0.6940104171875 0.46484375 0.70703125 0.46484375 0.7174479171875 0.46875 0.7395833328125 0.4677734375 0.7395833328125 0.4638671875 0.73046875 0.45703125 0.6861979171875 0.455078125 0.6822916671875 0.4580078125
4 0.5716145828125 0.4140625 0.5677083328125 0.4169921875 0.5703125 0.4228515625 0.5859375 0.4404296875 0.6002604171875 0.453125 0.609375 0.4521484375 0.609375 0.4423828125 0.5989583328125 0.4306640625 0.5794270828125 0.4140625 0.5716145828125 0.4140625
4 0.72265625 0.38671875 0.71875 0.3896484375 0.71875 0.3935546875 0.7513020828125 0.416015625 0.7591145828125 0.419921875 0.7682291671875 0.4189453125 0.765625 0.4072265625 0.7486979171875 0.39453125 0.7330729171875 0.38671875 0.72265625 0.38671875
4 0.6171875 0.6884765625 0.62109375 0.697265625 0.6354166671875 0.6962890625 0.6640625 0.6806640625 0.66796875 0.666015625 0.6549479171875 0.66796875 0.6171875 0.6884765625
4 0.7200520828125 0.578125 0.7096354171875 0.580078125 0.6822916671875 0.5986328125 0.68359375 0.60546875 0.6953125 0.6064453125 0.71484375 0.59765625 0.7239583328125 0.5888671875 0.7239583328125 0.5810546875 0.7200520828125 0.578125
4 0.77734375 0.630859375 0.7682291671875 0.6376953125 0.75 0.6630859375 0.7473958328125 0.6689453125 0.75390625 0.673828125 0.7604166671875 0.6728515625 0.7708333328125 0.6669921875 0.7864583328125 0.6455078125 0.7825520828125 0.630859375 0.77734375 0.630859375
4 0.3971354171875 0.72265625 0.3658854171875 0.724609375 0.34375 0.7314453125 0.3502604171875 0.740234375 0.3776041671875 0.7392578125 0.3893229171875 0.73828125 0.4010416671875 0.7294921875 0.4010416671875 0.7255859375 0.3971354171875 0.72265625
4 0.5065104171875 0.69140625 0.5 0.6943359375 0.4739583328125 0.7236328125 0.4752604171875 0.73046875 0.4869791671875 0.7294921875 0.5052083328125 0.7177734375 0.5130208328125 0.7060546875 0.515625 0.6982421875 0.5065104171875 0.69140625
4 0.3294270828125 0.646484375 0.3255208328125 0.6494140625 0.3255208328125 0.6552734375 0.3346354171875 0.662109375 0.35546875 0.669921875 0.3802083328125 0.6689453125 0.3828125 0.6630859375 0.37109375 0.65625 0.33984375 0.646484375 0.3294270828125 0.646484375