4 0.20572916718749998 0.1904296875 0.20572916718749998 0.2099609375 0.2109375 0.2177734375 0.21744791718749998 0.22265625 0.22135416718749998 0.2216796875 0.2265625 0.2177734375 0.2265625 0.1767578125 0.21484375 0.173828125 0.20572916718749998 0.1904296875
4 0.2877604171875 0.220703125 0.2786458328125 0.2314453125 0.2786458328125 0.2568359375 0.2877604171875 0.267578125 0.2942708328125 0.2666015625 0.2994791671875 0.2626953125 0.2994791671875 0.2275390625 0.2955729171875 0.220703125 0.2877604171875 0.220703125
4 0.3893229171875 0.185546875 0.3802083328125 0.1923828125 0.375 0.2060546875 0.375 0.2275390625 0.37890625 0.232421875 0.390625 0.2314453125 0.3984375 0.2041015625 0.3984375 0.1884765625 0.39453125 0.185546875 0.3893229171875 0.185546875
4 0.7526041671875 0.2001953125 0.7369791671875 0.2216796875 0.7369791671875 0.2333984375 0.7473958328125 0.2333984375 0.7734375 0.2041015625 0.7760416671875 0.1962890625 0.7721354171875 0.193359375 0.7526041671875 0.2001953125
4 0.5768229171875 0.2109375 0.5559895828125 0.2109375 0.5403645828125 0.212890625 0.5260416671875 0.2216796875 0.5260416671875 0.2255859375 0.5325520828125 0.228515625 0.5572916671875 0.2275390625 0.5768229171875 0.2265625 0.5872395828125 0.22265625 0.5885416671875 0.2177734375 0.5768229171875 0.2109375
4 0.52734375 0.171875 0.4986979171875 0.18359375 0.4895833328125 0.1904296875 0.4895833328125 0.2001953125 0.5052083328125 0.2001953125 0.53515625 0.1875 0.5442708328125 0.1806640625 0.5442708328125 0.1748046875 0.52734375 0.171875
4 0.7252604171875 0.314453125 0.69921875 0.322265625 0.6901041671875 0.3291015625 0.6901041671875 0.3330078125 0.6940104171875 0.3359375 0.7057291671875 0.3349609375 0.74609375 0.32421875 0.75 0.3173828125 0.74609375 0.314453125 0.7252604171875 0.314453125
4 0.75390625 0.255859375 0.75 0.2587890625 0.7526041671875 0.2958984375 0.7591145828125 0.302734375 0.765625 0.3017578125 0.7708333328125 0.2978515625 0.7682291671875 0.2646484375 0.7591145828125 0.255859375 0.75390625 0.255859375
4 0.6471354171875 0.259765625 0.6341145828125 0.259765625 0.5924479171875 0.263671875 0.5859375 0.2666015625 0.5872395828125 0.2734375 0.6028645828125 0.279296875 0.609375 0.2783203125 0.6393229171875 0.275390625 0.6510416671875 0.2685546875 0.6510416671875 0.2626953125 0.6471354171875 0.259765625
4 0.4401041671875 0.3154296875 0.4401041671875 0.3291015625 0.4479166671875 0.3291015625 0.4869791671875 0.3037109375 0.48046875 0.296875 0.4622395828125 0.30078125 0.4401041671875 0.3154296875
4 0.1744791671875 0.2998046875 0.1770833328125 0.3115234375 0.19921875 0.33203125 0.21354166718749998 0.3330078125 0.21614583281250002 0.3251953125 0.1927083328125 0.2998046875 0.1809895828125 0.294921875 0.1744791671875 0.2998046875
4 0.5638020828125 0.37890625 0.5572916671875 0.3837890625 0.5638020828125 0.392578125 0.5729166671875 0.3916015625 0.6015625 0.3798828125 0.6041666671875 0.3701171875 0.6002604171875 0.3671875 0.5638020828125 0.37890625
4 0.5494791671875 0.3291015625 0.5638020828125 0.341796875 0.5768229171875 0.34765625 0.5872395828125 0.3515625 0.6015625 0.3505859375 0.6015625 0.3447265625 0.5768229171875 0.330078125 0.55859375 0.32421875 0.5494791671875 0.3291015625
4 0.6627604171875 0.46484375 0.6419270828125 0.46484375 0.6119791671875 0.4755859375 0.61328125 0.484375 0.6302083328125 0.4833984375 0.66015625 0.4765625 0.6692708328125 0.4716796875 0.6692708328125 0.4677734375 0.6627604171875 0.46484375
4 0.62890625 0.435546875 0.5833333328125 0.4423828125 0.58984375 0.44921875 0.6002604171875 0.453125 0.6197916671875 0.4521484375 0.6393229171875 0.44921875 0.6458333328125 0.4384765625 0.6419270828125 0.435546875 0.62890625 0.435546875
4 0.73046875 0.41015625 0.71875 0.4150390625 0.6953125 0.4482421875 0.6966145828125 0.451171875 0.7109375 0.4501953125 0.71875 0.4462890625 0.7317708328125 0.4306640625 0.7369791671875 0.4150390625 0.73046875 0.41015625
4 0.42578125 0.470703125 0.4114583328125 0.4794921875 0.4127604171875 0.482421875 0.421875 0.4833984375 0.4622395828125 0.48046875 0.46875 0.4755859375 0.4544270828125 0.46875 0.42578125 0.470703125
4 0.19921875 0.439453125 0.1927083328125 0.4443359375 0.19921875 0.451171875 0.20703125 0.453125 0.22786458281250002 0.45703125 0.2526041671875 0.4560546875 0.2552083328125 0.4541015625 0.24348958281250002 0.4453125 0.23046875 0.44140625 0.19921875 0.439453125
4 0.3111979171875 0.37890625 0.2994791671875 0.3857421875 0.2994791671875 0.3896484375 0.30859375 0.39453125 0.3151041671875 0.3935546875 0.3528645828125 0.392578125 0.359375 0.3876953125 0.33984375 0.376953125 0.3111979171875 0.37890625
4 0.2838541671875 0.4150390625 0.2890625 0.4267578125 0.3033854171875 0.4375 0.3190104171875 0.4453125 0.3333333328125 0.4443359375 0.3359375 0.4384765625 0.3190104171875 0.42578125 0.2955729171875 0.4140625 0.2838541671875 0.4150390625
4 0.4505208328125 0.4052734375 0.4505208328125 0.4345703125 0.4622395828125 0.44921875 0.4713541671875 0.4482421875 0.4739583328125 0.4365234375 0.46875 0.4072265625 0.4596354171875 0.400390625 0.4505208328125 0.4052734375
4 0.3463541671875 0.5302734375 0.3411458328125 0.5458984375 0.3489583328125 0.5458984375 0.3802083328125 0.5205078125 0.3763020828125 0.51171875 0.37109375 0.51171875 0.3463541671875 0.5302734375
4 0.1927083328125 0.5869140625 0.2109375 0.6044921875 0.22005208281250002 0.609375 0.22916666718749998 0.6083984375 0.22916666718749998 0.5986328125 0.2109375 0.5810546875 0.1940104171875 0.580078125 0.1927083328125 0.5869140625
4 0.3645833328125 0.6416015625 0.3515625 0.6611328125 0.3515625 0.6728515625 0.35546875 0.677734375 0.359375 0.6767578125 0.3802083328125 0.6474609375 0.3802083328125 0.6396484375 0.3763020828125 0.63671875 0.3645833328125 0.6416015625
4 0.20703125 0.501953125 0.19921875 0.501953125 0.1927083328125 0.5087890625 0.1953125 0.5302734375 0.20703125 0.54296875 0.21354166718749998 0.5419921875 0.21614583281250002 0.5361328125 0.2109375 0.5244140625 0.2109375 0.5068359375 0.20703125 0.501953125
4 0.34765625 0.61328125 0.3216145828125 0.62109375 0.3125 0.6279296875 0.3098958328125 0.6357421875 0.3229166671875 0.6357421875 0.3606770828125 0.625 0.3645833328125 0.6162109375 0.3606770828125 0.61328125 0.34765625 0.61328125
4 0.3033854171875 0.705078125 0.3020833328125 0.7177734375 0.3151041671875 0.7431640625 0.3190104171875 0.748046875 0.328125 0.7470703125 0.3307291671875 0.7314453125 0.3255208328125 0.7197265625 0.3190104171875 0.7109375 0.3033854171875 0.705078125
4 0.23307291718749998 0.65625 0.2265625 0.6611328125 0.21875 0.6748046875 0.21614583281250002 0.6923828125 0.21875 0.6982421875 0.2265625 0.7001953125 0.23177083281250002 0.6962890625 0.2421875 0.6708984375 0.24088541718749998 0.65625 0.23307291718749998 0.65625
4 0.7096354171875 0.748046875 0.7005208328125 0.7548828125 0.7096354171875 0.76171875 0.7552083328125 0.7685546875 0.7604166671875 0.7666015625 0.7604166671875 0.7626953125 0.7486979171875 0.75390625 0.7096354171875 0.748046875
4 0.4296875 0.7666015625 0.4296875 0.7705078125 0.44140625 0.775390625 0.484375 0.7763671875 0.4895833328125 0.7685546875 0.4752604171875 0.76171875 0.4440104171875 0.759765625 0.4296875 0.7666015625
4 0.3958333328125 0.6943359375 0.3984375 0.7021484375 0.4231770828125 0.72265625 0.4375 0.7275390625 0.4375 0.7099609375 0.41015625 0.69140625 0.3997395828125 0.69140625 0.3958333328125 0.6943359375
4 0.625 0.7275390625 0.6067708328125 0.7490234375 0.6067708328125 0.7587890625 0.6106770828125 0.76171875 0.6223958328125 0.7607421875 0.6432291671875 0.7353515625 0.6458333328125 0.7236328125 0.6419270828125 0.720703125 0.625 0.7275390625
4 0.5559895828125 0.744140625 0.5247395828125 0.748046875 0.515625 0.7529296875 0.5221354171875 0.76171875 0.5416666671875 0.7626953125 0.56640625 0.759765625 0.578125 0.7490234375 0.578125 0.7451171875 0.5559895828125 0.744140625
4 0.4739583328125 0.6748046875 0.4817708328125 0.6865234375 0.50390625 0.697265625 0.5169270828125 0.701171875 0.53125 0.7001953125 0.5338541671875 0.6923828125 0.5221354171875 0.685546875 0.4856770828125 0.671875 0.4739583328125 0.6748046875
4 0.4830729171875 0.5546875 0.4700520828125 0.556640625 0.4557291671875 0.5634765625 0.46484375 0.572265625 0.484375 0.5712890625 0.5065104171875 0.56640625 0.5104166671875 0.5576171875 0.5065104171875 0.5546875 0.4830729171875 0.5546875
4 0.5924479171875 0.560546875 0.5885416671875 0.5634765625 0.59765625 0.578125 0.6184895828125 0.587890625 0.6328125 0.5888671875 0.640625 0.5830078125 0.6315104171875 0.576171875 0.6028645828125 0.5625 0.5924479171875 0.560546875
4 0.5104166671875 0.5009765625 0.5130208328125 0.5146484375 0.5260416671875 0.5419921875 0.5338541671875 0.5419921875 0.5390625 0.5302734375 0.53125 0.5068359375 0.5143229171875 0.498046875 0.5104166671875 0.5009765625
4 0.73046875 0.625 0.7200520828125 0.62890625 0.6822916671875 0.6494140625 0.68359375 0.654296875 0.7005208328125 0.6552734375 0.7200520828125 0.6484375 0.7369791671875 0.6357421875 0.7356770828125 0.626953125 0.73046875 0.625
4 0.7630208328125 0.6396484375 0.7473958328125 0.6611328125 0.7486979171875 0.669921875 0.7630208328125 0.6689453125 0.7838541671875 0.6455078125 0.7838541671875 0.6318359375 0.7799479171875 0.62890625 0.7630208328125 0.6396484375
4 0.7473958328125 0.5537109375 0.7486979171875 0.55859375 0.7682291671875 0.5576171875 0.7916666671875 0.5419921875 0.7942708328125 0.5341796875 0.7903645828125 0.53125 0.7473958328125 0.5537109375