4 0.3854166671875 0.1923828125 0.3828125 0.2001953125 0.3828125 0.2236328125 0.3893229171875 0.228515625 0.3958333328125 0.2275390625 0.40625 0.1982421875 0.40625 0.1845703125 0.40234375 0.181640625 0.3854166671875 0.1923828125
4 0.2864583328125 0.2607421875 0.2916666671875 0.2685546875 0.31640625 0.287109375 0.3294270828125 0.29296875 0.3359375 0.2919921875 0.3307291671875 0.2763671875 0.30859375 0.259765625 0.29296875 0.255859375 0.2864583328125 0.2607421875
4 0.2955729171875 0.193359375 0.28125 0.2021484375 0.2734375 0.2216796875 0.2734375 0.2353515625 0.2825520828125 0.240234375 0.2864583328125 0.2392578125 0.2916666671875 0.2353515625 0.3020833328125 0.2080078125 0.3020833328125 0.1982421875 0.2955729171875 0.193359375
4 0.2630208328125 0.3681640625 0.26953125 0.376953125 0.28125 0.3759765625 0.3125 0.3623046875 0.3138020828125 0.349609375 0.3059895828125 0.349609375 0.2630208328125 0.3681640625
4 0.1809895828125 0.291015625 0.1744791671875 0.2998046875 0.1822916671875 0.3095703125 0.20182291718749998 0.326171875 0.21354166718749998 0.3271484375 0.21614583281250002 0.3212890625 0.20572916718749998 0.3076171875 0.1861979171875 0.291015625 0.1809895828125 0.291015625
4 0.6861979171875 0.296875 0.65234375 0.298828125 0.6458333328125 0.3037109375 0.6497395828125 0.3125 0.6927083328125 0.3115234375 0.69921875 0.310546875 0.703125 0.3037109375 0.6966145828125 0.298828125 0.6861979171875 0.296875
4 0.5403645828125 0.189453125 0.5364583328125 0.1923828125 0.5364583328125 0.2001953125 0.5442708328125 0.2099609375 0.56640625 0.224609375 0.578125 0.2236328125 0.5729166671875 0.2119140625 0.5598958328125 0.1982421875 0.5481770828125 0.189453125 0.5403645828125 0.189453125
4 0.75390625 0.240234375 0.7447916671875 0.2470703125 0.7395833328125 0.2666015625 0.7421875 0.2822265625 0.74609375 0.287109375 0.7526041671875 0.2880859375 0.7578125 0.2841796875 0.7604166671875 0.2744140625 0.7604166671875 0.2470703125 0.75390625 0.240234375
4 0.68359375 0.24609375 0.6484375 0.2744140625 0.6458333328125 0.2841796875 0.6497395828125 0.287109375 0.6588541671875 0.2861328125 0.6744791671875 0.2763671875 0.6901041671875 0.2607421875 0.6888020828125 0.24609375 0.68359375 0.24609375
4 0.7591145828125 0.193359375 0.7526041671875 0.1982421875 0.7369791671875 0.2197265625 0.7369791671875 0.2294921875 0.7408854171875 0.232421875 0.7473958328125 0.2314453125 0.7578125 0.2236328125 0.7760416671875 0.1982421875 0.7747395828125 0.189453125 0.7591145828125 0.193359375
4 0.4765625 0.2841796875 0.4791666671875 0.2939453125 0.4869791671875 0.2958984375 0.5130208328125 0.2666015625 0.5065104171875 0.26171875 0.49609375 0.263671875 0.4765625 0.2841796875
4 0.4270833328125 0.3134765625 0.4296875 0.3212890625 0.4518229171875 0.3359375 0.4622395828125 0.33984375 0.4765625 0.3388671875 0.4765625 0.3330078125 0.4466145828125 0.314453125 0.4361979171875 0.310546875 0.4270833328125 0.3134765625
4 0.5130208328125 0.3271484375 0.5234375 0.3408203125 0.53125 0.3408203125 0.53125 0.3056640625 0.5221354171875 0.294921875 0.5130208328125 0.2998046875 0.5130208328125 0.3271484375
4 0.3697916671875 0.3544921875 0.3723958328125 0.3837890625 0.3841145828125 0.39453125 0.390625 0.3935546875 0.390625 0.3583984375 0.3854166671875 0.3466796875 0.3763020828125 0.345703125 0.3697916671875 0.3544921875
4 0.4140625 0.4169921875 0.4140625 0.4228515625 0.42578125 0.42578125 0.4244791671875 0.4306640625 0.4283854171875 0.43359375 0.43359375 0.431640625 0.4388020828125 0.44140625 0.4505208328125 0.4404296875 0.4322916671875 0.4208984375 0.4127604171875 0.408203125 0.4088541671875 0.4169921875 0.4140625 0.4169921875
4 0.2994791671875 0.5146484375 0.2916666671875 0.5341796875 0.2916666671875 0.5439453125 0.2955729171875 0.546875 0.3072916671875 0.5458984375 0.3151041671875 0.5322265625 0.3151041671875 0.5146484375 0.30859375 0.509765625 0.2994791671875 0.5146484375
4 0.3854166671875 0.5517578125 0.3854166671875 0.5615234375 0.3984375 0.5615234375 0.421875 0.5380859375 0.41796875 0.525390625 0.4088541671875 0.5283203125 0.3854166671875 0.5517578125
4 0.24348958281250002 0.416015625 0.23958333281250002 0.4208984375 0.23958333281250002 0.4580078125 0.24348958281250002 0.4609375 0.2526041671875 0.4599609375 0.2578125 0.4521484375 0.2578125 0.4248046875 0.24869791718749998 0.416015625 0.24348958281250002 0.416015625
4 0.3919270828125 0.490234375 0.3841145828125 0.490234375 0.3567708328125 0.5146484375 0.3541666671875 0.5263671875 0.3619791671875 0.5263671875 0.3684895828125 0.525390625 0.3932291671875 0.5048828125 0.3958333328125 0.4931640625 0.3919270828125 0.490234375
4 0.171875 0.4814453125 0.1744791671875 0.4912109375 0.18359375 0.498046875 0.19921875 0.505859375 0.2109375 0.5068359375 0.22395833281250002 0.5029296875 0.21484375 0.494140625 0.1809895828125 0.478515625 0.171875 0.4814453125
4 0.4817708328125 0.4072265625 0.4817708328125 0.4345703125 0.48828125 0.44140625 0.4947916671875 0.4423828125 0.5 0.4384765625 0.4973958328125 0.4033203125 0.4908854171875 0.3984375 0.4817708328125 0.4072265625
4 0.74609375 0.3671875 0.7447916671875 0.3818359375 0.7526041671875 0.3955078125 0.7526041671875 0.4033203125 0.7591145828125 0.412109375 0.765625 0.4111328125 0.7708333328125 0.4072265625 0.765625 0.3798828125 0.7565104171875 0.369140625 0.74609375 0.3671875
4 0.5442708328125 0.4912109375 0.5416666671875 0.5009765625 0.5455729171875 0.50390625 0.5546875 0.5029296875 0.5885416671875 0.4755859375 0.58984375 0.46875 0.5716145828125 0.470703125 0.5442708328125 0.4912109375
4 0.5989583328125 0.3564453125 0.5963541671875 0.3701171875 0.6067708328125 0.3955078125 0.6197916671875 0.3974609375 0.6197916671875 0.3740234375 0.6145833328125 0.3603515625 0.60546875 0.3515625 0.5989583328125 0.3564453125
4 0.6002604171875 0.466796875 0.5963541671875 0.4697265625 0.5963541671875 0.4755859375 0.60546875 0.48046875 0.6263020828125 0.484375 0.6458333328125 0.4833984375 0.65625 0.4794921875 0.65234375 0.47265625 0.6106770828125 0.466796875 0.6002604171875 0.466796875
4 0.70703125 0.421875 0.6731770828125 0.4375 0.6692708328125 0.4404296875 0.6666666671875 0.4541015625 0.6744791671875 0.4541015625 0.7122395828125 0.4375 0.7213541671875 0.4306640625 0.7213541671875 0.4267578125 0.70703125 0.421875
4 0.76171875 0.541015625 0.7447916671875 0.5517578125 0.7486979171875 0.556640625 0.7630208328125 0.5556640625 0.7721354171875 0.552734375 0.7942708328125 0.5361328125 0.7903645828125 0.529296875 0.76171875 0.541015625
4 0.47265625 0.56640625 0.4661458328125 0.5771484375 0.4661458328125 0.6005859375 0.4765625 0.6025390625 0.484375 0.5947265625 0.4895833328125 0.5771484375 0.4856770828125 0.564453125 0.47265625 0.56640625
4 0.6119791671875 0.6376953125 0.6145833328125 0.6455078125 0.6393229171875 0.66015625 0.6614583328125 0.6611328125 0.6640625 0.6552734375 0.6419270828125 0.642578125 0.6236979171875 0.634765625 0.6119791671875 0.6376953125
4 0.6966145828125 0.61328125 0.6927083328125 0.6162109375 0.6927083328125 0.6494140625 0.6953125 0.6572265625 0.703125 0.6611328125 0.7135416671875 0.6533203125 0.7135416671875 0.6318359375 0.7057291671875 0.6162109375 0.6966145828125 0.61328125
4 0.7799479171875 0.626953125 0.7747395828125 0.626953125 0.7630208328125 0.6357421875 0.7421875 0.6591796875 0.7421875 0.6630859375 0.7526041671875 0.6669921875 0.7591145828125 0.666015625 0.78125 0.6455078125 0.7838541671875 0.6298828125 0.7799479171875 0.626953125
4 0.5651041671875 0.5673828125 0.5716145828125 0.576171875 0.5833333328125 0.5751953125 0.5885416671875 0.5341796875 0.5794270828125 0.52734375 0.5677083328125 0.5380859375 0.5651041671875 0.5673828125
4 0.3684895828125 0.6328125 0.359375 0.6396484375 0.3489583328125 0.6552734375 0.3489583328125 0.6669921875 0.3528645828125 0.671875 0.359375 0.6708984375 0.3723958328125 0.6552734375 0.3802083328125 0.6396484375 0.37890625 0.6328125 0.3684895828125 0.6328125
4 0.4270833328125 0.7607421875 0.4270833328125 0.7666015625 0.43359375 0.76953125 0.484375 0.7705078125 0.4869791671875 0.7646484375 0.4700520828125 0.755859375 0.4361979171875 0.755859375 0.4270833328125 0.7607421875
4 0.23307291718749998 0.650390625 0.22395833281250002 0.6572265625 0.21354166718749998 0.6767578125 0.21354166718749998 0.6904296875 0.21744791718749998 0.6953125 0.22395833281250002 0.6943359375 0.2421875 0.6630859375 0.2421875 0.6533203125 0.23828125 0.650390625 0.23307291718749998 0.650390625
4 0.5065104171875 0.69140625 0.5013020828125 0.69140625 0.4895833328125 0.7001953125 0.4817708328125 0.7197265625 0.4817708328125 0.7314453125 0.4856770828125 0.736328125 0.4921875 0.7373046875 0.4973958328125 0.7353515625 0.5026041671875 0.7236328125 0.5078125 0.7060546875 0.5065104171875 0.69140625
4 0.4049479171875 0.685546875 0.3971354171875 0.6875 0.3932291671875 0.6904296875 0.3958333328125 0.6982421875 0.4231770828125 0.720703125 0.4348958328125 0.7236328125 0.4401041671875 0.7216796875 0.4375 0.7060546875 0.4153645828125 0.689453125 0.4049479171875 0.685546875
4 0.30859375 0.69921875 0.30078125 0.69921875 0.2994791671875 0.7119140625 0.3125 0.7412109375 0.31640625 0.744140625 0.3255208328125 0.7431640625 0.3307291671875 0.7373046875 0.3307291671875 0.7275390625 0.3229166671875 0.7080078125 0.30859375 0.69921875
4 0.7005208328125 0.7490234375 0.7018229171875 0.755859375 0.72265625 0.76171875 0.7578125 0.7626953125 0.7578125 0.7587890625 0.73828125 0.748046875 0.7044270828125 0.74609375 0.7005208328125 0.7490234375
4 0.62890625 0.720703125 0.6067708328125 0.7412109375 0.6041666671875 0.7529296875 0.6106770828125 0.7578125 0.6145833328125 0.7568359375 0.6380208328125 0.7333984375 0.6432291671875 0.7255859375 0.6419270828125 0.71875 0.62890625 0.720703125