4 0.21354166718749998 0.1806640625 0.21354166718749998 0.2080078125 0.22005208281250002 0.216796875 0.22916666718749998 0.2158203125 0.234375 0.1748046875 0.23046875 0.169921875 0.22265625 0.169921875 0.21354166718749998 0.1806640625
4 0.3033854171875 0.1953125 0.2864583328125 0.2021484375 0.2786458328125 0.2236328125 0.2786458328125 0.2353515625 0.28515625 0.240234375 0.2916666671875 0.2392578125 0.2994791671875 0.2314453125 0.3072916671875 0.2080078125 0.3072916671875 0.1982421875 0.3033854171875 0.1953125
4 0.40234375 0.181640625 0.3971354171875 0.181640625 0.3854166671875 0.1904296875 0.3802083328125 0.2041015625 0.3802083328125 0.2216796875 0.3841145828125 0.2265625 0.3932291671875 0.2275390625 0.3984375 0.2255859375 0.40625 0.1923828125 0.40625 0.1845703125 0.40234375 0.181640625
4 0.5416666671875 0.1923828125 0.5416666671875 0.2001953125 0.5494791671875 0.2099609375 0.56640625 0.22265625 0.5833333328125 0.2236328125 0.5807291671875 0.2138671875 0.5598958328125 0.1923828125 0.5481770828125 0.1875 0.5416666671875 0.1923828125
4 0.7578125 0.1982421875 0.7421875 0.2197265625 0.7421875 0.2275390625 0.7486979171875 0.232421875 0.7526041671875 0.2314453125 0.7786458328125 0.2021484375 0.7799479171875 0.189453125 0.7669270828125 0.19140625 0.7578125 0.1982421875
4 0.6171875 0.2353515625 0.62890625 0.244140625 0.6354166671875 0.2431640625 0.6380208328125 0.2021484375 0.62890625 0.197265625 0.6171875 0.2060546875 0.6171875 0.2353515625
4 0.7005208328125 0.1982421875 0.6822916671875 0.2314453125 0.6822916671875 0.2392578125 0.6861979171875 0.2421875 0.6927083328125 0.2412109375 0.7005208328125 0.2373046875 0.7161458328125 0.2099609375 0.7096354171875 0.1953125 0.7005208328125 0.1982421875
4 0.6705729171875 0.296875 0.6575520828125 0.298828125 0.6510416671875 0.3037109375 0.6510416671875 0.3095703125 0.6575520828125 0.3125 0.6953125 0.3115234375 0.7083333328125 0.3076171875 0.7083333328125 0.3037109375 0.6966145828125 0.296875 0.6705729171875 0.296875
4 0.76171875 0.251953125 0.7552083328125 0.2587890625 0.7578125 0.2841796875 0.7604166671875 0.2958984375 0.7643229171875 0.298828125 0.7708333328125 0.2978515625 0.7760416671875 0.2939453125 0.7760416671875 0.2685546875 0.7708333328125 0.2568359375 0.76171875 0.251953125
4 0.3111979171875 0.349609375 0.26953125 0.3671875 0.2682291671875 0.3740234375 0.28125 0.3779296875 0.30859375 0.369140625 0.3177083328125 0.3623046875 0.3203125 0.3505859375 0.3111979171875 0.349609375
4 0.1861979171875 0.291015625 0.1796875 0.2958984375 0.1796875 0.3037109375 0.20703125 0.328125 0.21875 0.3291015625 0.22395833281250002 0.3271484375 0.22135416718749998 0.3193359375 0.1953125 0.2919921875 0.1861979171875 0.291015625
4 0.3971354171875 0.291015625 0.3854166671875 0.2939453125 0.375 0.3173828125 0.3776041671875 0.3369140625 0.3815104171875 0.33984375 0.3880208328125 0.3388671875 0.3932291671875 0.3330078125 0.4010416671875 0.3056640625 0.4010416671875 0.2939453125 0.3971354171875 0.291015625
4 0.4921875 0.2705078125 0.4817708328125 0.2841796875 0.484375 0.2939453125 0.4921875 0.2958984375 0.515625 0.2705078125 0.515625 0.2646484375 0.5091145828125 0.26171875 0.4921875 0.2705078125
4 0.6106770828125 0.3515625 0.6041666671875 0.3623046875 0.6067708328125 0.3837890625 0.6158854171875 0.396484375 0.625 0.3955078125 0.6276041671875 0.3857421875 0.6197916671875 0.3701171875 0.6197916671875 0.3603515625 0.6106770828125 0.3515625
4 0.4309895828125 0.361328125 0.4244791671875 0.3662109375 0.4244791671875 0.3701171875 0.4361979171875 0.375 0.45703125 0.37890625 0.4791666671875 0.3779296875 0.4817708328125 0.3759765625 0.4700520828125 0.3671875 0.45703125 0.36328125 0.4309895828125 0.361328125
4 0.55078125 0.38671875 0.5260416671875 0.4091796875 0.5260416671875 0.4248046875 0.5338541671875 0.4248046875 0.5651041671875 0.3955078125 0.5677083328125 0.3896484375 0.5638020828125 0.38671875 0.55078125 0.38671875
4 0.7526041671875 0.5498046875 0.7565104171875 0.556640625 0.7708333328125 0.5556640625 0.796875 0.5400390625 0.7981770828125 0.529296875 0.7903645828125 0.529296875 0.7526041671875 0.5498046875
4 0.7526041671875 0.5498046875 0.75390625 0.5546875 0.7734375 0.5537109375 0.796875 0.5380859375 0.7981770828125 0.529296875 0.7903645828125 0.529296875 0.7526041671875 0.5498046875
4 0.75 0.3681640625 0.75 0.3759765625 0.7552083328125 0.3935546875 0.7604166671875 0.4072265625 0.7669270828125 0.412109375 0.7708333328125 0.4111328125 0.7760416671875 0.4072265625 0.7708333328125 0.3779296875 0.75390625 0.365234375 0.75 0.3681640625
4 0.68359375 0.435546875 0.6744791671875 0.4443359375 0.6744791671875 0.4521484375 0.6848958328125 0.4521484375 0.72265625 0.43359375 0.7265625 0.4267578125 0.71484375 0.421875 0.68359375 0.435546875
4 0.6341145828125 0.46875 0.6080729171875 0.466796875 0.6041666671875 0.4697265625 0.6041666671875 0.4736328125 0.61328125 0.48046875 0.6484375 0.4833984375 0.6575520828125 0.482421875 0.6640625 0.4775390625 0.6549479171875 0.47265625 0.6341145828125 0.46875
4 0.22526041718749998 0.603515625 0.234375 0.6025390625 0.234375 0.5947265625 0.20963541718749998 0.57421875 0.1979166671875 0.5791015625 0.22526041718749998 0.603515625
4 0.4231770828125 0.525390625 0.40625 0.5361328125 0.390625 0.5576171875 0.3971354171875 0.564453125 0.4010416671875 0.5634765625 0.4114583328125 0.5576171875 0.4270833328125 0.5400390625 0.4270833328125 0.5283203125 0.4231770828125 0.525390625
4 0.2916666671875 0.4111328125 0.2942708328125 0.4208984375 0.3059895828125 0.4296875 0.3268229171875 0.44140625 0.3385416671875 0.4404296875 0.3411458328125 0.4345703125 0.3268229171875 0.423828125 0.2955729171875 0.408203125 0.2916666671875 0.4111328125
4 0.1979166671875 0.5029296875 0.20052083281250002 0.5283203125 0.21223958281250002 0.5390625 0.22135416718749998 0.5380859375 0.22395833281250002 0.5341796875 0.21614583281250002 0.5009765625 0.20703125 0.49609375 0.1979166671875 0.5029296875
4 0.3971354171875 0.490234375 0.3893229171875 0.490234375 0.3828125 0.4951171875 0.3567708328125 0.5244140625 0.3606770828125 0.52734375 0.3723958328125 0.5263671875 0.3880208328125 0.5166015625 0.3984375 0.5048828125 0.4010416671875 0.4931640625 0.3971354171875 0.490234375
4 0.21223958281250002 0.431640625 0.20052083281250002 0.4365234375 0.20052083281250002 0.4423828125 0.21223958281250002 0.447265625 0.24348958281250002 0.455078125 0.2578125 0.4541015625 0.2604166671875 0.4521484375 0.2552083328125 0.4462890625 0.24348958281250002 0.439453125 0.21223958281250002 0.431640625
4 0.4739583328125 0.5732421875 0.4739583328125 0.6005859375 0.4778645828125 0.603515625 0.484375 0.6025390625 0.4921875 0.5927734375 0.4921875 0.5654296875 0.48828125 0.5625 0.4739583328125 0.5732421875
4 0.51171875 0.53515625 0.5078125 0.5380859375 0.5104166671875 0.5439453125 0.5221354171875 0.55078125 0.5455729171875 0.55859375 0.5546875 0.5576171875 0.5677083328125 0.5556640625 0.55859375 0.546875 0.5221354171875 0.53515625 0.51171875 0.53515625
4 0.3763020828125 0.6328125 0.3567708328125 0.6533203125 0.3567708328125 0.6708984375 0.3671875 0.6708984375 0.3854166671875 0.6435546875 0.3880208328125 0.6357421875 0.3841145828125 0.6328125 0.3763020828125 0.6328125
4 0.4348958328125 0.7626953125 0.4388020828125 0.76953125 0.4869791671875 0.7724609375 0.4947916671875 0.7666015625 0.4856770828125 0.7578125 0.4440104171875 0.755859375 0.4348958328125 0.7626953125
4 0.23828125 0.65234375 0.23177083281250002 0.6572265625 0.22135416718749998 0.6767578125 0.22135416718749998 0.6904296875 0.22526041718749998 0.6953125 0.23177083281250002 0.6943359375 0.2421875 0.6826171875 0.24739583281250002 0.6669921875 0.24609375 0.65234375 0.23828125 0.65234375
4 0.5299479171875 0.744140625 0.5208333328125 0.7490234375 0.52734375 0.7578125 0.5572916671875 0.7568359375 0.5716145828125 0.75390625 0.5807291671875 0.7412109375 0.5611979171875 0.740234375 0.5299479171875 0.744140625
4 0.30859375 0.69921875 0.3046875 0.7021484375 0.3046875 0.7099609375 0.3177083328125 0.7373046875 0.32421875 0.744140625 0.3333333328125 0.7431640625 0.3385416671875 0.7314453125 0.3307291671875 0.7119140625 0.3216145828125 0.703125 0.30859375 0.69921875
4 0.40234375 0.6875 0.3984375 0.6943359375 0.4036458328125 0.7001953125 0.43359375 0.72265625 0.4453125 0.7236328125 0.4479166671875 0.7099609375 0.4401041671875 0.7021484375 0.4231770828125 0.689453125 0.40234375 0.6875
4 0.4830729171875 0.66796875 0.4791666671875 0.6708984375 0.4817708328125 0.6787109375 0.50390625 0.69140625 0.5221354171875 0.697265625 0.5364583328125 0.6962890625 0.5390625 0.6865234375 0.5299479171875 0.681640625 0.4934895828125 0.66796875 0.4830729171875 0.66796875
4 0.6145833328125 0.7412109375 0.6119791671875 0.7529296875 0.6184895828125 0.7578125 0.625 0.7568359375 0.6510416671875 0.7255859375 0.6471354171875 0.71875 0.63671875 0.720703125 0.6145833328125 0.7412109375
4 0.62890625 0.634765625 0.6197916671875 0.6357421875 0.6223958328125 0.6455078125 0.6341145828125 0.654296875 0.6549479171875 0.662109375 0.6666666671875 0.6611328125 0.671875 0.6591796875 0.671875 0.6552734375 0.6549479171875 0.64453125 0.62890625 0.634765625
4 0.7122395828125 0.744140625 0.7083333328125 0.7470703125 0.7083333328125 0.7548828125 0.71484375 0.7578125 0.7434895828125 0.763671875 0.7630208328125 0.7626953125 0.765625 0.7587890625 0.7486979171875 0.748046875 0.73046875 0.744140625 0.7122395828125 0.744140625
4 0.7044270828125 0.61328125 0.6979166671875 0.6240234375 0.6979166671875 0.6435546875 0.703125 0.6591796875 0.7109375 0.6611328125 0.7213541671875 0.6533203125 0.7213541671875 0.6337890625 0.7135416671875 0.6162109375 0.7044270828125 0.61328125
4 0.77734375 0.626953125 0.7734375 0.6298828125 0.75 0.6591796875 0.7565104171875 0.66796875 0.7630208328125 0.6669921875 0.7786458328125 0.6572265625 0.7916666671875 0.6396484375 0.7877604171875 0.626953125 0.77734375 0.626953125