4 0.21875 0.1806640625 0.21875 0.2060546875 0.2265625 0.2158203125 0.234375 0.2177734375 0.23958333281250002 0.2060546875 0.23958333281250002 0.1748046875 0.22786458281250002 0.169921875 0.21875 0.1806640625
4 0.1940104171875 0.291015625 0.1875 0.2958984375 0.1875 0.3017578125 0.20052083281250002 0.3193359375 0.21484375 0.330078125 0.2265625 0.3291015625 0.2265625 0.3232421875 0.20833333281250002 0.2978515625 0.20182291718749998 0.291015625 0.1940104171875 0.291015625
4 0.4466145828125 0.173828125 0.4153645828125 0.177734375 0.4010416671875 0.1845703125 0.4010416671875 0.1923828125 0.4049479171875 0.1953125 0.4166666671875 0.1943359375 0.44921875 0.189453125 0.4596354171875 0.185546875 0.4609375 0.1806640625 0.4466145828125 0.173828125
4 0.296875 0.2216796875 0.2916666671875 0.2314453125 0.2916666671875 0.2568359375 0.30078125 0.263671875 0.3046875 0.2626953125 0.3125 0.2451171875 0.3125 0.2197265625 0.30859375 0.216796875 0.296875 0.2216796875
4 0.3567708328125 0.2783203125 0.3567708328125 0.2822265625 0.37109375 0.2890625 0.390625 0.2880859375 0.41015625 0.28515625 0.4166666671875 0.2744140625 0.4049479171875 0.26953125 0.3567708328125 0.2783203125
4 0.5768229171875 0.162109375 0.5651041671875 0.1708984375 0.5598958328125 0.1904296875 0.5625 0.2099609375 0.5703125 0.2119140625 0.5755208328125 0.2060546875 0.5807291671875 0.1767578125 0.5807291671875 0.1650390625 0.5768229171875 0.162109375
4 0.5325520828125 0.24609375 0.5013020828125 0.2578125 0.4869791671875 0.2666015625 0.4908854171875 0.271484375 0.5078125 0.2705078125 0.5325520828125 0.26171875 0.5416666671875 0.2548828125 0.5442708328125 0.2470703125 0.5325520828125 0.24609375
4 0.5807291671875 0.2763671875 0.58203125 0.283203125 0.6015625 0.2822265625 0.6315104171875 0.271484375 0.6380208328125 0.2607421875 0.6263020828125 0.2578125 0.5807291671875 0.2763671875
4 0.6653645828125 0.189453125 0.6549479171875 0.189453125 0.6510416671875 0.1923828125 0.6510416671875 0.1962890625 0.6627604171875 0.20703125 0.6888020828125 0.21484375 0.7005208328125 0.2138671875 0.7083333328125 0.2099609375 0.7083333328125 0.2041015625 0.7018229171875 0.19921875 0.6653645828125 0.189453125
4 0.75 0.2177734375 0.75 0.2294921875 0.7604166671875 0.2294921875 0.7890625 0.1982421875 0.78515625 0.189453125 0.7682291671875 0.1962890625 0.75 0.2177734375
4 0.76953125 0.251953125 0.7630208328125 0.2548828125 0.765625 0.2880859375 0.7682291671875 0.2978515625 0.7786458328125 0.2978515625 0.7838541671875 0.2939453125 0.7838541671875 0.2744140625 0.78125 0.2626953125 0.76953125 0.251953125
4 0.62890625 0.328125 0.5963541671875 0.3505859375 0.59375 0.3642578125 0.6041666671875 0.3642578125 0.640625 0.3388671875 0.6432291671875 0.3310546875 0.6393229171875 0.328125 0.62890625 0.328125
4 0.6432291671875 0.2978515625 0.6471354171875 0.3046875 0.703125 0.3056640625 0.7083333328125 0.3017578125 0.69140625 0.291015625 0.65234375 0.291015625 0.6432291671875 0.2978515625
4 0.73046875 0.3828125 0.7265625 0.3857421875 0.7265625 0.3896484375 0.7565104171875 0.41015625 0.76953125 0.416015625 0.7760416671875 0.4150390625 0.7734375 0.4033203125 0.7513020828125 0.38671875 0.7434895828125 0.3828125 0.73046875 0.3828125
4 0.359375 0.3447265625 0.3645833328125 0.3564453125 0.37890625 0.37109375 0.3958333328125 0.3740234375 0.3984375 0.3720703125 0.390625 0.3603515625 0.3658854171875 0.337890625 0.359375 0.3447265625
4 0.42578125 0.37109375 0.421875 0.3740234375 0.421875 0.3974609375 0.4244791671875 0.4111328125 0.4322916671875 0.4169921875 0.4401041671875 0.4072265625 0.4401041671875 0.3798828125 0.4309895828125 0.37109375 0.42578125 0.37109375
4 0.5403645828125 0.3828125 0.53125 0.3857421875 0.5104166671875 0.4072265625 0.5052083328125 0.4169921875 0.5130208328125 0.4189453125 0.5221354171875 0.416015625 0.5364583328125 0.4033203125 0.5442708328125 0.3916015625 0.5403645828125 0.3828125
4 0.6080729171875 0.392578125 0.6015625 0.3955078125 0.6015625 0.4169921875 0.6067708328125 0.4345703125 0.6106770828125 0.4375 0.6171875 0.4365234375 0.6223958328125 0.4267578125 0.6197916671875 0.4033203125 0.6171875 0.3974609375 0.6080729171875 0.392578125
4 0.7395833328125 0.4677734375 0.7421875 0.5009765625 0.74609375 0.50390625 0.7552083328125 0.5029296875 0.7604166671875 0.4931640625 0.7578125 0.4736328125 0.7434895828125 0.46484375 0.7395833328125 0.4677734375
4 0.6067708328125 0.4599609375 0.5859375 0.4833984375 0.5872395828125 0.48828125 0.5989583328125 0.4873046875 0.6223958328125 0.4677734375 0.625 0.4541015625 0.62109375 0.451171875 0.6067708328125 0.4599609375
4 0.6588541671875 0.5439453125 0.6588541671875 0.5517578125 0.6627604171875 0.5546875 0.6692708328125 0.5537109375 0.7005208328125 0.5302734375 0.7018229171875 0.521484375 0.68359375 0.5234375 0.6588541671875 0.5439453125
4 0.21484375 0.435546875 0.20572916718749998 0.4404296875 0.20572916718749998 0.4462890625 0.21223958281250002 0.44921875 0.265625 0.4501953125 0.265625 0.4462890625 0.2565104171875 0.439453125 0.24609375 0.4375 0.21484375 0.435546875
4 0.2981770828125 0.435546875 0.296875 0.4482421875 0.3020833328125 0.4677734375 0.3046875 0.4736328125 0.3125 0.4775390625 0.3203125 0.4697265625 0.3151041671875 0.4462890625 0.3033854171875 0.435546875 0.2981770828125 0.435546875
4 0.375 0.5361328125 0.3671875 0.5458984375 0.3671875 0.5537109375 0.375 0.5537109375 0.4088541671875 0.5263671875 0.4049479171875 0.521484375 0.3919270828125 0.5234375 0.375 0.5361328125
4 0.3736979171875 0.470703125 0.3697916671875 0.4794921875 0.3828125 0.5009765625 0.3919270828125 0.5078125 0.40625 0.5107421875 0.40625 0.5009765625 0.390625 0.4794921875 0.3815104171875 0.470703125 0.3736979171875 0.470703125
4 0.20572916718749998 0.5029296875 0.20833333281250002 0.5322265625 0.22395833281250002 0.5400390625 0.2265625 0.5263671875 0.22135416718749998 0.5009765625 0.20963541718749998 0.498046875 0.20572916718749998 0.5029296875
4 0.20703125 0.576171875 0.203125 0.5810546875 0.21875 0.5966796875 0.23046875 0.60546875 0.23958333281250002 0.6044921875 0.2421875 0.5986328125 0.2265625 0.5810546875 0.21744791718749998 0.576171875 0.20703125 0.576171875
4 0.3580729171875 0.609375 0.3372395828125 0.615234375 0.3255208328125 0.6220703125 0.3203125 0.6298828125 0.32421875 0.634765625 0.328125 0.6337890625 0.37109375 0.62109375 0.375 0.6123046875 0.37109375 0.609375 0.3580729171875 0.609375
4 0.5013020828125 0.56640625 0.5 0.5751953125 0.5130208328125 0.5966796875 0.51953125 0.6015625 0.5286458328125 0.6005859375 0.53125 0.5908203125 0.5234375 0.5751953125 0.5169270828125 0.568359375 0.5013020828125 0.56640625
4 0.7044270828125 0.638671875 0.6927083328125 0.6474609375 0.7018229171875 0.65234375 0.7135416671875 0.6513671875 0.7356770828125 0.642578125 0.75 0.6318359375 0.74609375 0.623046875 0.7044270828125 0.638671875
4 0.78125 0.6298828125 0.7578125 0.6630859375 0.76171875 0.66796875 0.7734375 0.6669921875 0.7838541671875 0.6591796875 0.7942708328125 0.6435546875 0.79296875 0.626953125 0.78125 0.6298828125
4 0.24348958281250002 0.65234375 0.23177083281250002 0.6650390625 0.2265625 0.6865234375 0.23697916718749998 0.6962890625 0.24479166718749998 0.6884765625 0.2526041671875 0.6669921875 0.2513020828125 0.65234375 0.24348958281250002 0.65234375
4 0.22265625 0.767578125 0.21354166718749998 0.7763671875 0.21354166718749998 0.7841796875 0.22135416718749998 0.7861328125 0.26171875 0.767578125 0.2682291671875 0.7607421875 0.24869791718749998 0.755859375 0.22265625 0.767578125
4 0.3359375 0.7255859375 0.3359375 0.7314453125 0.3450520828125 0.734375 0.3958333328125 0.7333984375 0.3958333328125 0.7275390625 0.3815104171875 0.720703125 0.3424479171875 0.720703125 0.3359375 0.7255859375
4 0.5 0.6533203125 0.5026041671875 0.6650390625 0.51171875 0.671875 0.53515625 0.68359375 0.5520833328125 0.6845703125 0.5546875 0.6767578125 0.55078125 0.673828125 0.5143229171875 0.654296875 0.5 0.6533203125
4 0.40625 0.6923828125 0.4088541671875 0.6982421875 0.4440104171875 0.724609375 0.4505208328125 0.7236328125 0.4505208328125 0.7080078125 0.4309895828125 0.693359375 0.4127604171875 0.6875 0.40625 0.6923828125
4 0.4518229171875 0.755859375 0.4401041671875 0.7607421875 0.4440104171875 0.767578125 0.4856770828125 0.775390625 0.4947916671875 0.7744140625 0.4973958328125 0.7666015625 0.4908854171875 0.76171875 0.4622395828125 0.755859375 0.4518229171875 0.755859375
4 0.6354166671875 0.7236328125 0.6223958328125 0.7451171875 0.625 0.7587890625 0.6354166671875 0.7587890625 0.6536458328125 0.7275390625 0.6536458328125 0.7197265625 0.6497395828125 0.716796875 0.6354166671875 0.7236328125
4 0.7174479171875 0.74609375 0.7135416671875 0.7490234375 0.7135416671875 0.7529296875 0.7252604171875 0.759765625 0.7565104171875 0.765625 0.7708333328125 0.7646484375 0.765625 0.7548828125 0.75390625 0.75 0.73828125 0.74609375 0.7174479171875 0.74609375
4 0.57421875 0.740234375 0.5325520828125 0.74609375 0.5286458328125 0.7490234375 0.5325520828125 0.7578125 0.5494791671875 0.7587890625 0.5768229171875 0.755859375 0.5885416671875 0.7451171875 0.5885416671875 0.7412109375 0.57421875 0.740234375