4 0.4049479171875 0.26953125 0.3971354171875 0.26953125 0.3580729171875 0.275390625 0.3515625 0.2802734375 0.3658854171875 0.2890625 0.3854166671875 0.2880859375 0.4049479171875 0.28515625 0.4114583328125 0.2802734375 0.4114583328125 0.2744140625 0.4049479171875 0.26953125
4 0.39453125 0.28515625 0.4010416671875 0.2841796875 0.4088541671875 0.2783203125 0.4075520828125 0.275390625 0.3932291671875 0.2822265625 0.39453125 0.28515625
4 0.21875 0.1708984375 0.21354166718749998 0.1826171875 0.21354166718749998 0.2060546875 0.21875 0.2138671875 0.22916666718749998 0.2177734375 0.234375 0.2119140625 0.234375 0.1728515625 0.22526041718749998 0.16796875 0.21875 0.1708984375
4 0.30078125 0.21484375 0.2942708328125 0.2177734375 0.2864583328125 0.2294921875 0.2864583328125 0.2548828125 0.29296875 0.26171875 0.2994791671875 0.2626953125 0.3072916671875 0.2548828125 0.3098958328125 0.2333984375 0.3072916671875 0.2197265625 0.30078125 0.21484375
4 0.40234375 0.150390625 0.37890625 0.150390625 0.35546875 0.158203125 0.3489583328125 0.1689453125 0.35546875 0.173828125 0.3645833328125 0.1728515625 0.4075520828125 0.162109375 0.4114583328125 0.1572265625 0.4088541671875 0.1533203125 0.40234375 0.150390625
4 0.5546875 0.1865234375 0.5546875 0.2041015625 0.5638020828125 0.212890625 0.5677083328125 0.2119140625 0.5755208328125 0.1865234375 0.57421875 0.162109375 0.5625 0.1650390625 0.5546875 0.1865234375
4 0.76953125 0.19140625 0.7552083328125 0.2041015625 0.7447916671875 0.2197265625 0.7447916671875 0.2294921875 0.7526041671875 0.2314453125 0.7786458328125 0.2060546875 0.7838541671875 0.1982421875 0.7825520828125 0.189453125 0.76953125 0.19140625
4 0.6549479171875 0.1875 0.6458333328125 0.1923828125 0.6627604171875 0.208984375 0.6927083328125 0.2158203125 0.69921875 0.21484375 0.7057291671875 0.2080078125 0.6966145828125 0.19921875 0.6549479171875 0.1875
4 0.4401041671875 0.3232421875 0.4296875 0.3447265625 0.4322916671875 0.3642578125 0.4361979171875 0.3671875 0.4427083328125 0.3662109375 0.4557291671875 0.3349609375 0.4557291671875 0.3232421875 0.4518229171875 0.3203125 0.4401041671875 0.3232421875
4 0.1940104171875 0.291015625 0.1861979171875 0.291015625 0.1796875 0.2978515625 0.1822916671875 0.3037109375 0.20963541718749998 0.328125 0.21875 0.3291015625 0.22395833281250002 0.3271484375 0.22135416718749998 0.3173828125 0.203125 0.2978515625 0.1940104171875 0.291015625
4 0.31640625 0.326171875 0.296875 0.3291015625 0.296875 0.3349609375 0.3033854171875 0.33984375 0.3450520828125 0.349609375 0.3515625 0.3486328125 0.3541666671875 0.3427734375 0.3489583328125 0.3369140625 0.3346354171875 0.330078125 0.31640625 0.326171875
4 0.56640625 0.3203125 0.5572916671875 0.3251953125 0.57421875 0.33984375 0.6002604171875 0.349609375 0.6067708328125 0.3486328125 0.6119791671875 0.3447265625 0.609375 0.3408203125 0.5924479171875 0.330078125 0.56640625 0.3203125
4 0.6744791671875 0.3681640625 0.6692708328125 0.3818359375 0.6588541671875 0.3935546875 0.65625 0.4072265625 0.6666666671875 0.4072265625 0.6770833328125 0.4013671875 0.6901041671875 0.3798828125 0.6861979171875 0.365234375 0.6744791671875 0.3681640625
4 0.76171875 0.251953125 0.7578125 0.2548828125 0.7604166671875 0.2900390625 0.7643229171875 0.298828125 0.7734375 0.2978515625 0.7786458328125 0.2919921875 0.7786458328125 0.2705078125 0.7708333328125 0.2548828125 0.76171875 0.251953125
4 0.58203125 0.357421875 0.5559895828125 0.361328125 0.53515625 0.3671875 0.5260416671875 0.3740234375 0.5325520828125 0.37890625 0.5520833328125 0.3779296875 0.58203125 0.37109375 0.5885416671875 0.3662109375 0.5885416671875 0.3603515625 0.58203125 0.357421875
4 0.75390625 0.310546875 0.7356770828125 0.310546875 0.7122395828125 0.31640625 0.6979166671875 0.3271484375 0.7018229171875 0.333984375 0.7109375 0.3330078125 0.7408854171875 0.326171875 0.7565104171875 0.3203125 0.7604166671875 0.3154296875 0.75390625 0.310546875
4 0.4401041671875 0.4560546875 0.4427083328125 0.4619140625 0.4544270828125 0.466796875 0.4869791671875 0.4697265625 0.4947916671875 0.4658203125 0.4934895828125 0.4609375 0.46484375 0.455078125 0.4401041671875 0.4560546875
4 0.20052083281250002 0.5244140625 0.21484375 0.5390625 0.22135416718749998 0.5380859375 0.21614583281250002 0.4990234375 0.20963541718749998 0.49609375 0.20052083281250002 0.5009765625 0.20052083281250002 0.5244140625
4 0.3763020828125 0.416015625 0.3359375 0.4326171875 0.3372395828125 0.4375 0.3541666671875 0.4404296875 0.3893229171875 0.427734375 0.3932291671875 0.4189453125 0.3893229171875 0.416015625 0.3763020828125 0.416015625
4 0.20963541718749998 0.43359375 0.20052083281250002 0.4384765625 0.20052083281250002 0.4443359375 0.21484375 0.44921875 0.2578125 0.4521484375 0.2630208328125 0.4482421875 0.25390625 0.44140625 0.24088541718749998 0.4375 0.20963541718749998 0.43359375
4 0.73828125 0.47265625 0.71875 0.4755859375 0.7213541671875 0.4814453125 0.7330729171875 0.48828125 0.7565104171875 0.498046875 0.7630208328125 0.4970703125 0.7682291671875 0.4931640625 0.765625 0.4873046875 0.7486979171875 0.4765625 0.73828125 0.47265625
4 0.73828125 0.41796875 0.7044270828125 0.421875 0.6927083328125 0.4267578125 0.6966145828125 0.435546875 0.7135416671875 0.4345703125 0.73828125 0.43359375 0.75390625 0.4296875 0.7552083328125 0.4267578125 0.73828125 0.41796875
4 0.6653645828125 0.4609375 0.65234375 0.4609375 0.62890625 0.466796875 0.6171875 0.4736328125 0.6171875 0.4775390625 0.6236979171875 0.482421875 0.6328125 0.4814453125 0.6575520828125 0.4765625 0.6731770828125 0.470703125 0.6770833328125 0.4658203125 0.6653645828125 0.4609375
4 0.5611979171875 0.435546875 0.5546875 0.4404296875 0.5598958328125 0.4697265625 0.56640625 0.48046875 0.5755208328125 0.4794921875 0.5807291671875 0.4716796875 0.5755208328125 0.4443359375 0.5690104171875 0.4375 0.5611979171875 0.435546875
4 0.7981770828125 0.529296875 0.7903645828125 0.529296875 0.7526041671875 0.5517578125 0.75390625 0.556640625 0.7734375 0.5556640625 0.7825520828125 0.552734375 0.7994791671875 0.5380859375 0.8020833328125001 0.5322265625 0.7981770828125 0.529296875
4 0.4388020828125 0.548828125 0.4114583328125 0.5693359375 0.4088541671875 0.5830078125 0.4166666671875 0.5830078125 0.4283854171875 0.578125 0.4505208328125 0.5595703125 0.4518229171875 0.548828125 0.4388020828125 0.548828125
4 0.49609375 0.564453125 0.4921875 0.5693359375 0.4947916671875 0.5771484375 0.5078125 0.5966796875 0.5143229171875 0.6015625 0.5234375 0.6005859375 0.5260416671875 0.5908203125 0.5182291671875 0.5732421875 0.5091145828125 0.56640625 0.49609375 0.564453125
4 0.5963541671875 0.5576171875 0.5989583328125 0.5712890625 0.60546875 0.576171875 0.62890625 0.5859375 0.6432291671875 0.5849609375 0.6484375 0.5791015625 0.6419270828125 0.57421875 0.6106770828125 0.55859375 0.5963541671875 0.5576171875
4 0.359375 0.6533203125 0.359375 0.6708984375 0.3671875 0.6708984375 0.3854166671875 0.6435546875 0.3841145828125 0.6328125 0.3697916671875 0.6376953125 0.359375 0.6533203125
4 0.20442708281250002 0.57421875 0.1979166671875 0.5791015625 0.20052083281250002 0.5830078125 0.22005208281250002 0.6015625 0.23177083281250002 0.6044921875 0.23697916718749998 0.6005859375 0.234375 0.5927734375 0.21223958281250002 0.57421875 0.20442708281250002 0.57421875
4 0.3268229171875 0.6171875 0.3151041671875 0.6279296875 0.3151041671875 0.6318359375 0.328125 0.6318359375 0.3658854171875 0.62109375 0.3697916671875 0.6123046875 0.35546875 0.609375 0.3268229171875 0.6171875
4 0.23177083281250002 0.6572265625 0.22135416718749998 0.6806640625 0.22395833281250002 0.6923828125 0.22786458281250002 0.6953125 0.234375 0.6943359375 0.24739583281250002 0.6689453125 0.24739583281250002 0.6533203125 0.24348958281250002 0.650390625 0.23177083281250002 0.6572265625
4 0.3216145828125 0.705078125 0.30859375 0.701171875 0.3046875 0.7080078125 0.3177083328125 0.7333984375 0.3268229171875 0.744140625 0.3333333328125 0.7431640625 0.3385416671875 0.7392578125 0.3385416671875 0.7294921875 0.3307291671875 0.7138671875 0.3216145828125 0.705078125
4 0.7122395828125 0.74609375 0.7083333328125 0.7490234375 0.7122395828125 0.7578125 0.7513020828125 0.765625 0.7630208328125 0.7646484375 0.765625 0.7587890625 0.7513020828125 0.75 0.7356770828125 0.74609375 0.7122395828125 0.74609375
4 0.4036458328125 0.6982421875 0.4361979171875 0.72265625 0.4453125 0.7236328125 0.4453125 0.7080078125 0.4205729171875 0.689453125 0.40234375 0.689453125 0.4036458328125 0.6982421875
4 0.4348958328125 0.7626953125 0.4388020828125 0.76953125 0.44921875 0.771484375 0.4921875 0.7724609375 0.4947916671875 0.7646484375 0.48046875 0.7578125 0.4466145828125 0.755859375 0.4348958328125 0.7626953125
4 0.6419270828125 0.716796875 0.6276041671875 0.7255859375 0.6171875 0.7412109375 0.6145833328125 0.7548828125 0.62109375 0.759765625 0.6276041671875 0.7587890625 0.6484375 0.7314453125 0.6510416671875 0.7197265625 0.6471354171875 0.716796875 0.6419270828125 0.716796875
4 0.5611979171875 0.740234375 0.5247395828125 0.74609375 0.5208333328125 0.7509765625 0.5247395828125 0.7578125 0.5520833328125 0.7587890625 0.5716145828125 0.755859375 0.5859375 0.7431640625 0.58203125 0.740234375 0.5611979171875 0.740234375
4 0.5494791671875 0.6298828125 0.5559895828125 0.63671875 0.56640625 0.640625 0.6041666671875 0.6396484375 0.6171875 0.6337890625 0.61328125 0.626953125 0.55859375 0.625 0.5494791671875 0.6298828125
4 0.73046875 0.623046875 0.6901041671875 0.6435546875 0.6940104171875 0.65234375 0.7109375 0.6513671875 0.7395833328125 0.6376953125 0.7447916671875 0.6318359375 0.7408854171875 0.623046875 0.73046875 0.623046875
4 0.7760416671875 0.6298828125 0.7526041671875 0.6591796875 0.7565104171875 0.66796875 0.765625 0.6669921875 0.7786458328125 0.6591796875 0.7916666671875 0.6416015625 0.7877604171875 0.626953125 0.7760416671875 0.6298828125