4 0.32421875 0.2578125 0.28125 0.2724609375 0.2877604171875 0.28125 0.2994791671875 0.2822265625 0.3268229171875 0.275390625 0.3359375 0.2646484375 0.3359375 0.2587890625 0.32421875 0.2578125
4 0.3033854171875 0.197265625 0.2942708328125 0.1982421875 0.2942708328125 0.2099609375 0.3033854171875 0.216796875 0.3216145828125 0.224609375 0.3333333328125 0.2255859375 0.3424479171875 0.224609375 0.3463541671875 0.2197265625 0.3138020828125 0.201171875 0.3033854171875 0.197265625
4 0.19921875 0.193359375 0.1953125 0.2099609375 0.203125 0.2314453125 0.21223958281250002 0.2421875 0.2265625 0.2412109375 0.2265625 0.2294921875 0.21614583281250002 0.2041015625 0.20703125 0.193359375 0.19921875 0.193359375
4 0.22916666718749998 0.4619140625 0.2109375 0.4951171875 0.21744791718749998 0.501953125 0.22135416718749998 0.5009765625 0.234375 0.4931640625 0.2421875 0.4775390625 0.23828125 0.458984375 0.22916666718749998 0.4619140625
4 0.21875 0.3212890625 0.21875 0.3251953125 0.23046875 0.330078125 0.26171875 0.333984375 0.2786458328125 0.3330078125 0.28125 0.3251953125 0.2643229171875 0.318359375 0.23046875 0.31640625 0.21875 0.3212890625
4 0.23177083281250002 0.3623046875 0.22786458281250002 0.359375 0.21744791718749998 0.359375 0.1901041671875 0.3876953125 0.1848958328125 0.3974609375 0.1888020828125 0.400390625 0.1979166671875 0.3994140625 0.20442708281250002 0.3984375 0.22395833281250002 0.3818359375 0.23177083281250002 0.3701171875 0.23177083281250002 0.3623046875
4 0.328125 0.5712890625 0.328125 0.5791015625 0.3372395828125 0.583984375 0.3411458328125 0.5830078125 0.3671875 0.5517578125 0.3658854171875 0.544921875 0.3502604171875 0.546875 0.328125 0.5712890625
4 0.2916666671875 0.6240234375 0.2916666671875 0.6455078125 0.3033854171875 0.654296875 0.3098958328125 0.6533203125 0.3125 0.6162109375 0.30859375 0.611328125 0.2981770828125 0.611328125 0.2916666671875 0.6240234375
4 0.1666666671875 0.5771484375 0.17578125 0.5859375 0.19140625 0.591796875 0.20963541718749998 0.59765625 0.22395833281250002 0.5966796875 0.22395833281250002 0.5888671875 0.20442708281250002 0.578125 0.1861979171875 0.572265625 0.1666666671875 0.5771484375
4 0.21484375 0.67578125 0.1796875 0.7001953125 0.18359375 0.705078125 0.1979166671875 0.7041015625 0.2265625 0.6865234375 0.234375 0.6748046875 0.23046875 0.671875 0.21484375 0.67578125
4 0.36328125 0.69140625 0.3528645828125 0.69140625 0.3125 0.7158203125 0.3138020828125 0.720703125 0.328125 0.7216796875 0.3424479171875 0.716796875 0.3645833328125 0.7021484375 0.3671875 0.6962890625 0.36328125 0.69140625
4 0.66796875 0.31640625 0.6640625 0.3193359375 0.6901041671875 0.3505859375 0.6966145828125 0.35546875 0.7057291671875 0.3544921875 0.7083333328125 0.3427734375 0.703125 0.3349609375 0.68359375 0.318359375 0.66796875 0.31640625
4 0.7252604171875 0.267578125 0.7213541671875 0.2705078125 0.7239583328125 0.2802734375 0.74609375 0.296875 0.7604166671875 0.2978515625 0.7630208328125 0.2939453125 0.7552083328125 0.2841796875 0.73046875 0.267578125 0.7252604171875 0.267578125
4 0.6341145828125 0.212890625 0.6302083328125 0.2158203125 0.6302083328125 0.2236328125 0.6484375 0.2490234375 0.6575520828125 0.255859375 0.6614583328125 0.2548828125 0.6640625 0.2392578125 0.6510416671875 0.2216796875 0.6393229171875 0.212890625 0.6341145828125 0.212890625
4 0.7825520828125 0.197265625 0.7552083328125 0.2197265625 0.75 0.2353515625 0.7578125 0.2373046875 0.7708333328125 0.2294921875 0.7942708328125 0.2060546875 0.79296875 0.197265625 0.7825520828125 0.197265625
4 0.68359375 0.162109375 0.6822916671875 0.1669921875 0.6875 0.1748046875 0.7083333328125 0.1962890625 0.7122395828125 0.19921875 0.7213541671875 0.1982421875 0.7239583328125 0.1845703125 0.7083333328125 0.1669921875 0.69140625 0.16015625 0.68359375 0.162109375
4 0.5455729171875 0.19140625 0.5416666671875 0.1943359375 0.5442708328125 0.2060546875 0.5598958328125 0.2294921875 0.56640625 0.234375 0.5729166671875 0.2333984375 0.5755208328125 0.2197265625 0.5677083328125 0.2060546875 0.5533854171875 0.19140625 0.5455729171875 0.19140625
4 0.46484375 0.25 0.4609375 0.2529296875 0.4609375 0.2900390625 0.46484375 0.294921875 0.4739583328125 0.2939453125 0.4817708328125 0.2861328125 0.4817708328125 0.2607421875 0.47265625 0.25 0.46484375 0.25
4 0.3984375 0.1982421875 0.4075520828125 0.20703125 0.4388020828125 0.216796875 0.4583333328125 0.2177734375 0.4609375 0.2080078125 0.44140625 0.197265625 0.4127604171875 0.19140625 0.3984375 0.1982421875
4 0.5091145828125 0.4453125 0.4765625 0.4560546875 0.48046875 0.462890625 0.5026041671875 0.4619140625 0.5247395828125 0.45703125 0.5364583328125 0.4482421875 0.5364583328125 0.4443359375 0.5091145828125 0.4453125
4 0.3971354171875 0.462890625 0.3854166671875 0.4697265625 0.3893229171875 0.474609375 0.3971354171875 0.4765625 0.4401041671875 0.4814453125 0.4453125 0.4775390625 0.4427083328125 0.4736328125 0.4231770828125 0.46484375 0.3971354171875 0.462890625
4 0.5325520828125 0.37890625 0.50390625 0.3828125 0.4973958328125 0.3876953125 0.50390625 0.396484375 0.5234375 0.3955078125 0.5481770828125 0.390625 0.5572916671875 0.3818359375 0.55078125 0.37890625 0.5325520828125 0.37890625
4 0.37109375 0.390625 0.3671875 0.3955078125 0.3802083328125 0.4208984375 0.3893229171875 0.427734375 0.4036458328125 0.4287109375 0.4036458328125 0.4189453125 0.390625 0.4013671875 0.37890625 0.390625 0.37109375 0.390625
4 0.3919270828125 0.345703125 0.3880208328125 0.3505859375 0.3984375 0.3642578125 0.41796875 0.380859375 0.4296875 0.3818359375 0.4322916671875 0.3759765625 0.4270833328125 0.3642578125 0.4049479171875 0.345703125 0.3919270828125 0.345703125
4 0.3138020828125 0.478515625 0.2942708328125 0.4912109375 0.2942708328125 0.4970703125 0.2981770828125 0.5 0.3046875 0.4990234375 0.33984375 0.486328125 0.3489583328125 0.4775390625 0.32421875 0.474609375 0.3138020828125 0.478515625
4 0.5950520828125 0.619140625 0.5885416671875 0.6240234375 0.5950520828125 0.630859375 0.6080729171875 0.63671875 0.6302083328125 0.6416015625 0.6354166671875 0.6376953125 0.6328125 0.6318359375 0.6106770828125 0.62109375 0.5950520828125 0.619140625
4 0.5651041671875 0.5419921875 0.5729166671875 0.5654296875 0.5794270828125 0.572265625 0.5885416671875 0.5712890625 0.5885416671875 0.5458984375 0.57421875 0.533203125 0.5690104171875 0.533203125 0.5651041671875 0.5419921875
4 0.4908854171875 0.501953125 0.4817708328125 0.5087890625 0.4739583328125 0.5322265625 0.4739583328125 0.5458984375 0.4791666671875 0.5478515625 0.4921875 0.5400390625 0.4947916671875 0.5341796875 0.4973958328125 0.5087890625 0.4908854171875 0.501953125
4 0.3932291671875 0.6552734375 0.3932291671875 0.6591796875 0.4049479171875 0.666015625 0.4453125 0.6669921875 0.453125 0.6591796875 0.4440104171875 0.654296875 0.4049479171875 0.65234375 0.3932291671875 0.6552734375
4 0.4583333328125 0.6064453125 0.4622395828125 0.611328125 0.4934895828125 0.62109375 0.515625 0.6220703125 0.515625 0.6142578125 0.48828125 0.6015625 0.47265625 0.599609375 0.4583333328125 0.6064453125
4 0.6080729171875 0.298828125 0.6041666671875 0.3017578125 0.6067708328125 0.3154296875 0.6315104171875 0.337890625 0.6380208328125 0.3369140625 0.640625 0.3310546875 0.6328125 0.3193359375 0.6171875 0.3017578125 0.6080729171875 0.298828125
4 0.6575520828125 0.4609375 0.6510416671875 0.4658203125 0.6510416671875 0.4853515625 0.6536458328125 0.4970703125 0.6575520828125 0.5 0.6640625 0.4990234375 0.671875 0.4912109375 0.671875 0.4833984375 0.6692708328125 0.4697265625 0.6575520828125 0.4609375
4 0.7200520828125 0.384765625 0.7161458328125 0.3876953125 0.71875 0.4248046875 0.72265625 0.4296875 0.7291666671875 0.4287109375 0.734375 0.4208984375 0.734375 0.3994140625 0.7265625 0.3857421875 0.7200520828125 0.384765625
4 0.6966145828125 0.5546875 0.6796875 0.5634765625 0.6861979171875 0.568359375 0.7317708328125 0.5673828125 0.7447916671875 0.5654296875 0.7447916671875 0.5595703125 0.7356770828125 0.5546875 0.6966145828125 0.5546875
4 0.7473958328125 0.5341796875 0.75390625 0.5390625 0.765625 0.5380859375 0.7682291671875 0.4951171875 0.7591145828125 0.494140625 0.7473958328125 0.5068359375 0.7473958328125 0.5341796875
4 0.703125 0.6162109375 0.703125 0.6201171875 0.7200520828125 0.62890625 0.7434895828125 0.63671875 0.7552083328125 0.6357421875 0.7526041671875 0.6279296875 0.74609375 0.623046875 0.7122395828125 0.61328125 0.703125 0.6162109375
4 0.55078125 0.720703125 0.5208333328125 0.7392578125 0.5247395828125 0.74609375 0.5338541671875 0.7470703125 0.5559895828125 0.73828125 0.5677083328125 0.7294921875 0.5690104171875 0.716796875 0.55078125 0.720703125
4 0.578125 0.6904296875 0.578125 0.6962890625 0.5950520828125 0.705078125 0.62109375 0.7109375 0.6328125 0.7099609375 0.6328125 0.7001953125 0.6158854171875 0.69140625 0.5950520828125 0.6875 0.578125 0.6904296875
4 0.4518229171875 0.720703125 0.4231770828125 0.728515625 0.4088541671875 0.7431640625 0.4127604171875 0.74609375 0.4244791671875 0.7451171875 0.46484375 0.734375 0.46875 0.7255859375 0.4622395828125 0.720703125 0.4518229171875 0.720703125