4 0.6940104171875 0.1640625 0.6901041671875 0.1689453125 0.7135416671875 0.1962890625 0.7200520828125 0.201171875 0.7291666671875 0.2001953125 0.7317708328125 0.1865234375 0.7239583328125 0.1767578125 0.7122395828125 0.166015625 0.6940104171875 0.1640625
4 0.73828125 0.2109375 0.7317708328125 0.2158203125 0.7291666671875 0.2236328125 0.7291666671875 0.2509765625 0.7356770828125 0.2578125 0.7421875 0.2568359375 0.7473958328125 0.2509765625 0.75 0.2138671875 0.74609375 0.2109375 0.73828125 0.2109375
4 0.5455729171875 0.22265625 0.5416666671875 0.2255859375 0.5416666671875 0.2353515625 0.5494791671875 0.2607421875 0.5572916671875 0.2646484375 0.5651041671875 0.2568359375 0.5651041671875 0.2470703125 0.5572916671875 0.2294921875 0.5455729171875 0.22265625
4 0.3776041671875 0.3291015625 0.3828125 0.3466796875 0.3971354171875 0.361328125 0.4088541671875 0.3603515625 0.4088541671875 0.3525390625 0.3958333328125 0.3291015625 0.3841145828125 0.3203125 0.3776041671875 0.3291015625
4 0.49609375 0.271484375 0.4869791671875 0.2783203125 0.4817708328125 0.2880859375 0.4791666671875 0.3076171875 0.4856770828125 0.31640625 0.4921875 0.3154296875 0.5078125 0.2822265625 0.5078125 0.2744140625 0.50390625 0.271484375 0.49609375 0.271484375
4 0.4127604171875 0.169921875 0.40625 0.1748046875 0.40625 0.1806640625 0.4140625 0.2041015625 0.4192708328125 0.2158203125 0.42578125 0.220703125 0.4322916671875 0.2197265625 0.4348958328125 0.1982421875 0.4296875 0.1826171875 0.4244791671875 0.1748046875 0.4127604171875 0.169921875
4 0.2955729171875 0.287109375 0.2916666671875 0.2919921875 0.2942708328125 0.3251953125 0.3033854171875 0.333984375 0.3072916671875 0.3330078125 0.3125 0.3291015625 0.3125 0.3056640625 0.3046875 0.2900390625 0.2955729171875 0.287109375
4 0.3333333328125 0.2451171875 0.3098958328125 0.2685546875 0.3098958328125 0.2763671875 0.3138020828125 0.279296875 0.3203125 0.2783203125 0.3463541671875 0.2568359375 0.3489583328125 0.2451171875 0.3424479171875 0.240234375 0.3333333328125 0.2451171875
4 0.2734375 0.1728515625 0.2604166671875 0.1904296875 0.2604166671875 0.1982421875 0.2669270828125 0.203125 0.2734375 0.2021484375 0.3020833328125 0.1689453125 0.3020833328125 0.1630859375 0.2955729171875 0.16015625 0.2734375 0.1728515625
4 0.1966145828125 0.193359375 0.1888020828125 0.193359375 0.1822916671875 0.2001953125 0.171875 0.2314453125 0.1744791671875 0.2412109375 0.1848958328125 0.2412109375 0.1953125 0.2333984375 0.203125 0.2138671875 0.203125 0.1982421875 0.1966145828125 0.193359375
4 0.7981770828125 0.326171875 0.7942708328125 0.3291015625 0.7942708328125 0.3564453125 0.7994791671875 0.3681640625 0.8098958328125001 0.3681640625 0.8151041671874999 0.3623046875 0.8151041671874999 0.3427734375 0.8098958328125001 0.3291015625 0.7981770828125 0.326171875
4 0.6223958328125 0.3349609375 0.6276041671875 0.3486328125 0.6380208328125 0.3623046875 0.6497395828125 0.37109375 0.65625 0.3701171875 0.6536458328125 0.3544921875 0.6380208328125 0.3330078125 0.62890625 0.328125 0.6223958328125 0.3349609375
4 0.74609375 0.330078125 0.7369791671875 0.3369140625 0.71875 0.3623046875 0.7200520828125 0.37109375 0.7317708328125 0.3701171875 0.7421875 0.3623046875 0.7552083328125 0.3427734375 0.75390625 0.330078125 0.74609375 0.330078125
4 0.73828125 0.38671875 0.7135416671875 0.4091796875 0.7109375 0.4208984375 0.7174479171875 0.42578125 0.7239583328125 0.4248046875 0.75 0.3974609375 0.7552083328125 0.3896484375 0.7513020828125 0.384765625 0.73828125 0.38671875
4 0.5611979171875 0.365234375 0.5572916671875 0.3681640625 0.5716145828125 0.380859375 0.5950520828125 0.38671875 0.6145833328125 0.3857421875 0.6171875 0.3798828125 0.59765625 0.37109375 0.57421875 0.365234375 0.5611979171875 0.365234375
4 0.3919270828125 0.390625 0.36328125 0.3984375 0.3541666671875 0.4072265625 0.3541666671875 0.4130859375 0.3671875 0.4130859375 0.4049479171875 0.40234375 0.4088541671875 0.3955078125 0.40234375 0.390625 0.3919270828125 0.390625
4 0.1875 0.3154296875 0.1901041671875 0.3232421875 0.20442708281250002 0.333984375 0.20833333281250002 0.3330078125 0.20833333281250002 0.2919921875 0.1966145828125 0.287109375 0.1875 0.2958984375 0.1875 0.3154296875
4 0.1848958328125 0.3740234375 0.1901041671875 0.4013671875 0.1966145828125 0.408203125 0.2109375 0.4130859375 0.20572916718749998 0.3759765625 0.19921875 0.3671875 0.19140625 0.3671875 0.1848958328125 0.3740234375
4 0.48828125 0.4765625 0.4791666671875 0.4853515625 0.4817708328125 0.5048828125 0.4908854171875 0.517578125 0.5 0.5166015625 0.5052083328125 0.5107421875 0.5026041671875 0.4951171875 0.4973958328125 0.4814453125 0.48828125 0.4765625
4 0.3046875 0.5302734375 0.2864583328125 0.5498046875 0.2903645828125 0.556640625 0.2994791671875 0.5556640625 0.328125 0.5302734375 0.328125 0.5205078125 0.32421875 0.517578125 0.3046875 0.5302734375
4 0.3658854171875 0.486328125 0.3619791671875 0.4931640625 0.3919270828125 0.517578125 0.4036458328125 0.5205078125 0.40625 0.5068359375 0.3958333328125 0.4970703125 0.37890625 0.486328125 0.3658854171875 0.486328125
4 0.61328125 0.515625 0.578125 0.5439453125 0.578125 0.5478515625 0.5846354171875 0.552734375 0.5885416671875 0.5517578125 0.59765625 0.548828125 0.6197916671875 0.5283203125 0.6184895828125 0.515625 0.61328125 0.515625
4 0.6705729171875 0.47265625 0.6640625 0.4814453125 0.66796875 0.486328125 0.6744791671875 0.4853515625 0.7096354171875 0.474609375 0.7135416671875 0.4677734375 0.69921875 0.462890625 0.6705729171875 0.47265625
4 0.6302083328125 0.6005859375 0.609375 0.6279296875 0.6106770828125 0.634765625 0.6223958328125 0.6337890625 0.6432291671875 0.6123046875 0.6432291671875 0.5986328125 0.6393229171875 0.595703125 0.6302083328125 0.6005859375
4 0.6770833328125 0.5634765625 0.6796875 0.5693359375 0.6940104171875 0.578125 0.72265625 0.591796875 0.7317708328125 0.5908203125 0.7317708328125 0.5830078125 0.72265625 0.576171875 0.69140625 0.5625 0.6770833328125 0.5634765625
4 0.76953125 0.49609375 0.7604166671875 0.5029296875 0.7552083328125 0.5166015625 0.7578125 0.5380859375 0.7643229171875 0.54296875 0.7708333328125 0.5419921875 0.7760416671875 0.5380859375 0.7786458328125 0.5087890625 0.7747395828125 0.49609375 0.76953125 0.49609375
4 0.5455729171875 0.6015625 0.5416666671875 0.6064453125 0.5442708328125 0.6220703125 0.5572916671875 0.6396484375 0.5611979171875 0.642578125 0.5703125 0.6416015625 0.5755208328125 0.6396484375 0.5703125 0.6259765625 0.5572916671875 0.6064453125 0.5455729171875 0.6015625
4 0.6497395828125 0.662109375 0.6380208328125 0.6708984375 0.6302083328125 0.6865234375 0.6302083328125 0.6962890625 0.6432291671875 0.6982421875 0.6536458328125 0.6865234375 0.6588541671875 0.6728515625 0.65625 0.6650390625 0.6497395828125 0.662109375
4 0.7278645828125 0.669921875 0.7239583328125 0.6728515625 0.73046875 0.6796875 0.7408854171875 0.68359375 0.7760416671875 0.6865234375 0.7838541671875 0.6806640625 0.7747395828125 0.673828125 0.7513020828125 0.669921875 0.7278645828125 0.669921875
4 0.5026041671875 0.7353515625 0.5026041671875 0.7412109375 0.5130208328125 0.7568359375 0.5247395828125 0.76953125 0.5390625 0.7724609375 0.5390625 0.7587890625 0.5234375 0.7392578125 0.5091145828125 0.73046875 0.5026041671875 0.7353515625
4 0.6471354171875 0.734375 0.6354166671875 0.7431640625 0.6171875 0.7744140625 0.62109375 0.779296875 0.6328125 0.7783203125 0.640625 0.7724609375 0.65625 0.7490234375 0.6536458328125 0.7392578125 0.6471354171875 0.734375
4 0.45703125 0.365234375 0.453125 0.3681640625 0.453125 0.3720703125 0.47265625 0.388671875 0.4908854171875 0.400390625 0.5 0.3994140625 0.5 0.3916015625 0.48828125 0.37890625 0.4674479171875 0.3671875 0.45703125 0.365234375
4 0.5481770828125 0.431640625 0.53125 0.4326171875 0.53125 0.4384765625 0.54296875 0.4453125 0.5611979171875 0.44921875 0.5833333328125 0.4482421875 0.5885416671875 0.4462890625 0.5885416671875 0.4423828125 0.5768229171875 0.4375 0.5481770828125 0.431640625
4 0.2421875 0.4423828125 0.24739583281250002 0.4521484375 0.2669270828125 0.466796875 0.2890625 0.4697265625 0.2890625 0.4619140625 0.27734375 0.453125 0.2513020828125 0.439453125 0.2421875 0.4423828125
4 0.1770833328125 0.5791015625 0.1888020828125 0.58984375 0.19921875 0.59375 0.22005208281250002 0.599609375 0.23177083281250002 0.5986328125 0.234375 0.5947265625 0.20963541718749998 0.580078125 0.1940104171875 0.576171875 0.1770833328125 0.5791015625
4 0.3984375 0.5478515625 0.3854166671875 0.5732421875 0.3880208328125 0.5869140625 0.3984375 0.5869140625 0.4140625 0.5556640625 0.4140625 0.5478515625 0.41015625 0.544921875 0.3984375 0.5478515625
4 0.23307291718749998 0.693359375 0.22916666718749998 0.6982421875 0.2421875 0.7177734375 0.2591145828125 0.734375 0.2682291671875 0.7333984375 0.2682291671875 0.7197265625 0.2578125 0.7060546875 0.24348958281250002 0.6953125 0.23307291718749998 0.693359375
4 0.4518229171875 0.673828125 0.4192708328125 0.6923828125 0.41796875 0.703125 0.4348958328125 0.7021484375 0.4661458328125 0.6845703125 0.46875 0.6748046875 0.46484375 0.671875 0.4518229171875 0.673828125
4 0.3424479171875 0.6953125 0.3411458328125 0.7099609375 0.3515625 0.7373046875 0.3580729171875 0.7421875 0.3645833328125 0.7412109375 0.3697916671875 0.7353515625 0.3645833328125 0.7060546875 0.3502604171875 0.6953125 0.3424479171875 0.6953125