4 0.7252604171875 0.349609375 0.7122395828125 0.3515625 0.6731770828125 0.359375 0.6666666671875 0.3642578125 0.6731770828125 0.37109375 0.6848958328125 0.3701171875 0.7174479171875 0.365234375 0.7317708328125 0.3564453125 0.7317708328125 0.3525390625 0.7252604171875 0.349609375
4 0.69140625 0.26171875 0.6783854171875 0.26171875 0.671875 0.2666015625 0.6783854171875 0.2734375 0.6940104171875 0.279296875 0.7200520828125 0.287109375 0.7291666671875 0.2861328125 0.7317708328125 0.2822265625 0.7265625 0.2744140625 0.7174479171875 0.26953125 0.69140625 0.26171875
4 0.5390625 0.2099609375 0.5559895828125 0.224609375 0.5716145828125 0.232421875 0.5885416671875 0.2333984375 0.5885416671875 0.2275390625 0.5559895828125 0.203125 0.5416666671875 0.2021484375 0.5390625 0.2099609375
4 0.41796875 0.25 0.40625 0.2548828125 0.4153645828125 0.263671875 0.4466145828125 0.2734375 0.4635416671875 0.2744140625 0.4635416671875 0.2646484375 0.44921875 0.255859375 0.4283854171875 0.25 0.41796875 0.25
4 0.5559895828125 0.2890625 0.5416666671875 0.3037109375 0.5455729171875 0.306640625 0.5598958328125 0.3056640625 0.5950520828125 0.296875 0.6015625 0.2900390625 0.5950520828125 0.28515625 0.5559895828125 0.2890625
4 0.5638020828125 0.333984375 0.5598958328125 0.3427734375 0.5755208328125 0.3623046875 0.5846354171875 0.369140625 0.5989583328125 0.3720703125 0.6015625 0.3662109375 0.5885416671875 0.3486328125 0.5716145828125 0.333984375 0.5638020828125 0.333984375
4 0.4778645828125 0.306640625 0.4661458328125 0.3095703125 0.4427083328125 0.3349609375 0.4401041671875 0.3427734375 0.4479166671875 0.3447265625 0.4596354171875 0.341796875 0.4791666671875 0.3232421875 0.4817708328125 0.3095703125 0.4778645828125 0.306640625
4 0.3138020828125 0.236328125 0.2864583328125 0.2568359375 0.2903645828125 0.265625 0.3020833328125 0.2646484375 0.3307291671875 0.2470703125 0.3333333328125 0.2333984375 0.3294270828125 0.23046875 0.3138020828125 0.236328125
4 0.1770833328125 0.3154296875 0.1770833328125 0.3232421875 0.20442708281250002 0.34765625 0.21875 0.3486328125 0.21875 0.3388671875 0.203125 0.3232421875 0.18359375 0.310546875 0.1770833328125 0.3154296875
4 0.28125 0.3115234375 0.2734375 0.3271484375 0.2708333328125 0.3427734375 0.27734375 0.34765625 0.2838541671875 0.3466796875 0.2994791671875 0.3193359375 0.30078125 0.302734375 0.2903645828125 0.3046875 0.28125 0.3115234375
4 0.3294270828125 0.357421875 0.3229166671875 0.3623046875 0.3229166671875 0.3662109375 0.33203125 0.37109375 0.3658854171875 0.376953125 0.3776041671875 0.3759765625 0.3802083328125 0.3701171875 0.37109375 0.36328125 0.33984375 0.357421875 0.3294270828125 0.357421875
4 0.21875 0.4365234375 0.22526041718749998 0.443359375 0.2669270828125 0.453125 0.2760416671875 0.4521484375 0.2760416671875 0.4443359375 0.2591145828125 0.435546875 0.23046875 0.431640625 0.21875 0.4365234375
4 0.1796875 0.5068359375 0.1796875 0.5126953125 0.1966145828125 0.525390625 0.21223958281250002 0.53125 0.22395833281250002 0.5302734375 0.234375 0.5263671875 0.23046875 0.521484375 0.1888020828125 0.50390625 0.1796875 0.5068359375
4 0.20052083281250002 0.6494140625 0.20572916718749998 0.6552734375 0.23567708281250002 0.677734375 0.24479166718749998 0.6767578125 0.24479166718749998 0.6630859375 0.22005208281250002 0.64453125 0.20182291718749998 0.642578125 0.20052083281250002 0.6494140625
4 0.3046875 0.6142578125 0.3098958328125 0.6318359375 0.3138020828125 0.63671875 0.3255208328125 0.6357421875 0.3203125 0.6044921875 0.31640625 0.6015625 0.3059895828125 0.6015625 0.3046875 0.6142578125
4 0.3606770828125 0.51953125 0.33984375 0.51953125 0.3359375 0.5224609375 0.3359375 0.5283203125 0.3424479171875 0.533203125 0.36328125 0.537109375 0.3802083328125 0.5361328125 0.390625 0.5302734375 0.390625 0.5263671875 0.3841145828125 0.5234375 0.3606770828125 0.51953125
4 0.33984375 0.462890625 0.3177083328125 0.4794921875 0.3125 0.4853515625 0.3125 0.4931640625 0.31640625 0.49609375 0.3229166671875 0.4951171875 0.3567708328125 0.4716796875 0.3645833328125 0.4619140625 0.3606770828125 0.45703125 0.33984375 0.462890625
4 0.4479166671875 0.5048828125 0.4544270828125 0.509765625 0.5078125 0.5087890625 0.5104166671875 0.5048828125 0.49609375 0.49609375 0.4596354171875 0.49609375 0.4479166671875 0.5048828125
4 0.3125 0.4013671875 0.34765625 0.427734375 0.3619791671875 0.4287109375 0.3567708328125 0.4130859375 0.3372395828125 0.400390625 0.3190104171875 0.396484375 0.3125 0.4013671875
4 0.4908854171875 0.37109375 0.47265625 0.373046875 0.4440104171875 0.37890625 0.4348958328125 0.3837890625 0.4388020828125 0.388671875 0.453125 0.3896484375 0.4856770828125 0.384765625 0.4973958328125 0.3779296875 0.4973958328125 0.3740234375 0.4908854171875 0.37109375
4 0.5143229171875 0.404296875 0.484375 0.4306640625 0.484375 0.4423828125 0.4947916671875 0.4423828125 0.5260416671875 0.4150390625 0.53125 0.4072265625 0.52734375 0.40234375 0.5143229171875 0.404296875
4 0.3359375 0.7255859375 0.3763020828125 0.75390625 0.3828125 0.7529296875 0.3828125 0.7373046875 0.35546875 0.71875 0.33984375 0.716796875 0.3359375 0.7255859375
4 0.30859375 0.775390625 0.30078125 0.77734375 0.26953125 0.7890625 0.2552083328125 0.7978515625 0.2565104171875 0.802734375 0.28125 0.8017578125 0.3059895828125 0.79296875 0.3151041671875 0.7841796875 0.3151041671875 0.7783203125 0.30859375 0.775390625
4 0.3919270828125 0.61328125 0.3880208328125 0.6162109375 0.3880208328125 0.6396484375 0.390625 0.6533203125 0.3984375 0.6572265625 0.4088541671875 0.6494140625 0.4088541671875 0.6240234375 0.3971354171875 0.61328125 0.3919270828125 0.61328125
4 0.4453125 0.5673828125 0.4505208328125 0.5869140625 0.4609375 0.6025390625 0.4700520828125 0.607421875 0.4765625 0.6064453125 0.4739583328125 0.5888671875 0.4635416671875 0.5693359375 0.4518229171875 0.560546875 0.4453125 0.5673828125
4 0.5143229171875 0.646484375 0.4908854171875 0.6484375 0.4817708328125 0.6533203125 0.4817708328125 0.6591796875 0.48828125 0.662109375 0.5104166671875 0.6630859375 0.5325520828125 0.66015625 0.5442708328125 0.6494140625 0.5403645828125 0.646484375 0.5143229171875 0.646484375
4 0.5638020828125 0.578125 0.5455729171875 0.578125 0.5143229171875 0.58203125 0.5052083328125 0.5869140625 0.5065104171875 0.591796875 0.5221354171875 0.59765625 0.53125 0.5966796875 0.5611979171875 0.591796875 0.5677083328125 0.5869140625 0.5677083328125 0.5810546875 0.5638020828125 0.578125
4 0.47265625 0.69140625 0.4557291671875 0.6943359375 0.4596354171875 0.703125 0.4830729171875 0.712890625 0.5078125 0.7177734375 0.5130208328125 0.7158203125 0.5130208328125 0.7119140625 0.5013020828125 0.701171875 0.47265625 0.69140625
4 0.4596354171875 0.783203125 0.4505208328125 0.7900390625 0.4518229171875 0.794921875 0.4700520828125 0.798828125 0.5078125 0.7978515625 0.5130208328125 0.7939453125 0.5130208328125 0.7880859375 0.4908854171875 0.78125 0.4596354171875 0.783203125
4 0.5911458328125 0.7880859375 0.5807291671875 0.8095703125 0.5807291671875 0.8193359375 0.5885416671875 0.8212890625 0.6015625 0.8056640625 0.609375 0.7880859375 0.60546875 0.779296875 0.5911458328125 0.7880859375
4 0.7434895828125 0.765625 0.7330729171875 0.765625 0.6901041671875 0.7763671875 0.69140625 0.78515625 0.7109375 0.7861328125 0.7356770828125 0.78125 0.7447916671875 0.7763671875 0.7473958328125 0.7685546875 0.7434895828125 0.765625
4 0.640625 0.6220703125 0.640625 0.6318359375 0.6458333328125 0.6376953125 0.6627604171875 0.650390625 0.6848958328125 0.6533203125 0.6848958328125 0.6455078125 0.6497395828125 0.619140625 0.64453125 0.619140625 0.640625 0.6220703125
4 0.6588541671875 0.6962890625 0.6614583328125 0.7021484375 0.6731770828125 0.70703125 0.7109375 0.7060546875 0.7265625 0.6962890625 0.7200520828125 0.69140625 0.6627604171875 0.69140625 0.6588541671875 0.6962890625
4 0.5924479171875 0.50390625 0.5911458328125 0.5107421875 0.5989583328125 0.5185546875 0.62109375 0.53515625 0.625 0.5341796875 0.6302083328125 0.5263671875 0.6223958328125 0.5146484375 0.6080729171875 0.50390625 0.5924479171875 0.50390625
4 0.5520833328125 0.4736328125 0.5520833328125 0.4873046875 0.5598958328125 0.4873046875 0.5963541671875 0.4599609375 0.58984375 0.451171875 0.5794270828125 0.453125 0.5520833328125 0.4736328125
4 0.6744791671875 0.4306640625 0.6796875 0.4423828125 0.6861979171875 0.447265625 0.6901041671875 0.4462890625 0.6901041671875 0.4033203125 0.6809895828125 0.400390625 0.6744791671875 0.4072265625 0.6744791671875 0.4306640625
4 0.7825520828125 0.4375 0.7734375 0.4482421875 0.7760416671875 0.4677734375 0.78125 0.4794921875 0.7877604171875 0.484375 0.796875 0.4833984375 0.7994791671875 0.4755859375 0.7942708328125 0.4521484375 0.7890625 0.4404296875 0.7825520828125 0.4375
4 0.7799479171875 0.564453125 0.7760416671875 0.5673828125 0.78125 0.5751953125 0.79296875 0.580078125 0.8229166671874999 0.5810546875 0.8359375 0.5751953125 0.8294270828125001 0.5703125 0.79296875 0.564453125 0.7799479171875 0.564453125
4 0.69921875 0.51953125 0.6627604171875 0.53125 0.6536458328125 0.5439453125 0.6640625 0.5458984375 0.70703125 0.533203125 0.7135416671875 0.5244140625 0.70703125 0.51953125 0.69921875 0.51953125
4 0.765625 0.6494140625 0.7721354171875 0.654296875 0.7981770828125 0.6640625 0.8177083328125001 0.6630859375 0.8190104171874999 0.654296875 0.7799479171875 0.638671875 0.7630208328125 0.6376953125 0.765625 0.6494140625