4 0.69921875 0.166015625 0.68359375 0.166015625 0.6822916671875 0.1728515625 0.6901041671875 0.1826171875 0.7122395828125 0.203125 0.71875 0.2021484375 0.7239583328125 0.2001953125 0.7239583328125 0.1904296875 0.7135416671875 0.1767578125 0.69921875 0.166015625
4 0.6484375 0.2509765625 0.6354166671875 0.2783203125 0.640625 0.2880859375 0.6484375 0.2880859375 0.6666666671875 0.2529296875 0.6627604171875 0.244140625 0.6575520828125 0.244140625 0.6484375 0.2509765625
4 0.5221354171875 0.23828125 0.5182291671875 0.2431640625 0.5182291671875 0.2470703125 0.5247395828125 0.25 0.55078125 0.25390625 0.5729166671875 0.2529296875 0.5755208328125 0.2490234375 0.55859375 0.23828125 0.5299479171875 0.236328125 0.5221354171875 0.23828125
4 0.2877604171875 0.291015625 0.2838541671875 0.2939453125 0.2864583328125 0.3271484375 0.2890625 0.3330078125 0.2955729171875 0.337890625 0.2994791671875 0.3369140625 0.3046875 0.3310546875 0.3046875 0.3115234375 0.296875 0.2939453125 0.2877604171875 0.291015625
4 0.3138020828125 0.234375 0.29296875 0.2421875 0.2838541671875 0.2509765625 0.2838541671875 0.2568359375 0.2877604171875 0.259765625 0.296875 0.2587890625 0.3294270828125 0.24609375 0.3359375 0.2373046875 0.3294270828125 0.234375 0.3138020828125 0.234375
4 0.3229166671875 0.1884765625 0.3229166671875 0.2001953125 0.3385416671875 0.2197265625 0.3502604171875 0.224609375 0.3619791671875 0.2236328125 0.3567708328125 0.2099609375 0.3359375 0.1865234375 0.3268229171875 0.185546875 0.3229166671875 0.1884765625
4 0.1861979171875 0.197265625 0.1744791671875 0.2021484375 0.1640625 0.2314453125 0.1640625 0.2431640625 0.171875 0.2470703125 0.1848958328125 0.2392578125 0.1927083328125 0.2197265625 0.1953125 0.2041015625 0.1861979171875 0.197265625
4 0.2747395828125 0.16796875 0.265625 0.1748046875 0.2526041671875 0.1923828125 0.2526041671875 0.2041015625 0.2565104171875 0.20703125 0.265625 0.2060546875 0.2916666671875 0.1748046875 0.2916666671875 0.1669921875 0.2877604171875 0.1640625 0.2747395828125 0.16796875
4 0.3958333328125 0.1728515625 0.3984375 0.1826171875 0.4205729171875 0.197265625 0.44140625 0.20703125 0.4479166671875 0.2060546875 0.4479166671875 0.1923828125 0.4388020828125 0.185546875 0.4127604171875 0.171875 0.3958333328125 0.1728515625
4 0.1796875 0.2998046875 0.1796875 0.3193359375 0.1822916671875 0.3271484375 0.1979166671875 0.3369140625 0.203125 0.3330078125 0.20052083281250002 0.2958984375 0.1888020828125 0.291015625 0.1796875 0.2998046875
4 0.23177083281250002 0.4326171875 0.23177083281250002 0.4365234375 0.25390625 0.44921875 0.2669270828125 0.453125 0.28125 0.4521484375 0.2890625 0.4501953125 0.2825520828125 0.44140625 0.24348958281250002 0.4296875 0.23177083281250002 0.4326171875
4 0.18359375 0.37109375 0.1770833328125 0.3759765625 0.1796875 0.3974609375 0.1848958328125 0.4091796875 0.203125 0.4169921875 0.20572916718749998 0.4072265625 0.1979166671875 0.3779296875 0.19140625 0.37109375 0.18359375 0.37109375
4 0.171875 0.5830078125 0.171875 0.5869140625 0.19140625 0.59765625 0.21223958281250002 0.603515625 0.2265625 0.6025390625 0.2265625 0.5966796875 0.20703125 0.5859375 0.1888020828125 0.580078125 0.171875 0.5830078125
4 0.6888020828125 0.46484375 0.66796875 0.47265625 0.6588541671875 0.4794921875 0.6588541671875 0.4853515625 0.6627604171875 0.48828125 0.6692708328125 0.4873046875 0.69921875 0.478515625 0.7083333328125 0.4716796875 0.6966145828125 0.46484375 0.6888020828125 0.46484375
4 0.6692708328125 0.5673828125 0.69921875 0.5859375 0.7122395828125 0.591796875 0.7239583328125 0.5927734375 0.7265625 0.5849609375 0.7018229171875 0.5703125 0.6809895828125 0.5625 0.6692708328125 0.5673828125
4 0.76171875 0.498046875 0.75 0.5107421875 0.75 0.5361328125 0.7591145828125 0.544921875 0.7630208328125 0.5439453125 0.7708333328125 0.5361328125 0.7708333328125 0.5009765625 0.7669270828125 0.498046875 0.76171875 0.498046875
4 0.69921875 0.6640625 0.6979166671875 0.6787109375 0.7057291671875 0.6943359375 0.7122395828125 0.69921875 0.7213541671875 0.6982421875 0.7239583328125 0.6865234375 0.7161458328125 0.6689453125 0.7096354171875 0.6640625 0.69921875 0.6640625
4 0.6458333328125 0.6455078125 0.6354166671875 0.6650390625 0.6354166671875 0.6787109375 0.6458333328125 0.6806640625 0.6640625 0.6533203125 0.6666666671875 0.6435546875 0.6627604171875 0.640625 0.6458333328125 0.6455078125
4 0.65625 0.7216796875 0.65625 0.7607421875 0.66015625 0.765625 0.671875 0.7646484375 0.6770833328125 0.7568359375 0.6770833328125 0.7294921875 0.6627604171875 0.716796875 0.65625 0.7216796875
4 0.7630208328125 0.7548828125 0.7447916671875 0.7783203125 0.7447916671875 0.7861328125 0.7486979171875 0.7890625 0.7552083328125 0.7880859375 0.7838541671875 0.7587890625 0.7799479171875 0.75 0.7721354171875 0.75 0.7630208328125 0.7548828125
4 0.7903645828125 0.326171875 0.7864583328125 0.3310546875 0.7890625 0.3623046875 0.7916666671875 0.3681640625 0.7994791671875 0.3701171875 0.8072916671874999 0.3623046875 0.8072916671874999 0.3486328125 0.8020833328125001 0.3310546875 0.7903645828125 0.326171875
4 0.7434895828125 0.330078125 0.7317708328125 0.3369140625 0.7109375 0.3642578125 0.7109375 0.3701171875 0.71484375 0.373046875 0.7213541671875 0.3720703125 0.7291666671875 0.3681640625 0.7473958328125 0.3447265625 0.7473958328125 0.3330078125 0.7434895828125 0.330078125
4 0.7278645828125 0.390625 0.7083333328125 0.4091796875 0.703125 0.4189453125 0.70703125 0.42578125 0.7161458328125 0.4267578125 0.7421875 0.3994140625 0.7473958328125 0.3896484375 0.7434895828125 0.38671875 0.7278645828125 0.390625
4 0.6028645828125 0.310546875 0.59765625 0.310546875 0.5885416671875 0.3173828125 0.5833333328125 0.3310546875 0.5833333328125 0.3486328125 0.5924479171875 0.357421875 0.5963541671875 0.3564453125 0.6015625 0.3505859375 0.6067708328125 0.3271484375 0.6067708328125 0.3134765625 0.6028645828125 0.310546875
4 0.4466145828125 0.326171875 0.4322916671875 0.3330078125 0.4388020828125 0.341796875 0.4895833328125 0.3427734375 0.4947916671875 0.3388671875 0.4921875 0.3310546875 0.4778645828125 0.326171875 0.4466145828125 0.326171875
4 0.296875 0.5224609375 0.2786458328125 0.5517578125 0.2786458328125 0.5595703125 0.2864583328125 0.5615234375 0.3020833328125 0.5517578125 0.3125 0.5341796875 0.3059895828125 0.51953125 0.296875 0.5224609375
4 0.3645833328125 0.4892578125 0.3619791671875 0.5166015625 0.3684895828125 0.525390625 0.3776041671875 0.5244140625 0.3828125 0.4892578125 0.3802083328125 0.4833984375 0.3736979171875 0.482421875 0.3645833328125 0.4892578125
4 0.3828125 0.4267578125 0.3854166671875 0.4326171875 0.3971354171875 0.439453125 0.4153645828125 0.443359375 0.4375 0.4423828125 0.4401041671875 0.4345703125 0.4309895828125 0.4296875 0.39453125 0.423828125 0.3828125 0.4267578125
4 0.51171875 0.482421875 0.5078125 0.4853515625 0.5078125 0.4931640625 0.5130208328125 0.5146484375 0.5182291671875 0.5244140625 0.5221354171875 0.52734375 0.5286458328125 0.5263671875 0.5338541671875 0.5205078125 0.5286458328125 0.4931640625 0.5221354171875 0.486328125 0.51171875 0.482421875
4 0.30078125 0.630859375 0.2955729171875 0.630859375 0.2890625 0.6376953125 0.2838541671875 0.6572265625 0.2838541671875 0.6748046875 0.2877604171875 0.677734375 0.296875 0.6767578125 0.3020833328125 0.6728515625 0.3098958328125 0.6474609375 0.3098958328125 0.6416015625 0.30078125 0.630859375
4 0.2265625 0.7060546875 0.24479166718749998 0.7314453125 0.25390625 0.73828125 0.2630208328125 0.7373046875 0.2630208328125 0.7216796875 0.23567708281250002 0.697265625 0.22786458281250002 0.697265625 0.2265625 0.7060546875
4 0.4205729171875 0.67578125 0.4140625 0.6787109375 0.4192708328125 0.7001953125 0.4296875 0.7177734375 0.43359375 0.720703125 0.4401041671875 0.7197265625 0.4453125 0.7041015625 0.4348958328125 0.6845703125 0.4283854171875 0.677734375 0.4205729171875 0.67578125
4 0.35546875 0.720703125 0.3424479171875 0.720703125 0.3385416671875 0.7236328125 0.3411458328125 0.7314453125 0.3502604171875 0.73828125 0.3736979171875 0.75390625 0.3854166671875 0.7548828125 0.390625 0.7470703125 0.3854166671875 0.7392578125 0.3658854171875 0.724609375 0.35546875 0.720703125
4 0.5169270828125 0.564453125 0.4908854171875 0.568359375 0.4765625 0.5751953125 0.4765625 0.5830078125 0.4869791671875 0.5849609375 0.5169270828125 0.580078125 0.5286458328125 0.5732421875 0.5286458328125 0.5693359375 0.5169270828125 0.564453125
4 0.5130208328125 0.6240234375 0.515625 0.6337890625 0.54296875 0.654296875 0.5598958328125 0.6533203125 0.5625 0.6455078125 0.5325520828125 0.625 0.5247395828125 0.62109375 0.5130208328125 0.6240234375
4 0.50390625 0.734375 0.5 0.7431640625 0.5078125 0.7568359375 0.5221354171875 0.771484375 0.5364583328125 0.7744140625 0.5390625 0.7705078125 0.5260416671875 0.7509765625 0.515625 0.7392578125 0.50390625 0.734375
4 0.3463541671875 0.5888671875 0.3463541671875 0.5966796875 0.35546875 0.6015625 0.3815104171875 0.609375 0.3880208328125 0.6083984375 0.4010416671875 0.6025390625 0.3997395828125 0.59765625 0.35546875 0.5859375 0.3463541671875 0.5888671875
4 0.734375 0.2177734375 0.7213541671875 0.2373046875 0.7213541671875 0.2568359375 0.7291666671875 0.2568359375 0.7526041671875 0.2216796875 0.7486979171875 0.212890625 0.7408854171875 0.212890625 0.734375 0.2177734375
4 0.5911458328125 0.3876953125 0.5911458328125 0.4111328125 0.5989583328125 0.4248046875 0.6028645828125 0.427734375 0.6119791671875 0.4267578125 0.609375 0.3974609375 0.6067708328125 0.3876953125 0.6002604171875 0.3828125 0.5911458328125 0.3876953125