4 0.21484375 0.16796875 0.20833333281250002 0.1806640625 0.20833333281250002 0.2021484375 0.22395833281250002 0.2158203125 0.22916666718749998 0.2099609375 0.22916666718749998 0.1728515625 0.22526041718749998 0.16796875 0.21484375 0.16796875
4 0.1809895828125 0.2890625 0.1770833328125 0.2998046875 0.1927083328125 0.3212890625 0.20442708281250002 0.328125 0.21354166718749998 0.3271484375 0.21614583281250002 0.3232421875 0.1953125 0.2919921875 0.1888020828125 0.287109375 0.1809895828125 0.2890625
4 0.2981770828125 0.21484375 0.29296875 0.21484375 0.28125 0.2275390625 0.28125 0.2548828125 0.2916666671875 0.2607421875 0.2994791671875 0.2548828125 0.3020833328125 0.2431640625 0.3020833328125 0.2177734375 0.2981770828125 0.21484375
4 0.3046875 0.2998046875 0.3151041671875 0.3154296875 0.3216145828125 0.3203125 0.328125 0.3193359375 0.3203125 0.2900390625 0.30859375 0.279296875 0.3020833328125 0.2880859375 0.3046875 0.2998046875
4 0.42578125 0.171875 0.39453125 0.1796875 0.390625 0.1904296875 0.39453125 0.193359375 0.4088541671875 0.1923828125 0.4466145828125 0.185546875 0.4505208328125 0.1787109375 0.4361979171875 0.171875 0.42578125 0.171875
4 0.4440104171875 0.24609375 0.43359375 0.24609375 0.390625 0.2587890625 0.39453125 0.265625 0.4114583328125 0.2685546875 0.4440104171875 0.259765625 0.4479166671875 0.2568359375 0.4479166671875 0.2490234375 0.4440104171875 0.24609375
4 0.56640625 0.16015625 0.5572916671875 0.1650390625 0.5494791671875 0.1884765625 0.5494791671875 0.2041015625 0.5559895828125 0.2109375 0.5598958328125 0.2099609375 0.5651041671875 0.2041015625 0.5703125 0.1787109375 0.5703125 0.1630859375 0.56640625 0.16015625
4 0.5442708328125 0.2861328125 0.546875 0.3232421875 0.55078125 0.328125 0.5598958328125 0.3271484375 0.5651041671875 0.3212890625 0.5625 0.2900390625 0.5481770828125 0.28125 0.5442708328125 0.2861328125
4 0.671875 0.1533203125 0.6770833328125 0.1630859375 0.7096354171875 0.189453125 0.7135416671875 0.1884765625 0.7135416671875 0.1728515625 0.6888020828125 0.150390625 0.6783854171875 0.1484375 0.671875 0.1533203125
4 0.7317708328125 0.1982421875 0.7486979171875 0.2109375 0.78125 0.2119140625 0.7942708328125 0.2060546875 0.7903645828125 0.197265625 0.7408854171875 0.193359375 0.7317708328125 0.1982421875
4 0.74609375 0.255859375 0.7421875 0.2607421875 0.7473958328125 0.2705078125 0.7682291671875 0.2958984375 0.7786458328125 0.2958984375 0.78125 0.2841796875 0.765625 0.2626953125 0.75390625 0.255859375 0.74609375 0.255859375
4 0.6393229171875 0.291015625 0.6328125 0.2958984375 0.6393229171875 0.3046875 0.6953125 0.3037109375 0.6979166671875 0.2998046875 0.67578125 0.2890625 0.6497395828125 0.2890625 0.6393229171875 0.291015625
4 0.6549479171875 0.330078125 0.6536458328125 0.3388671875 0.6614583328125 0.3486328125 0.6888020828125 0.37109375 0.6953125 0.3701171875 0.6979166671875 0.3603515625 0.6796875 0.3388671875 0.66796875 0.33203125 0.6549479171875 0.330078125
4 0.7161458328125 0.3837890625 0.7161458328125 0.3896484375 0.72265625 0.39453125 0.74609375 0.41015625 0.7591145828125 0.416015625 0.7630208328125 0.4150390625 0.7630208328125 0.4033203125 0.7408854171875 0.38671875 0.7278645828125 0.380859375 0.7161458328125 0.3837890625
4 0.3294270828125 0.337890625 0.2916666671875 0.3427734375 0.2916666671875 0.3486328125 0.30078125 0.35546875 0.3255208328125 0.3544921875 0.3424479171875 0.3515625 0.3541666671875 0.3408203125 0.3502604171875 0.337890625 0.3294270828125 0.337890625
4 0.2942708328125 0.3974609375 0.2942708328125 0.4013671875 0.3033854171875 0.408203125 0.34375 0.4091796875 0.3567708328125 0.4013671875 0.34765625 0.39453125 0.2981770828125 0.39453125 0.2942708328125 0.3974609375
4 0.1927083328125 0.4384765625 0.1927083328125 0.4423828125 0.20442708281250002 0.447265625 0.2526041671875 0.4482421875 0.2552083328125 0.4443359375 0.23828125 0.435546875 0.20182291718749998 0.43359375 0.1927083328125 0.4384765625
4 0.40625 0.3759765625 0.4114583328125 0.3994140625 0.4166666671875 0.4111328125 0.4205729171875 0.4140625 0.4270833328125 0.4130859375 0.4270833328125 0.3818359375 0.4244791671875 0.3759765625 0.4127604171875 0.369140625 0.40625 0.3759765625
4 0.4479166671875 0.4130859375 0.4518229171875 0.421875 0.5026041671875 0.4228515625 0.5052083328125 0.4208984375 0.4908854171875 0.41015625 0.45703125 0.408203125 0.4479166671875 0.4130859375
4 0.6041666671875 0.4580078125 0.5989583328125 0.4736328125 0.609375 0.4736328125 0.6458333328125 0.4501953125 0.6419270828125 0.443359375 0.62890625 0.443359375 0.6041666671875 0.4580078125
4 0.7356770828125 0.46484375 0.73046875 0.46484375 0.7265625 0.4677734375 0.7291666671875 0.4931640625 0.7317708328125 0.5009765625 0.7395833328125 0.5029296875 0.7473958328125 0.4970703125 0.7473958328125 0.4794921875 0.7447916671875 0.4716796875 0.7356770828125 0.46484375
4 0.1927083328125 0.5009765625 0.1927083328125 0.5224609375 0.20703125 0.537109375 0.21354166718749998 0.5361328125 0.2109375 0.5029296875 0.20833333281250002 0.4970703125 0.20182291718749998 0.494140625 0.1927083328125 0.5009765625
4 0.1940104171875 0.57421875 0.1901041671875 0.5791015625 0.1979166671875 0.5869140625 0.21484375 0.6015625 0.22395833281250002 0.6025390625 0.22916666718749998 0.6005859375 0.2265625 0.5908203125 0.20703125 0.57421875 0.1940104171875 0.57421875
4 0.3346354171875 0.466796875 0.3255208328125 0.4814453125 0.3307291671875 0.5009765625 0.3372395828125 0.5078125 0.34375 0.5087890625 0.3489583328125 0.5048828125 0.3463541671875 0.4833984375 0.3411458328125 0.4677734375 0.3346354171875 0.466796875
4 0.4453125 0.4873046875 0.4700520828125 0.505859375 0.484375 0.5087890625 0.4895833328125 0.5029296875 0.4674479171875 0.482421875 0.4453125 0.4814453125 0.4453125 0.4873046875
4 0.7200520828125 0.529296875 0.70703125 0.529296875 0.68359375 0.53515625 0.6666666671875 0.5478515625 0.6705729171875 0.55078125 0.6875 0.5498046875 0.71484375 0.54296875 0.7239583328125 0.5380859375 0.7239583328125 0.5322265625 0.7200520828125 0.529296875
4 0.60546875 0.55859375 0.6015625 0.5615234375 0.6041666671875 0.5791015625 0.6145833328125 0.5986328125 0.6223958328125 0.6005859375 0.6276041671875 0.5947265625 0.6223958328125 0.5693359375 0.6158854171875 0.560546875 0.60546875 0.55859375
4 0.23046875 0.650390625 0.22135416718749998 0.6572265625 0.21614583281250002 0.6708984375 0.21354166718749998 0.6845703125 0.21614583281250002 0.6904296875 0.22395833281250002 0.6943359375 0.23177083281250002 0.6865234375 0.23697916718749998 0.6728515625 0.23828125 0.650390625 0.23046875 0.650390625
4 0.23567708281250002 0.75390625 0.21223958281250002 0.763671875 0.1979166671875 0.7763671875 0.20182291718749998 0.783203125 0.2109375 0.7822265625 0.24348958281250002 0.767578125 0.2526041671875 0.7607421875 0.2526041671875 0.7568359375 0.23567708281250002 0.75390625
4 0.3450520828125 0.607421875 0.31640625 0.6171875 0.3072916671875 0.6318359375 0.3177083328125 0.6318359375 0.3606770828125 0.6171875 0.3619791671875 0.6103515625 0.3580729171875 0.607421875 0.3450520828125 0.607421875
4 0.5338541671875 0.6396484375 0.5377604171875 0.6484375 0.5572916671875 0.6474609375 0.5846354171875 0.640625 0.59375 0.6298828125 0.5846354171875 0.626953125 0.5338541671875 0.6396484375
4 0.4361979171875 0.75390625 0.4270833328125 0.7587890625 0.4270833328125 0.7626953125 0.4361979171875 0.767578125 0.4700520828125 0.775390625 0.4817708328125 0.7744140625 0.484375 0.7666015625 0.4752604171875 0.759765625 0.4622395828125 0.755859375 0.4361979171875 0.75390625
4 0.3932291671875 0.6904296875 0.3984375 0.7001953125 0.4283854171875 0.72265625 0.4375 0.7216796875 0.4348958328125 0.7041015625 0.41796875 0.69140625 0.3997395828125 0.685546875 0.3932291671875 0.6904296875
4 0.33984375 0.716796875 0.3268229171875 0.71875 0.3203125 0.7255859375 0.3268229171875 0.732421875 0.3776041671875 0.7333984375 0.3828125 0.7314453125 0.3828125 0.7255859375 0.3684895828125 0.71875 0.33984375 0.716796875
4 0.7005208328125 0.7470703125 0.7005208328125 0.7548828125 0.70703125 0.7578125 0.7434895828125 0.765625 0.7552083328125 0.7646484375 0.7552083328125 0.7568359375 0.73828125 0.748046875 0.7174479171875 0.744140625 0.7005208328125 0.7470703125
4 0.5625 0.7548828125 0.5690104171875 0.76171875 0.5794270828125 0.765625 0.6145833328125 0.7646484375 0.625 0.7568359375 0.6158854171875 0.75 0.5716145828125 0.75 0.5625 0.7548828125
4 0.6276041671875 0.7255859375 0.6328125 0.7373046875 0.63671875 0.740234375 0.6458333328125 0.7392578125 0.6484375 0.6982421875 0.6393229171875 0.69140625 0.6276041671875 0.7021484375 0.6276041671875 0.7255859375
4 0.5533854171875 0.681640625 0.5442708328125 0.6826171875 0.5234375 0.7119140625 0.5208333328125 0.7255859375 0.53125 0.7255859375 0.5416666671875 0.7216796875 0.5572916671875 0.6982421875 0.5572916671875 0.6845703125 0.5533854171875 0.681640625
4 0.7721354171875 0.626953125 0.765625 0.6318359375 0.7473958328125 0.6572265625 0.7473958328125 0.6669921875 0.7604166671875 0.6669921875 0.7708333328125 0.6591796875 0.7838541671875 0.6396484375 0.7799479171875 0.626953125 0.7721354171875 0.626953125
4 0.4075520828125 0.580078125 0.3984375 0.5888671875 0.3932291671875 0.6083984375 0.3958333328125 0.6201171875 0.4036458328125 0.6220703125 0.4088541671875 0.6162109375 0.4140625 0.5966796875 0.4127604171875 0.580078125 0.4075520828125 0.580078125