4 0.41015625 0.212890625 0.390625 0.2294921875 0.3854166671875 0.2431640625 0.3919270828125 0.248046875 0.3984375 0.2470703125 0.4270833328125 0.2216796875 0.4296875 0.2119140625 0.42578125 0.208984375 0.41015625 0.212890625
4 0.2890625 0.2431640625 0.2864583328125 0.2509765625 0.2955729171875 0.255859375 0.3020833328125 0.2548828125 0.3333333328125 0.2353515625 0.3346354171875 0.220703125 0.3190104171875 0.22265625 0.2890625 0.2431640625
4 0.32421875 0.265625 0.3203125 0.2685546875 0.3229166671875 0.2763671875 0.3502604171875 0.294921875 0.36328125 0.30078125 0.3697916671875 0.2998046875 0.3671875 0.2861328125 0.3450520828125 0.26953125 0.3372395828125 0.265625 0.32421875 0.265625
4 0.4322916671875 0.3193359375 0.4375 0.3291015625 0.4518229171875 0.337890625 0.46484375 0.34375 0.4791666671875 0.3427734375 0.4791666671875 0.3388671875 0.4544270828125 0.322265625 0.44140625 0.31640625 0.4322916671875 0.3193359375
4 0.50390625 0.267578125 0.4817708328125 0.2880859375 0.4817708328125 0.2978515625 0.4895833328125 0.3017578125 0.4973958328125 0.2978515625 0.515625 0.2744140625 0.51171875 0.267578125 0.50390625 0.267578125
4 0.60546875 0.3125 0.6015625 0.3154296875 0.6015625 0.3291015625 0.6067708328125 0.3447265625 0.62109375 0.357421875 0.625 0.3564453125 0.6276041671875 0.3466796875 0.6223958328125 0.3330078125 0.6119791671875 0.3154296875 0.60546875 0.3125
4 0.5390625 0.2021484375 0.546875 0.2138671875 0.56640625 0.228515625 0.5833333328125 0.2294921875 0.5807291671875 0.2216796875 0.5598958328125 0.2001953125 0.5455729171875 0.193359375 0.5390625 0.2021484375
4 0.5221354171875 0.30078125 0.515625 0.3095703125 0.5182291671875 0.3349609375 0.5338541671875 0.3466796875 0.5390625 0.3427734375 0.5364583328125 0.3154296875 0.5338541671875 0.3056640625 0.5221354171875 0.30078125
4 0.6627604171875 0.302734375 0.6484375 0.3095703125 0.6484375 0.3154296875 0.6549479171875 0.318359375 0.6953125 0.3173828125 0.7044270828125 0.31640625 0.7083333328125 0.3115234375 0.6966145828125 0.302734375 0.6627604171875 0.302734375
4 0.7643229171875 0.197265625 0.7578125 0.2021484375 0.7421875 0.2236328125 0.7421875 0.2353515625 0.75 0.2373046875 0.7604166671875 0.2294921875 0.7786458328125 0.2060546875 0.77734375 0.1953125 0.7643229171875 0.197265625
4 0.69140625 0.251953125 0.6861979171875 0.251953125 0.6484375 0.2841796875 0.6497395828125 0.291015625 0.6614583328125 0.2919921875 0.6770833328125 0.2822265625 0.6927083328125 0.2666015625 0.6953125 0.2548828125 0.69140625 0.251953125
4 0.30859375 0.35546875 0.2682291671875 0.3740234375 0.2747395828125 0.3828125 0.2838541671875 0.3818359375 0.30859375 0.373046875 0.3151041671875 0.3681640625 0.3203125 0.3564453125 0.30859375 0.35546875
4 0.1770833328125 0.4951171875 0.19140625 0.505859375 0.20442708281250002 0.51171875 0.2265625 0.5107421875 0.22265625 0.501953125 0.1861979171875 0.484375 0.1770833328125 0.4873046875 0.1770833328125 0.4951171875
4 0.18359375 0.296875 0.1770833328125 0.3037109375 0.1796875 0.3095703125 0.20442708281250002 0.33203125 0.21875 0.3330078125 0.22135416718749998 0.3271484375 0.20052083281250002 0.3037109375 0.19140625 0.296875 0.18359375 0.296875
4 0.24869791718749998 0.421875 0.2421875 0.4306640625 0.2421875 0.4638671875 0.24609375 0.466796875 0.2578125 0.4658203125 0.2630208328125 0.4541015625 0.2630208328125 0.4345703125 0.2604166671875 0.4287109375 0.24869791718749998 0.421875
4 0.4869791671875 0.4365234375 0.5 0.4404296875 0.49609375 0.4453125 0.4921875 0.4443359375 0.49609375 0.44921875 0.5 0.4482421875 0.5026041671875 0.4111328125 0.49609375 0.404296875 0.4869791671875 0.4130859375 0.4869791671875 0.4365234375
4 0.4114583328125 0.4228515625 0.44140625 0.447265625 0.4557291671875 0.4462890625 0.4479166671875 0.4345703125 0.4205729171875 0.4140625 0.4114583328125 0.4150390625 0.4114583328125 0.4228515625
4 0.48828125 0.580078125 0.4752604171875 0.5859375 0.4609375 0.5947265625 0.46484375 0.603515625 0.4739583328125 0.6025390625 0.5013020828125 0.591796875 0.5078125 0.5830078125 0.50390625 0.580078125 0.48828125 0.580078125
4 0.30859375 0.517578125 0.3020833328125 0.5224609375 0.296875 0.5380859375 0.296875 0.5517578125 0.3098958328125 0.5517578125 0.3151041671875 0.5478515625 0.3203125 0.5302734375 0.31640625 0.517578125 0.30859375 0.517578125
4 0.3837471546875 0.4777156265625 0.359007571875 0.4982234390625 0.3564034046875 0.5138484390625 0.3642159046875 0.5138484390625 0.3928617390625 0.4904109390625 0.398070071875 0.4825984390625 0.394163821875 0.4777156265625 0.3837471546875 0.4777156265625
4 0.3880208328125 0.5595703125 0.3880208328125 0.5673828125 0.3984375 0.5693359375 0.4140625 0.5595703125 0.4270833328125 0.5439453125 0.4205729171875 0.529296875 0.3880208328125 0.5595703125
4 0.38671875 0.3984375 0.37890625 0.3984375 0.3723958328125 0.4033203125 0.3567708328125 0.4287109375 0.3541666671875 0.4404296875 0.3619791671875 0.4404296875 0.3723958328125 0.4345703125 0.3828125 0.4208984375 0.390625 0.4052734375 0.38671875 0.3984375
4 0.44140625 0.494140625 0.4401041671875 0.4990234375 0.4505208328125 0.5107421875 0.4752604171875 0.529296875 0.4817708328125 0.5283203125 0.4869791671875 0.5224609375 0.4791666671875 0.5107421875 0.45703125 0.494140625 0.44140625 0.494140625
4 0.22916666718749998 0.6884765625 0.23046875 0.6953125 0.234375 0.6923828125 0.23958333281250002 0.6767578125 0.23567708281250002 0.67578125 0.23307291718749998 0.6796875 0.23177083281250002 0.6767578125 0.24088541718749998 0.673828125 0.24479166718749998 0.6689453125 0.24348958281250002 0.658203125 0.23567708281250002 0.658203125 0.22395833281250002 0.6708984375 0.21875 0.6904296875 0.22135416718749998 0.6982421875 0.2265625 0.6982421875 0.22916666718749998 0.6962890625 0.22395833281250002 0.6943359375 0.22395833281250002 0.6884765625 0.22916666718749998 0.6884765625
4 0.3841145828125 0.638671875 0.3736979171875 0.638671875 0.3645833328125 0.6455078125 0.3541666671875 0.6611328125 0.3541666671875 0.6767578125 0.3619791671875 0.6787109375 0.3697916671875 0.6728515625 0.3723958328125 0.6630859375 0.3828125 0.6513671875 0.3841145828125 0.638671875
4 0.4296875 0.7705078125 0.4361979171875 0.775390625 0.4518229171875 0.77734375 0.4895833328125 0.7763671875 0.4921875 0.7705078125 0.4752604171875 0.76171875 0.44140625 0.76171875 0.4296875 0.7705078125
4 0.3294270828125 0.673828125 0.3151041671875 0.6845703125 0.2994791671875 0.7099609375 0.2994791671875 0.7138671875 0.3059895828125 0.71875 0.3098958328125 0.7177734375 0.3229166671875 0.7099609375 0.3333333328125 0.6943359375 0.3359375 0.6845703125 0.3294270828125 0.673828125
4 0.5091145828125 0.6953125 0.4921875 0.7080078125 0.4895833328125 0.7177734375 0.4869791671875 0.7373046875 0.4908854171875 0.7421875 0.5 0.7431640625 0.5052083328125 0.7392578125 0.5130208328125 0.7099609375 0.5130208328125 0.6982421875 0.5091145828125 0.6953125
4 0.40234375 0.69140625 0.3984375 0.6943359375 0.3984375 0.7021484375 0.4283854171875 0.7265625 0.4401041671875 0.7294921875 0.4453125 0.7255859375 0.4401041671875 0.7099609375 0.4205729171875 0.6953125 0.40234375 0.69140625
4 0.7747395828125 0.712890625 0.7434895828125 0.720703125 0.7317708328125 0.7275390625 0.7330729171875 0.732421875 0.7552083328125 0.7333984375 0.7799479171875 0.7265625 0.7864583328125 0.7216796875 0.7864583328125 0.7158203125 0.7747395828125 0.712890625
4 0.7018229171875 0.619140625 0.6979166671875 0.6240234375 0.7005208328125 0.6611328125 0.70703125 0.666015625 0.7109375 0.6650390625 0.71875 0.6572265625 0.7161458328125 0.6318359375 0.7135416671875 0.6259765625 0.7018229171875 0.619140625
4 0.609375 0.6708984375 0.609375 0.6826171875 0.61328125 0.685546875 0.6223958328125 0.6845703125 0.640625 0.6591796875 0.6419270828125 0.646484375 0.6236979171875 0.650390625 0.609375 0.6708984375
4 0.78515625 0.6328125 0.7799479171875 0.6328125 0.7682291671875 0.6416015625 0.7473958328125 0.6669921875 0.7513020828125 0.671875 0.7630208328125 0.6708984375 0.7708333328125 0.6669921875 0.7890625 0.6474609375 0.7890625 0.6357421875 0.78515625 0.6328125
4 0.7721354171875 0.544921875 0.75390625 0.55078125 0.75 0.5556640625 0.75390625 0.560546875 0.7708333328125 0.5595703125 0.796875 0.5439453125 0.796875 0.5361328125 0.79296875 0.533203125 0.7721354171875 0.544921875
4 0.7591145828125 0.373046875 0.7513020828125 0.37109375 0.75 0.3857421875 0.7578125 0.4111328125 0.76171875 0.416015625 0.7682291671875 0.4169921875 0.7734375 0.4130859375 0.7734375 0.3935546875 0.7682291671875 0.3818359375 0.7591145828125 0.373046875
4 0.5651041671875 0.5478515625 0.5572916671875 0.5693359375 0.5611979171875 0.57421875 0.5703125 0.5732421875 0.5963541671875 0.5400390625 0.5950520828125 0.53125 0.5794270828125 0.533203125 0.5651041671875 0.5478515625
4 0.6236979171875 0.421875 0.6145833328125 0.4287109375 0.6119791671875 0.4599609375 0.62109375 0.46875 0.6276041671875 0.4677734375 0.6328125 0.4599609375 0.6354166671875 0.4287109375 0.6315104171875 0.423828125 0.6236979171875 0.421875
4 0.5768229171875 0.474609375 0.5520833328125 0.4931640625 0.5442708328125 0.5048828125 0.5481770828125 0.509765625 0.5598958328125 0.5087890625 0.5885416671875 0.4873046875 0.5963541671875 0.4775390625 0.5924479171875 0.47265625 0.5768229171875 0.474609375
4 0.6341145828125 0.486328125 0.6276041671875 0.4892578125 0.6276041671875 0.4990234375 0.6432291671875 0.5263671875 0.6536458328125 0.5302734375 0.6588541671875 0.5263671875 0.6614583328125 0.5146484375 0.6484375 0.4912109375 0.6341145828125 0.486328125
4 0.7096354171875 0.427734375 0.68359375 0.439453125 0.6744791671875 0.4462890625 0.6692708328125 0.4560546875 0.6705729171875 0.4609375 0.6822916671875 0.4599609375 0.7200520828125 0.44140625 0.7265625 0.4326171875 0.7200520828125 0.427734375 0.7096354171875 0.427734375