4 0.4635416671875 0.3427734375 0.46484375 0.34765625 0.4765625 0.3486328125 0.5052083328125 0.3271484375 0.5065104171875 0.3125 0.49609375 0.314453125 0.4635416671875 0.3427734375
4 0.6236979171875 0.3828125 0.6067708328125 0.3837890625 0.6067708328125 0.3896484375 0.6158854171875 0.396484375 0.6393229171875 0.404296875 0.65625 0.4033203125 0.6614583328125 0.4013671875 0.6614583328125 0.3974609375 0.6549479171875 0.392578125 0.6236979171875 0.3828125
4 0.56640625 0.392578125 0.5533854171875 0.390625 0.5520833328125 0.4013671875 0.5625 0.4130859375 0.5677083328125 0.4267578125 0.57421875 0.431640625 0.5807291671875 0.4306640625 0.5859375 0.4287109375 0.5859375 0.4169921875 0.5755208328125 0.3994140625 0.56640625 0.392578125
4 0.6484375 0.3154296875 0.65234375 0.3203125 0.6653645828125 0.32421875 0.7057291671875 0.3251953125 0.7083333328125 0.3154296875 0.6861979171875 0.30859375 0.6653645828125 0.30859375 0.6484375 0.3154296875
4 0.32421875 0.326171875 0.3255208328125 0.3447265625 0.3450520828125 0.359375 0.35546875 0.36328125 0.3619791671875 0.3623046875 0.3671875 0.3603515625 0.3619791671875 0.3486328125 0.33984375 0.330078125 0.32421875 0.326171875
4 0.23828125 0.35546875 0.23307291718749998 0.35546875 0.22395833281250002 0.3623046875 0.1979166671875 0.3916015625 0.20182291718749998 0.3984375 0.2109375 0.3974609375 0.2265625 0.3896484375 0.24479166718749998 0.3681640625 0.24479166718749998 0.3603515625 0.23828125 0.35546875
4 0.4205729171875 0.25390625 0.4192708328125 0.2626953125 0.4518229171875 0.287109375 0.4583333328125 0.2880859375 0.4635416671875 0.2841796875 0.4583333328125 0.2724609375 0.4388020828125 0.2578125 0.4205729171875 0.25390625
4 0.5872395828125 0.28125 0.5716145828125 0.2734375 0.5625 0.2783203125 0.5651041671875 0.2880859375 0.5768229171875 0.294921875 0.6002604171875 0.3046875 0.609375 0.3037109375 0.6145833328125 0.2958984375 0.6067708328125 0.2919921875 0.60546875 0.283203125 0.5872395828125 0.28125
4 0.7486979171875 0.265625 0.7330729171875 0.265625 0.7317708328125 0.2783203125 0.75390625 0.294921875 0.7734375 0.2978515625 0.7786458328125 0.2939453125 0.7760416671875 0.2880859375 0.7604166671875 0.2744140625 0.7486979171875 0.265625
4 0.3359375 0.1884765625 0.3489583328125 0.2060546875 0.3606770828125 0.21484375 0.3776041671875 0.2158203125 0.3697916671875 0.1982421875 0.3541666671875 0.1826171875 0.3424479171875 0.177734375 0.3359375 0.1884765625
4 0.4518229171875 0.189453125 0.4375 0.2060546875 0.4375 0.2255859375 0.4453125 0.2255859375 0.4765625 0.1904296875 0.47265625 0.18359375 0.4622395828125 0.18359375 0.4518229171875 0.189453125
4 0.5625 0.1904296875 0.5677083328125 0.2177734375 0.5768229171875 0.232421875 0.5885416671875 0.2314453125 0.59375 0.2158203125 0.5807291671875 0.1904296875 0.5690104171875 0.185546875 0.5625 0.1904296875
4 0.7955729171875 0.1953125 0.7786458328125 0.2060546875 0.7643229171875 0.220703125 0.7565104171875 0.21875 0.7526041671875 0.2216796875 0.7526041671875 0.2314453125 0.7565104171875 0.234375 0.7734375 0.2353515625 0.8046875 0.2099609375 0.8098958328125001 0.2021484375 0.8059895828125001 0.1953125 0.7955729171875 0.1953125
4 0.7395833328125 0.1845703125 0.7174479171875 0.16015625 0.69921875 0.158203125 0.6953125 0.1650390625 0.7109375 0.1845703125 0.7135416671875 0.1904296875 0.7083333328125 0.2021484375 0.7135416671875 0.2021484375 0.71484375 0.197265625 0.7252604171875 0.201171875 0.73828125 0.197265625 0.7395833328125 0.1845703125
4 0.671875 0.2216796875 0.6549479171875 0.2109375 0.64453125 0.2109375 0.6432291671875 0.2216796875 0.6484375 0.2353515625 0.6705729171875 0.255859375 0.6770833328125 0.2548828125 0.6848958328125 0.2509765625 0.6848958328125 0.2333984375 0.6809895828125 0.234375 0.671875 0.2216796875
4 0.2955729171875 0.2265625 0.2916666671875 0.2392578125 0.2994791671875 0.2529296875 0.31640625 0.265625 0.3255208328125 0.2646484375 0.3255208328125 0.2568359375 0.3098958328125 0.2333984375 0.3033854171875 0.2265625 0.2955729171875 0.2265625
4 0.21484375 0.189453125 0.2109375 0.1962890625 0.2109375 0.2119140625 0.21875 0.2333984375 0.22786458281250002 0.240234375 0.23697916718749998 0.2392578125 0.23958333281250002 0.2236328125 0.234375 0.2099609375 0.2265625 0.1943359375 0.21484375 0.189453125
4 0.3346354171875 0.583984375 0.31640625 0.5859375 0.3046875 0.5947265625 0.3059895828125 0.59765625 0.3411458328125 0.5966796875 0.3580729171875 0.595703125 0.3645833328125 0.5888671875 0.3580729171875 0.583984375 0.3346354171875 0.583984375
4 0.2838541671875 0.5205078125 0.2708333328125 0.5478515625 0.27734375 0.5546875 0.2838541671875 0.5537109375 0.3046875 0.5224609375 0.3046875 0.5166015625 0.2955729171875 0.513671875 0.2838541671875 0.5205078125
4 0.37890625 0.48828125 0.41015625 0.49609375 0.4296875 0.4951171875 0.4153645828125 0.484375 0.3971354171875 0.48046875 0.3776041671875 0.4814453125 0.37890625 0.48828125
4 0.3606770828125 0.384765625 0.3528645828125 0.3828125 0.3463541671875 0.3876953125 0.3463541671875 0.4169921875 0.3502604171875 0.419921875 0.359375 0.4189453125 0.3645833328125 0.4169921875 0.3671875 0.4091796875 0.3645833328125 0.3896484375 0.3606770828125 0.384765625
4 0.4440104171875 0.39453125 0.4361979171875 0.39453125 0.4348958328125 0.4033203125 0.4427083328125 0.4189453125 0.4518229171875 0.4296875 0.4609375 0.4306640625 0.4661458328125 0.4287109375 0.4661458328125 0.4208984375 0.4557291671875 0.4013671875 0.4440104171875 0.39453125
4 0.2552083328125 0.4130859375 0.2552083328125 0.4228515625 0.2604166671875 0.4287109375 0.2825520828125 0.443359375 0.296875 0.4443359375 0.3020833328125 0.4404296875 0.2994791671875 0.4345703125 0.2591145828125 0.41015625 0.2552083328125 0.4130859375
4 0.4505208328125 0.5673828125 0.4674479171875 0.58203125 0.4908854171875 0.58984375 0.5052083328125 0.5888671875 0.5078125 0.5830078125 0.4908854171875 0.57421875 0.45703125 0.564453125 0.4505208328125 0.5673828125
4 0.49609375 0.494140625 0.4947916671875 0.5068359375 0.5104166671875 0.5224609375 0.5247395828125 0.53125 0.5338541671875 0.5302734375 0.5364583328125 0.5244140625 0.5182291671875 0.5048828125 0.50390625 0.494140625 0.49609375 0.494140625
4 0.7200520828125 0.388671875 0.7161458328125 0.3935546875 0.7109375 0.4228515625 0.7135416671875 0.4326171875 0.7174479171875 0.435546875 0.7239583328125 0.4345703125 0.734375 0.4150390625 0.734375 0.3994140625 0.7278645828125 0.388671875 0.7200520828125 0.388671875
4 0.5794270828125 0.462890625 0.5533854171875 0.466796875 0.5416666671875 0.4755859375 0.5455729171875 0.482421875 0.5703125 0.4814453125 0.5950520828125 0.4765625 0.6015625 0.4677734375 0.5924479171875 0.462890625 0.5794270828125 0.462890625
4 0.5768229171875 0.591796875 0.53125 0.6142578125 0.53515625 0.619140625 0.5494791671875 0.6181640625 0.5768229171875 0.607421875 0.5885416671875 0.5986328125 0.5885416671875 0.5947265625 0.5768229171875 0.591796875
4 0.73828125 0.53125 0.734375 0.5361328125 0.734375 0.5693359375 0.7408854171875 0.576171875 0.7447916671875 0.5751953125 0.7526041671875 0.5673828125 0.7526041671875 0.5400390625 0.7434895828125 0.53125 0.73828125 0.53125
4 0.4765625 0.6591796875 0.4908854171875 0.673828125 0.5143229171875 0.6796875 0.53125 0.6787109375 0.5364583328125 0.6708984375 0.52734375 0.666015625 0.49609375 0.658203125 0.4765625 0.6591796875
4 0.6692708328125 0.5771484375 0.6484375 0.6103515625 0.65234375 0.619140625 0.6614583328125 0.6181640625 0.671875 0.6103515625 0.6848958328125 0.5888671875 0.6809895828125 0.57421875 0.6692708328125 0.5771484375
4 0.7565104171875 0.47265625 0.7421875 0.4892578125 0.7395833328125 0.5087890625 0.7434895828125 0.51171875 0.7552083328125 0.5107421875 0.7734375 0.4794921875 0.7734375 0.4716796875 0.76953125 0.46875 0.7565104171875 0.47265625
4 0.6809895828125 0.41796875 0.6731770828125 0.41796875 0.6666666671875 0.4228515625 0.6588541671875 0.4423828125 0.6588541671875 0.4560546875 0.6692708328125 0.4658203125 0.6770833328125 0.4599609375 0.6822916671875 0.4443359375 0.6848958328125 0.4208984375 0.6809895828125 0.41796875
4 0.2955729171875 0.705078125 0.265625 0.7119140625 0.2721354171875 0.720703125 0.2864583328125 0.7216796875 0.31640625 0.71875 0.328125 0.7080078125 0.32421875 0.705078125 0.2955729171875 0.705078125
4 0.21223958281250002 0.64453125 0.20833333281250002 0.6474609375 0.20833333281250002 0.6591796875 0.21354166718749998 0.6767578125 0.21875 0.6884765625 0.22265625 0.69140625 0.22916666718749998 0.6904296875 0.23697916718749998 0.6806640625 0.23177083281250002 0.6591796875 0.2265625 0.6494140625 0.21223958281250002 0.64453125
4 0.5598958328125 0.7333984375 0.5625 0.7509765625 0.56640625 0.75390625 0.5729166671875 0.7529296875 0.5833333328125 0.7177734375 0.5794270828125 0.70703125 0.5651041671875 0.7158203125 0.5598958328125 0.7333984375
4 0.73828125 0.607421875 0.7317708328125 0.6142578125 0.7421875 0.6318359375 0.7565104171875 0.642578125 0.765625 0.6416015625 0.7682291671875 0.6376953125 0.7552083328125 0.6181640625 0.7434895828125 0.607421875 0.73828125 0.607421875
4 0.4622395828125 0.71875 0.43359375 0.7265625 0.421875 0.7412109375 0.42578125 0.744140625 0.4348958328125 0.7431640625 0.47265625 0.732421875 0.4791666671875 0.7275390625 0.4791666671875 0.7216796875 0.4622395828125 0.71875
4 0.6549479171875 0.763671875 0.6432291671875 0.7685546875 0.65234375 0.779296875 0.6901041671875 0.7880859375 0.703125 0.7861328125 0.703125 0.7802734375 0.6966145828125 0.775390625 0.6549479171875 0.763671875