4 0.4166666671875 0.4541015625 0.4036458328125 0.4755859375 0.4036458328125 0.4912109375 0.4075520828125 0.494140625 0.4140625 0.4931640625 0.4296875 0.4638671875 0.4322916671875 0.4541015625 0.4283854171875 0.451171875 0.4166666671875 0.4541015625
4 0.3294270828125 0.478515625 0.3229166671875 0.4833984375 0.3229166671875 0.4873046875 0.3346354171875 0.49609375 0.35546875 0.505859375 0.3776041671875 0.5068359375 0.3802083328125 0.5029296875 0.3684895828125 0.494140625 0.33984375 0.48046875 0.3294270828125 0.478515625
4 0.4674479171875 0.38671875 0.4609375 0.4013671875 0.4609375 0.4189453125 0.46484375 0.427734375 0.4739583328125 0.4267578125 0.4791666671875 0.4169921875 0.4791666671875 0.3955078125 0.4765625 0.3896484375 0.4674479171875 0.38671875
4 0.41796875 0.65234375 0.4049479171875 0.65625 0.375 0.6708984375 0.37890625 0.677734375 0.3932291671875 0.6767578125 0.4153645828125 0.669921875 0.4296875 0.6572265625 0.4296875 0.6533203125 0.41796875 0.65234375
4 0.4544270828125 0.56640625 0.4505208328125 0.5693359375 0.4505208328125 0.5732421875 0.46484375 0.580078125 0.5 0.5791015625 0.5130208328125 0.5732421875 0.51171875 0.56640625 0.4830729171875 0.564453125 0.4544270828125 0.56640625
4 0.5338541671875 0.5029296875 0.5416666671875 0.5244140625 0.5481770828125 0.529296875 0.5572916671875 0.5283203125 0.5598958328125 0.5126953125 0.5520833328125 0.4951171875 0.53515625 0.486328125 0.5338541671875 0.5029296875
4 0.6354166671875 0.3876953125 0.640625 0.4091796875 0.6458333328125 0.4169921875 0.6575520828125 0.42578125 0.6614583328125 0.4248046875 0.6536458328125 0.3974609375 0.6458333328125 0.3837890625 0.6419270828125 0.3828125 0.6354166671875 0.3876953125
4 0.1953125 0.4833984375 0.1979166671875 0.4892578125 0.22265625 0.50390625 0.24479166718749998 0.5068359375 0.25 0.5009765625 0.24088541718749998 0.494140625 0.22005208281250002 0.486328125 0.1953125 0.4833984375
4 0.3502604171875 0.3828125 0.34375 0.3876953125 0.34375 0.4150390625 0.34765625 0.419921875 0.3567708328125 0.4189453125 0.3645833328125 0.4130859375 0.3645833328125 0.3935546875 0.3619791671875 0.3876953125 0.3502604171875 0.3828125
4 0.55078125 0.376953125 0.5403645828125 0.37890625 0.53125 0.3876953125 0.5234375 0.4091796875 0.5338541671875 0.4130859375 0.5416666671875 0.4091796875 0.546875 0.3994140625 0.5520833328125 0.3876953125 0.55078125 0.376953125
4 0.7708333328125 0.1923828125 0.7708333328125 0.2138671875 0.77734375 0.2265625 0.7916666671875 0.2275390625 0.7916666671875 0.1943359375 0.7890625 0.1865234375 0.7799479171875 0.18359375 0.7708333328125 0.1923828125
4 0.4934895828125 0.30859375 0.48828125 0.30859375 0.4817708328125 0.3173828125 0.4713541671875 0.3427734375 0.4713541671875 0.3505859375 0.4752604171875 0.353515625 0.4817708328125 0.3525390625 0.4895833328125 0.3466796875 0.4973958328125 0.3310546875 0.5 0.3173828125 0.4934895828125 0.30859375
4 0.58984375 0.3203125 0.5638020828125 0.330078125 0.5416666671875 0.3447265625 0.5455729171875 0.3515625 0.5546875 0.3525390625 0.5716145828125 0.34765625 0.5885416671875 0.3349609375 0.59375 0.3271484375 0.58984375 0.3203125
4 0.3216145828125 0.326171875 0.3229166671875 0.3427734375 0.34765625 0.361328125 0.3567708328125 0.3623046875 0.3645833328125 0.3603515625 0.3645833328125 0.3525390625 0.3346354171875 0.328125 0.3216145828125 0.326171875
4 0.23567708281250002 0.353515625 0.21875 0.3642578125 0.20052083281250002 0.3837890625 0.1979166671875 0.3955078125 0.20572916718749998 0.3974609375 0.21744791718749998 0.39453125 0.2421875 0.3701171875 0.24479166718749998 0.3623046875 0.23567708281250002 0.353515625
4 0.4166666671875 0.2607421875 0.4544270828125 0.2890625 0.4583333328125 0.2880859375 0.4583333328125 0.2724609375 0.4361979171875 0.255859375 0.41796875 0.25390625 0.4166666671875 0.2607421875
4 0.3359375 0.1826171875 0.3411458328125 0.1982421875 0.3606770828125 0.21484375 0.3723958328125 0.2158203125 0.3723958328125 0.2021484375 0.3515625 0.1806640625 0.3424479171875 0.17578125 0.3359375 0.1826171875
4 0.45703125 0.185546875 0.4348958328125 0.2099609375 0.4348958328125 0.2216796875 0.4388020828125 0.2265625 0.4427083328125 0.2255859375 0.4557291671875 0.2158203125 0.4739583328125 0.1923828125 0.4700520828125 0.18359375 0.45703125 0.185546875
4 0.5794270828125 0.19140625 0.5546875 0.2119140625 0.546875 0.2255859375 0.55078125 0.228515625 0.5625 0.2275390625 0.5807291671875 0.2158203125 0.5911458328125 0.2041015625 0.5924479171875 0.189453125 0.5794270828125 0.19140625
4 0.71484375 0.2109375 0.69140625 0.2109375 0.6653645828125 0.21875 0.6588541671875 0.2236328125 0.6588541671875 0.2294921875 0.6627604171875 0.232421875 0.6744791671875 0.2314453125 0.71484375 0.224609375 0.7213541671875 0.2197265625 0.7213541671875 0.2138671875 0.71484375 0.2109375
4 0.71484375 0.16015625 0.6966145828125 0.16015625 0.6953125 0.1669921875 0.7161458328125 0.1884765625 0.7161458328125 0.1923828125 0.7252604171875 0.19921875 0.7317708328125 0.1982421875 0.7369791671875 0.1962890625 0.7395833328125 0.1884765625 0.7265625 0.1689453125 0.71484375 0.16015625
4 0.5989583328125 0.2080078125 0.59375 0.2275390625 0.5963541671875 0.2451171875 0.6028645828125 0.25 0.609375 0.2490234375 0.6171875 0.2373046875 0.6197916671875 0.2138671875 0.61328125 0.201171875 0.5989583328125 0.2080078125
4 0.7018229171875 0.31640625 0.6861979171875 0.3203125 0.6796875 0.3251953125 0.68359375 0.333984375 0.7317708328125 0.3330078125 0.7408854171875 0.33203125 0.7447916671875 0.3251953125 0.7278645828125 0.31640625 0.7018229171875 0.31640625
4 0.67578125 0.26953125 0.6705729171875 0.26953125 0.6536458328125 0.2822265625 0.6354166671875 0.3017578125 0.6354166671875 0.3076171875 0.64453125 0.3125 0.6484375 0.3115234375 0.6640625 0.3037109375 0.6796875 0.2861328125 0.6796875 0.2724609375 0.67578125 0.26953125
4 0.26171875 0.203125 0.2578125 0.2099609375 0.2734375 0.2294921875 0.2903645828125 0.23828125 0.3020833328125 0.2373046875 0.296875 0.2255859375 0.28125 0.2119140625 0.2669270828125 0.201171875 0.26171875 0.203125
4 0.2552083328125 0.4248046875 0.2747395828125 0.439453125 0.2942708328125 0.4443359375 0.2994791671875 0.4365234375 0.2643229171875 0.412109375 0.25390625 0.41015625 0.2552083328125 0.4248046875
4 0.6875 0.4580078125 0.69140625 0.462890625 0.70703125 0.466796875 0.7447916671875 0.4658203125 0.7421875 0.4580078125 0.7330729171875 0.453125 0.7018229171875 0.451171875 0.6875 0.4580078125
4 0.52734375 0.6171875 0.5182291671875 0.6220703125 0.52734375 0.630859375 0.53515625 0.6328125 0.5703125 0.6318359375 0.5807291671875 0.6279296875 0.5807291671875 0.6220703125 0.5690104171875 0.6171875 0.52734375 0.6171875
4 0.5572916671875 0.7314453125 0.5572916671875 0.7470703125 0.5638020828125 0.75390625 0.5703125 0.7529296875 0.5807291671875 0.7158203125 0.5768229171875 0.70703125 0.5651041671875 0.7138671875 0.5572916671875 0.7314453125
4 0.7356770828125 0.607421875 0.7291666671875 0.6142578125 0.734375 0.6279296875 0.7513020828125 0.642578125 0.7630208328125 0.6435546875 0.765625 0.6376953125 0.7604166671875 0.6279296875 0.7473958328125 0.6123046875 0.7356770828125 0.607421875
4 0.7356770828125 0.53125 0.7317708328125 0.5341796875 0.7291666671875 0.5478515625 0.7317708328125 0.5732421875 0.7356770828125 0.576171875 0.7447916671875 0.5751953125 0.7526041671875 0.5634765625 0.7526041671875 0.5498046875 0.7473958328125 0.5341796875 0.7356770828125 0.53125
4 0.6666666671875 0.5771484375 0.6458333328125 0.6123046875 0.6497395828125 0.619140625 0.6614583328125 0.6181640625 0.6822916671875 0.5927734375 0.6822916671875 0.5771484375 0.6783854171875 0.57421875 0.6666666671875 0.5771484375
4 0.6809895828125 0.4765625 0.6653645828125 0.4765625 0.6614583328125 0.4794921875 0.6666666671875 0.4873046875 0.69140625 0.505859375 0.7044270828125 0.51171875 0.7083333328125 0.5107421875 0.7135416671875 0.5087890625 0.7135416671875 0.5009765625 0.6966145828125 0.486328125 0.6809895828125 0.4765625
4 0.70703125 0.775390625 0.703125 0.7783203125 0.703125 0.7841796875 0.7122395828125 0.791015625 0.75 0.7998046875 0.7630208328125 0.7958984375 0.7591145828125 0.787109375 0.7174479171875 0.775390625 0.70703125 0.775390625
4 0.24609375 0.62890625 0.22916666718749998 0.6357421875 0.21354166718749998 0.6591796875 0.2109375 0.6689453125 0.21484375 0.673828125 0.22135416718749998 0.6748046875 0.234375 0.6630859375 0.24739583281250002 0.6416015625 0.25 0.6318359375 0.24609375 0.62890625
4 0.3658854171875 0.564453125 0.3333333328125 0.5947265625 0.3424479171875 0.6015625 0.3515625 0.6005859375 0.375 0.5771484375 0.3776041671875 0.5693359375 0.3736979171875 0.564453125 0.3658854171875 0.564453125
4 0.2591145828125 0.55078125 0.2421875 0.5673828125 0.23697916718749998 0.5751953125 0.23697916718749998 0.5869140625 0.24479166718749998 0.5888671875 0.2526041671875 0.5849609375 0.2760416671875 0.5576171875 0.2721354171875 0.548828125 0.2591145828125 0.55078125
4 0.22916666718749998 0.7001953125 0.22916666718749998 0.7080078125 0.24739583281250002 0.7353515625 0.2565104171875 0.7421875 0.2604166671875 0.7412109375 0.265625 0.7255859375 0.2526041671875 0.7060546875 0.23567708281250002 0.697265625 0.22916666718749998 0.7001953125
4 0.37109375 0.75390625 0.3619791671875 0.7587890625 0.3567708328125 0.7666015625 0.3580729171875 0.7734375 0.3697916671875 0.7724609375 0.4049479171875 0.759765625 0.4140625 0.7509765625 0.40234375 0.744140625 0.37109375 0.75390625