4 0.3125 0.1865234375 0.3151041671875 0.1962890625 0.32421875 0.201171875 0.3450520828125 0.20703125 0.3645833328125 0.2060546875 0.3671875 0.2021484375 0.3606770828125 0.197265625 0.3216145828125 0.18359375 0.3125 0.1865234375
4 0.2109375 0.2099609375 0.22005208281250002 0.21875 0.2265625 0.2177734375 0.22916666718749998 0.1748046875 0.21744791718749998 0.171875 0.2109375 0.1767578125 0.2109375 0.2099609375
4 0.40234375 0.1796875 0.3932291671875 0.1845703125 0.390625 0.1923828125 0.3971354171875 0.197265625 0.4036458328125 0.1962890625 0.4388020828125 0.19140625 0.453125 0.1826171875 0.4361979171875 0.173828125 0.40234375 0.1796875
4 0.1770833328125 0.2998046875 0.1875 0.3173828125 0.20442708281250002 0.33203125 0.21614583281250002 0.3310546875 0.21614583281250002 0.3232421875 0.1979166671875 0.2958984375 0.1861979171875 0.291015625 0.1770833328125 0.2998046875
4 0.4388020828125 0.248046875 0.3997395828125 0.2578125 0.390625 0.2646484375 0.40234375 0.271484375 0.4192708328125 0.2705078125 0.4440104171875 0.263671875 0.4505208328125 0.2568359375 0.4479166671875 0.2509765625 0.4388020828125 0.248046875
4 0.2747395828125 0.267578125 0.26953125 0.267578125 0.2604166671875 0.2744140625 0.2552083328125 0.2880859375 0.2552083328125 0.3076171875 0.26171875 0.314453125 0.2682291671875 0.3134765625 0.2734375 0.3095703125 0.2786458328125 0.2919921875 0.2786458328125 0.2705078125 0.2747395828125 0.267578125
4 0.2578125 0.3798828125 0.2591145828125 0.38671875 0.3125 0.3876953125 0.3151041671875 0.3857421875 0.30078125 0.376953125 0.2669270828125 0.375 0.2578125 0.3798828125
4 0.20182291718749998 0.431640625 0.1979166671875 0.4345703125 0.20182291718749998 0.443359375 0.24088541718749998 0.458984375 0.2526041671875 0.4580078125 0.24739583281250002 0.4462890625 0.22526041718749998 0.435546875 0.21484375 0.431640625 0.20182291718749998 0.431640625
4 0.1953125 0.5029296875 0.1927083328125 0.5166015625 0.1979166671875 0.5341796875 0.21354166718749998 0.5419921875 0.21354166718749998 0.5068359375 0.2109375 0.5009765625 0.20182291718749998 0.498046875 0.1953125 0.5029296875
4 0.3111979171875 0.513671875 0.2994791671875 0.5185546875 0.2994791671875 0.5244140625 0.3059895828125 0.52734375 0.359375 0.5283203125 0.3645833328125 0.5263671875 0.3645833328125 0.5224609375 0.3424479171875 0.513671875 0.3111979171875 0.513671875
4 0.1927083328125 0.5830078125 0.1927083328125 0.6123046875 0.20182291718749998 0.62109375 0.20833333281250002 0.6220703125 0.21354166718749998 0.6162109375 0.2109375 0.5791015625 0.20182291718749998 0.576171875 0.1927083328125 0.5830078125
4 0.4700520828125 0.73828125 0.44140625 0.74609375 0.4296875 0.7587890625 0.43359375 0.76171875 0.4453125 0.7607421875 0.4830729171875 0.75 0.4869791671875 0.7431640625 0.48046875 0.73828125 0.4700520828125 0.73828125
4 0.4830729171875 0.6640625 0.4401041671875 0.6748046875 0.4401041671875 0.6806640625 0.4466145828125 0.68359375 0.4713541671875 0.6826171875 0.48828125 0.6796875 0.5 0.6669921875 0.49609375 0.6640625 0.4830729171875 0.6640625
4 0.36328125 0.712890625 0.3424479171875 0.72265625 0.328125 0.7333984375 0.33203125 0.7421875 0.3411458328125 0.7412109375 0.3736979171875 0.7265625 0.3828125 0.7197265625 0.3828125 0.7158203125 0.36328125 0.712890625
4 0.1940104171875 0.685546875 0.1875 0.6904296875 0.1901041671875 0.6962890625 0.22005208281250002 0.716796875 0.234375 0.7197265625 0.234375 0.7041015625 0.22265625 0.6953125 0.20442708281250002 0.685546875 0.1940104171875 0.685546875
4 0.7708333328125 0.6318359375 0.7526041671875 0.6552734375 0.75 0.6689453125 0.7630208328125 0.6689453125 0.7838541671875 0.6474609375 0.7864583328125 0.6376953125 0.7825520828125 0.62890625 0.7708333328125 0.6318359375
4 0.5794270828125 0.751953125 0.5651041671875 0.7568359375 0.5768229171875 0.767578125 0.6145833328125 0.7685546875 0.6236979171875 0.765625 0.6276041671875 0.7607421875 0.6236979171875 0.75390625 0.5794270828125 0.751953125
4 0.6328125 0.6767578125 0.6354166671875 0.6982421875 0.6497395828125 0.716796875 0.6614583328125 0.7158203125 0.6640625 0.7099609375 0.6510416671875 0.6787109375 0.6393229171875 0.669921875 0.6328125 0.6767578125
4 0.62109375 0.212890625 0.6145833328125 0.2177734375 0.6145833328125 0.2236328125 0.6276041671875 0.2255859375 0.6705729171875 0.21484375 0.6744791671875 0.2060546875 0.65234375 0.203125 0.62109375 0.212890625
4 0.6380208328125 0.2958984375 0.6393229171875 0.302734375 0.6653645828125 0.3046875 0.6731770828125 0.298828125 0.6731770828125 0.306640625 0.6875 0.3056640625 0.6953125 0.3017578125 0.68359375 0.294921875 0.6627604171875 0.29296875 0.6380208328125 0.2958984375
4 0.6575520828125 0.33203125 0.6536458328125 0.3369140625 0.65625 0.3427734375 0.6744791671875 0.3623046875 0.6888020828125 0.373046875 0.6979166671875 0.3720703125 0.7005208328125 0.3642578125 0.6848958328125 0.3447265625 0.6731770828125 0.3359375 0.6575520828125 0.33203125
4 0.6419270828125 0.29296875 0.6354166671875 0.2978515625 0.6393229171875 0.306640625 0.6875 0.3076171875 0.6966145828125 0.306640625 0.6979166671875 0.3017578125 0.68359375 0.29296875 0.6419270828125 0.29296875
4 0.74609375 0.2578125 0.7447916671875 0.2666015625 0.765625 0.2939453125 0.7721354171875 0.298828125 0.78125 0.2978515625 0.7838541671875 0.2900390625 0.7734375 0.2724609375 0.7591145828125 0.259765625 0.74609375 0.2578125
4 0.7903645828125 0.1953125 0.7486979171875 0.197265625 0.7317708328125 0.2041015625 0.74609375 0.21484375 0.7708333328125 0.2138671875 0.7825520828125 0.212890625 0.7942708328125 0.2060546875 0.7942708328125 0.1982421875 0.7903645828125 0.1953125
4 0.5403645828125 0.365234375 0.5091145828125 0.375 0.5026041671875 0.3876953125 0.515625 0.3876953125 0.5533854171875 0.376953125 0.5572916671875 0.3701171875 0.55078125 0.365234375 0.5403645828125 0.365234375
4 0.5065104171875 0.306640625 0.4986979171875 0.306640625 0.4713541671875 0.3291015625 0.4661458328125 0.3408203125 0.4739583328125 0.3427734375 0.4830729171875 0.341796875 0.5078125 0.3193359375 0.5104166671875 0.3095703125 0.5065104171875 0.306640625
4 0.5611979171875 0.205078125 0.5416666671875 0.2158203125 0.5234375 0.2353515625 0.5234375 0.2470703125 0.5286458328125 0.2470703125 0.546875 0.2353515625 0.5625 0.2197265625 0.5677083328125 0.2099609375 0.5611979171875 0.205078125
4 0.5442708328125 0.2900390625 0.546875 0.3193359375 0.5494791671875 0.3291015625 0.5533854171875 0.33203125 0.5598958328125 0.3310546875 0.5677083328125 0.3212890625 0.5651041671875 0.2958984375 0.55078125 0.283203125 0.5442708328125 0.2900390625
4 0.3841145828125 0.341796875 0.3828125 0.3466796875 0.3984375 0.3662109375 0.4127604171875 0.37890625 0.4192708328125 0.3779296875 0.421875 0.3662109375 0.4140625 0.3564453125 0.3997395828125 0.34375 0.3841145828125 0.341796875
4 0.4036458328125 0.4091796875 0.4036458328125 0.4130859375 0.4283854171875 0.427734375 0.4388020828125 0.431640625 0.4505208328125 0.4306640625 0.453125 0.4228515625 0.4309895828125 0.408203125 0.41015625 0.40625 0.4036458328125 0.4091796875
4 0.4270833328125 0.5126953125 0.4270833328125 0.5185546875 0.44140625 0.52734375 0.4466145828125 0.52734375 0.4700520828125 0.541015625 0.4765625 0.5400390625 0.4791666671875 0.5322265625 0.46484375 0.51953125 0.4466145828125 0.51171875 0.4270833328125 0.5126953125
4 0.4166666671875 0.4521484375 0.4192708328125 0.4599609375 0.44921875 0.48046875 0.45703125 0.484375 0.4635416671875 0.4833984375 0.4661458328125 0.4736328125 0.4388020828125 0.453125 0.4231770828125 0.44921875 0.4166666671875 0.4521484375
4 0.3385416671875 0.6220703125 0.3502604171875 0.630859375 0.390625 0.6298828125 0.3958333328125 0.6279296875 0.3919270828125 0.619140625 0.3385416671875 0.6181640625 0.3385416671875 0.6220703125
4 0.6106770828125 0.572265625 0.6015625 0.5771484375 0.5859375 0.6005859375 0.5833333328125 0.6103515625 0.5911458328125 0.6123046875 0.6041666671875 0.6064453125 0.6145833328125 0.5927734375 0.6171875 0.5771484375 0.6106770828125 0.572265625
4 0.4309895828125 0.583984375 0.4270833328125 0.5947265625 0.4401041671875 0.6123046875 0.4544270828125 0.62109375 0.4661458328125 0.6220703125 0.4713541671875 0.6181640625 0.46875 0.6123046875 0.4479166671875 0.5908203125 0.4309895828125 0.583984375
4 0.7330729171875 0.466796875 0.7291666671875 0.4697265625 0.7317708328125 0.5009765625 0.73828125 0.505859375 0.7447916671875 0.5048828125 0.75 0.4970703125 0.7473958328125 0.4736328125 0.73828125 0.466796875 0.7330729171875 0.466796875
4 0.7018229171875 0.533203125 0.6888020828125 0.537109375 0.6692708328125 0.5498046875 0.6796875 0.5537109375 0.72265625 0.54296875 0.7265625 0.5361328125 0.72265625 0.533203125 0.7018229171875 0.533203125
4 0.6653645828125 0.41015625 0.640625 0.4306640625 0.6380208328125 0.4443359375 0.6458333328125 0.4482421875 0.6770833328125 0.4208984375 0.6796875 0.4130859375 0.67578125 0.41015625 0.6653645828125 0.41015625
4 0.7252604171875 0.3828125 0.7161458328125 0.3876953125 0.7434895828125 0.41015625 0.7591145828125 0.41796875 0.765625 0.4169921875 0.7682291671875 0.4130859375 0.7630208328125 0.4033203125 0.7356770828125 0.384765625 0.7252604171875 0.3828125
4 0.54296875 0.525390625 0.5390625 0.5283203125 0.5390625 0.5439453125 0.5442708328125 0.5576171875 0.55078125 0.560546875 0.5598958328125 0.5595703125 0.5625 0.5478515625 0.5572916671875 0.5322265625 0.55078125 0.525390625 0.54296875 0.525390625
4 0.5442708328125 0.4482421875 0.5442708328125 0.4521484375 0.5533854171875 0.458984375 0.5716145828125 0.462890625 0.5963541671875 0.4619140625 0.6015625 0.4599609375 0.59765625 0.453125 0.5559895828125 0.4453125 0.5442708328125 0.4482421875