4 0.4192708328125 0.2138671875 0.3984375 0.2412109375 0.3984375 0.2509765625 0.4114583328125 0.2529296875 0.4322916671875 0.2294921875 0.4322916671875 0.2177734375 0.42578125 0.2109375 0.4192708328125 0.2138671875
4 0.31640625 0.24609375 0.2877604171875 0.25390625 0.2786458328125 0.2607421875 0.2786458328125 0.2666015625 0.2825520828125 0.26953125 0.296875 0.2685546875 0.3268229171875 0.259765625 0.3359375 0.2529296875 0.32421875 0.24609375 0.31640625 0.24609375
4 0.2734375 0.1826171875 0.2734375 0.1904296875 0.2825520828125 0.197265625 0.3033854171875 0.20703125 0.3177083328125 0.2080078125 0.328125 0.2041015625 0.31640625 0.193359375 0.2825520828125 0.1796875 0.2734375 0.1826171875
4 0.21484375 0.21484375 0.1875 0.2333984375 0.1888020828125 0.240234375 0.20572916718749998 0.2412109375 0.234375 0.2255859375 0.23697916718749998 0.2119140625 0.23307291718749998 0.208984375 0.21484375 0.21484375
4 0.44140625 0.162109375 0.4283854171875 0.162109375 0.3971354171875 0.16796875 0.3880208328125 0.1728515625 0.3880208328125 0.1787109375 0.3971354171875 0.18359375 0.4166666671875 0.1826171875 0.43359375 0.1796875 0.4453125 0.1689453125 0.4453125 0.1650390625 0.44140625 0.162109375
4 0.4973958328125 0.3017578125 0.4947916671875 0.3134765625 0.4986979171875 0.31640625 0.5078125 0.3154296875 0.5364583328125 0.2900390625 0.5377604171875 0.279296875 0.51953125 0.283203125 0.4973958328125 0.3017578125
4 0.7799479171875 0.2421875 0.7734375 0.2548828125 0.7734375 0.2822265625 0.77734375 0.28515625 0.7838541671875 0.2841796875 0.7942708328125 0.2744140625 0.7942708328125 0.2490234375 0.78515625 0.2421875 0.7799479171875 0.2421875
4 0.63671875 0.267578125 0.6171875 0.2841796875 0.6119791671875 0.3017578125 0.6184895828125 0.306640625 0.6223958328125 0.3056640625 0.6458333328125 0.2841796875 0.6536458328125 0.2705078125 0.6497395828125 0.267578125 0.63671875 0.267578125
4 0.5221354171875 0.236328125 0.5182291671875 0.2451171875 0.5234375 0.2509765625 0.55078125 0.275390625 0.5572916671875 0.2744140625 0.5625 0.2705078125 0.5598958328125 0.2587890625 0.5377604171875 0.240234375 0.5221354171875 0.236328125
4 0.6315104171875 0.173828125 0.6080729171875 0.173828125 0.5989583328125 0.1787109375 0.5989583328125 0.1845703125 0.60546875 0.189453125 0.6458333328125 0.1943359375 0.6536458328125 0.1904296875 0.6536458328125 0.1826171875 0.64453125 0.177734375 0.6315104171875 0.173828125
4 0.6432291671875 0.2216796875 0.6432291671875 0.2275390625 0.6575520828125 0.232421875 0.703125 0.2314453125 0.7057291671875 0.2236328125 0.69140625 0.216796875 0.6627604171875 0.21484375 0.6432291671875 0.2216796875
4 0.5611979171875 0.162109375 0.5520833328125 0.1669921875 0.5338541671875 0.1923828125 0.53125 0.2041015625 0.53515625 0.20703125 0.5416666671875 0.2060546875 0.5546875 0.2001953125 0.5651041671875 0.1806640625 0.5677083328125 0.1689453125 0.5611979171875 0.162109375
4 0.7434895828125 0.244140625 0.7291666671875 0.2529296875 0.7161458328125 0.2724609375 0.7161458328125 0.2841796875 0.72265625 0.2890625 0.7291666671875 0.2880859375 0.7447916671875 0.2666015625 0.7526041671875 0.2490234375 0.7486979171875 0.244140625 0.7434895828125 0.244140625
4 0.3997395828125 0.35546875 0.3919270828125 0.35546875 0.3880208328125 0.3642578125 0.3958333328125 0.3759765625 0.3984375 0.3916015625 0.40625 0.3974609375 0.4140625 0.3876953125 0.4114583328125 0.3720703125 0.40625 0.3603515625 0.3997395828125 0.35546875
4 0.3841145828125 0.431640625 0.3697916671875 0.4404296875 0.3763020828125 0.447265625 0.3802083328125 0.4462890625 0.4231770828125 0.44140625 0.4296875 0.4345703125 0.41796875 0.4296875 0.3841145828125 0.431640625
4 0.2981770828125 0.4453125 0.2903645828125 0.4453125 0.2838541671875 0.4501953125 0.28125 0.4580078125 0.265625 0.4736328125 0.2630208328125 0.4833984375 0.2734375 0.4833984375 0.2838541671875 0.4794921875 0.2994791671875 0.4599609375 0.3020833328125 0.4501953125 0.2981770828125 0.4453125
4 0.26171875 0.31640625 0.2526041671875 0.3193359375 0.2526041671875 0.3251953125 0.26171875 0.333984375 0.2942708328125 0.3447265625 0.3059895828125 0.34375 0.3098958328125 0.3408203125 0.3072916671875 0.3369140625 0.26171875 0.31640625
4 0.1809895828125 0.458984375 0.171875 0.4658203125 0.17578125 0.470703125 0.1888020828125 0.474609375 0.21484375 0.48046875 0.22916666718749998 0.4794921875 0.23177083281250002 0.4736328125 0.22265625 0.466796875 0.20442708281250002 0.4609375 0.1809895828125 0.458984375
4 0.1809895828125 0.3671875 0.1770833328125 0.3701171875 0.1770833328125 0.3779296875 0.1927083328125 0.4013671875 0.20442708281250002 0.41015625 0.21614583281250002 0.4111328125 0.21354166718749998 0.3974609375 0.1953125 0.3720703125 0.1888020828125 0.3671875 0.1809895828125 0.3671875
4 0.4674479171875 0.451171875 0.4609375 0.4560546875 0.4674479171875 0.462890625 0.5130208328125 0.4638671875 0.5234375 0.4599609375 0.5221354171875 0.455078125 0.4986979171875 0.451171875 0.4674479171875 0.451171875
4 0.5546875 0.4501953125 0.5768229171875 0.466796875 0.5885416671875 0.4697265625 0.5885416671875 0.4560546875 0.5690104171875 0.44140625 0.5533854171875 0.44140625 0.5546875 0.4501953125
4 0.6614583328125 0.4775390625 0.6614583328125 0.4833984375 0.69140625 0.505859375 0.7018229171875 0.509765625 0.7083333328125 0.5087890625 0.7083333328125 0.4990234375 0.69140625 0.486328125 0.6783854171875 0.478515625 0.6614583328125 0.4775390625
4 0.7395833328125 0.3564453125 0.7526041671875 0.3681640625 0.7721354171875 0.380859375 0.7838541671875 0.3798828125 0.7864583328125 0.3720703125 0.7486979171875 0.345703125 0.7408854171875 0.34375 0.7395833328125 0.3564453125
4 0.6067708328125 0.3837890625 0.6067708328125 0.3896484375 0.6158854171875 0.396484375 0.6419270828125 0.404296875 0.6588541671875 0.4033203125 0.6640625 0.4013671875 0.6627604171875 0.39453125 0.6184895828125 0.380859375 0.6067708328125 0.3837890625
4 0.6653645828125 0.43359375 0.6614583328125 0.4365234375 0.6614583328125 0.4404296875 0.6705729171875 0.447265625 0.69140625 0.451171875 0.7135416671875 0.4501953125 0.7239583328125 0.4462890625 0.7200520828125 0.439453125 0.68359375 0.43359375 0.6653645828125 0.43359375
4 0.2981770828125 0.556640625 0.2916666671875 0.5615234375 0.2890625 0.5693359375 0.29296875 0.572265625 0.3020833328125 0.5712890625 0.3294270828125 0.55859375 0.3333333328125 0.5517578125 0.3216145828125 0.546875 0.2981770828125 0.556640625
4 0.5325520828125 0.529296875 0.50390625 0.541015625 0.4973958328125 0.5478515625 0.4973958328125 0.5537109375 0.5052083328125 0.5556640625 0.5403645828125 0.54296875 0.5494791671875 0.5361328125 0.5494791671875 0.5322265625 0.5325520828125 0.529296875
4 0.4231770828125 0.568359375 0.3997395828125 0.576171875 0.3932291671875 0.5810546875 0.390625 0.5908203125 0.4036458328125 0.5908203125 0.4388020828125 0.580078125 0.4453125 0.5751953125 0.4427083328125 0.5693359375 0.4231770828125 0.568359375
4 0.60546875 0.5546875 0.6002604171875 0.5546875 0.5963541671875 0.5595703125 0.59375 0.5849609375 0.5963541671875 0.5966796875 0.6015625 0.5986328125 0.609375 0.5966796875 0.6145833328125 0.5869140625 0.6145833328125 0.5634765625 0.60546875 0.5546875
4 0.3971354171875 0.501953125 0.3880208328125 0.5068359375 0.3919270828125 0.515625 0.4088541671875 0.5146484375 0.4388020828125 0.5078125 0.4505208328125 0.4970703125 0.4388020828125 0.4921875 0.3971354171875 0.501953125
4 0.7252604171875 0.52734375 0.7239583328125 0.5400390625 0.7317708328125 0.5673828125 0.7395833328125 0.5693359375 0.7447916671875 0.5654296875 0.7421875 0.5380859375 0.73046875 0.52734375 0.7252604171875 0.52734375
4 0.71875 0.7177734375 0.71875 0.7294921875 0.72265625 0.732421875 0.7291666671875 0.7314453125 0.7578125 0.7001953125 0.75390625 0.69140625 0.7434895828125 0.693359375 0.71875 0.7177734375
4 0.7005208328125 0.6396484375 0.7005208328125 0.6435546875 0.7408854171875 0.669921875 0.7552083328125 0.6708984375 0.7526041671875 0.6611328125 0.7356770828125 0.6484375 0.7122395828125 0.63671875 0.7005208328125 0.6396484375
4 0.1770833328125 0.5947265625 0.171875 0.6005859375 0.171875 0.6123046875 0.1796875 0.6123046875 0.21614583281250002 0.5849609375 0.21223958281250002 0.576171875 0.1966145828125 0.578125 0.1770833328125 0.5947265625
4 0.5221354171875 0.6171875 0.515625 0.6318359375 0.5234375 0.6494140625 0.53515625 0.66015625 0.5442708328125 0.6591796875 0.546875 0.6533203125 0.5364583328125 0.6318359375 0.53125 0.6220703125 0.5221354171875 0.6171875
4 0.5234375 0.7158203125 0.5234375 0.7392578125 0.5325520828125 0.748046875 0.5390625 0.7470703125 0.5442708328125 0.7041015625 0.53515625 0.701171875 0.5260416671875 0.7080078125 0.5234375 0.7158203125
4 0.3841145828125 0.62890625 0.3763020828125 0.630859375 0.3463541671875 0.6533203125 0.34375 0.6630859375 0.3541666671875 0.6650390625 0.3658854171875 0.66015625 0.3854166671875 0.6435546875 0.3880208328125 0.6318359375 0.3841145828125 0.62890625
4 0.2643229171875 0.650390625 0.23177083281250002 0.6708984375 0.23046875 0.681640625 0.24739583281250002 0.6806640625 0.2786458328125 0.6591796875 0.2786458328125 0.6513671875 0.2747395828125 0.6484375 0.2643229171875 0.650390625
4 0.3125 0.7021484375 0.3268229171875 0.712890625 0.3645833328125 0.7119140625 0.3776041671875 0.7060546875 0.3736979171875 0.697265625 0.3216145828125 0.697265625 0.3125 0.7021484375