4 0.73046875 0.38671875 0.7083333328125 0.4072265625 0.7057291671875 0.4208984375 0.7096354171875 0.423828125 0.7161458328125 0.4228515625 0.7447916671875 0.3935546875 0.7473958328125 0.3857421875 0.7434895828125 0.3828125 0.73046875 0.38671875
4 0.59765625 0.306640625 0.5885416671875 0.3173828125 0.5833333328125 0.3369140625 0.5833333328125 0.3427734375 0.5963541671875 0.3525390625 0.6015625 0.3486328125 0.609375 0.3154296875 0.6028645828125 0.306640625 0.59765625 0.306640625
4 0.22135416718749998 0.3232421875 0.22265625 0.328125 0.23567708281250002 0.33203125 0.28125 0.3330078125 0.2838541671875 0.3271484375 0.2721354171875 0.3203125 0.23307291718749998 0.318359375 0.22135416718749998 0.3232421875
4 0.22786458281250002 0.359375 0.22265625 0.359375 0.21354166718749998 0.3662109375 0.1927083328125 0.3876953125 0.1875 0.3994140625 0.19140625 0.40234375 0.1979166671875 0.4013671875 0.20963541718749998 0.3984375 0.22916666718749998 0.3779296875 0.234375 0.3662109375 0.22786458281250002 0.359375
4 0.23177083281250002 0.4619140625 0.21354166718749998 0.4951171875 0.21744791718749998 0.501953125 0.22916666718749998 0.5009765625 0.24479166718749998 0.4775390625 0.24479166718749998 0.4677734375 0.23828125 0.458984375 0.23177083281250002 0.4619140625
4 0.2682291671875 0.5556640625 0.2721354171875 0.5625 0.2838541671875 0.5615234375 0.3098958328125 0.5380859375 0.3059895828125 0.5234375 0.2942708328125 0.5283203125 0.2682291671875 0.5556640625
4 0.1692708328125 0.5771484375 0.171875 0.5830078125 0.1809895828125 0.587890625 0.20963541718749998 0.59765625 0.22395833281250002 0.5986328125 0.2265625 0.5908203125 0.21223958281250002 0.58203125 0.1888020828125 0.57421875 0.1692708328125 0.5771484375
4 0.2981770828125 0.625 0.2890625 0.6298828125 0.28125 0.6591796875 0.2838541671875 0.6708984375 0.2942708328125 0.6708984375 0.3020833328125 0.6630859375 0.3072916671875 0.6435546875 0.3072916671875 0.6357421875 0.2981770828125 0.625
4 0.30859375 0.19921875 0.30078125 0.197265625 0.2942708328125 0.2021484375 0.2942708328125 0.2080078125 0.30859375 0.21875 0.3268229171875 0.2265625 0.3385416671875 0.2255859375 0.3450520828125 0.224609375 0.3463541671875 0.2197265625 0.3372395828125 0.212890625 0.30859375 0.19921875
4 0.20052083281250002 0.1962890625 0.1979166671875 0.2119140625 0.20572916718749998 0.2333984375 0.21223958281250002 0.2421875 0.22395833281250002 0.2431640625 0.2265625 0.2255859375 0.21354166718749998 0.1982421875 0.20442708281250002 0.193359375 0.20052083281250002 0.1962890625
4 0.6510416671875 0.2470703125 0.6380208328125 0.2724609375 0.6432291671875 0.2841796875 0.6510416671875 0.2841796875 0.6666666671875 0.2548828125 0.6666666671875 0.2431640625 0.6627604171875 0.240234375 0.6510416671875 0.2470703125
4 0.6888020828125 0.162109375 0.6848958328125 0.1689453125 0.703125 0.1904296875 0.7122395828125 0.19921875 0.7239583328125 0.1982421875 0.7265625 0.1884765625 0.7135416671875 0.1708984375 0.69921875 0.162109375 0.6888020828125 0.162109375
4 0.7513020828125 0.208984375 0.7408854171875 0.2109375 0.7317708328125 0.2197265625 0.7213541671875 0.2392578125 0.7239583328125 0.2529296875 0.7291666671875 0.2548828125 0.7369791671875 0.2490234375 0.7526041671875 0.2236328125 0.7552083328125 0.2119140625 0.7513020828125 0.208984375
4 0.53125 0.2431640625 0.5325520828125 0.248046875 0.546875 0.2490234375 0.5755208328125 0.2353515625 0.5768229171875 0.22265625 0.5690104171875 0.22265625 0.53125 0.2431640625
4 0.48046875 0.302734375 0.4635416671875 0.3134765625 0.4427083328125 0.3349609375 0.44921875 0.341796875 0.4583333328125 0.3408203125 0.4713541671875 0.3330078125 0.484375 0.3173828125 0.484375 0.3056640625 0.48046875 0.302734375
4 0.4010416671875 0.1982421875 0.4010416671875 0.2021484375 0.4127604171875 0.208984375 0.4466145828125 0.21875 0.4609375 0.2177734375 0.4609375 0.2080078125 0.4440104171875 0.19921875 0.4231770828125 0.193359375 0.4010416671875 0.1982421875
4 0.3489583328125 0.3291015625 0.3489583328125 0.3486328125 0.3541666671875 0.3623046875 0.3580729171875 0.365234375 0.3671875 0.3642578125 0.3697916671875 0.3388671875 0.3671875 0.3271484375 0.3580729171875 0.3203125 0.3489583328125 0.3291015625
4 0.3307291671875 0.4228515625 0.328125 0.4365234375 0.3359375 0.4580078125 0.3424479171875 0.462890625 0.3515625 0.4638671875 0.3515625 0.4404296875 0.3463541671875 0.4267578125 0.3372395828125 0.41796875 0.3307291671875 0.4228515625
4 0.4075520828125 0.388671875 0.4010416671875 0.4033203125 0.4140625 0.4033203125 0.4466145828125 0.392578125 0.4557291671875 0.3837890625 0.44140625 0.376953125 0.4075520828125 0.388671875
4 0.3854166671875 0.5146484375 0.3854166671875 0.5244140625 0.3958333328125 0.5263671875 0.421875 0.4951171875 0.4205729171875 0.48828125 0.4075520828125 0.490234375 0.3854166671875 0.5146484375
4 0.4921875 0.4404296875 0.5026041671875 0.4599609375 0.5052083328125 0.4736328125 0.5091145828125 0.4765625 0.5182291671875 0.4755859375 0.5208333328125 0.4638671875 0.5130208328125 0.4423828125 0.49609375 0.431640625 0.4921875 0.4404296875
4 0.59375 0.4111328125 0.6028645828125 0.423828125 0.6119791671875 0.4228515625 0.6067708328125 0.3837890625 0.5950520828125 0.380859375 0.5911458328125 0.3857421875 0.59375 0.4111328125
4 0.7864583328125 0.3310546875 0.7890625 0.3583984375 0.7955729171875 0.3671875 0.8046875 0.3662109375 0.8046875 0.3291015625 0.7981770828125 0.32421875 0.7903645828125 0.32421875 0.7864583328125 0.3310546875
4 0.7408854171875 0.328125 0.7291666671875 0.3369140625 0.7109375 0.3623046875 0.7122395828125 0.369140625 0.7239583328125 0.3681640625 0.7369791671875 0.3583984375 0.7473958328125 0.3427734375 0.74609375 0.328125 0.7408854171875 0.328125
4 0.66796875 0.46875 0.6588541671875 0.4755859375 0.6588541671875 0.4814453125 0.6627604171875 0.484375 0.671875 0.4833984375 0.7018229171875 0.474609375 0.7083333328125 0.4677734375 0.6940104171875 0.4609375 0.66796875 0.46875
4 0.6692708328125 0.5615234375 0.6692708328125 0.5654296875 0.69921875 0.583984375 0.71484375 0.58984375 0.7265625 0.5888671875 0.7265625 0.5830078125 0.7122395828125 0.572265625 0.6809895828125 0.55859375 0.6692708328125 0.5615234375
4 0.75 0.5048828125 0.7473958328125 0.5244140625 0.75 0.5361328125 0.7565104171875 0.541015625 0.765625 0.5400390625 0.7708333328125 0.4990234375 0.7669270828125 0.494140625 0.76171875 0.494140625 0.75 0.5048828125
4 0.2838541671875 0.2744140625 0.2903645828125 0.283203125 0.3072916671875 0.2822265625 0.3294270828125 0.275390625 0.3385416671875 0.2607421875 0.32421875 0.259765625 0.2838541671875 0.2744140625
4 0.34375 0.5849609375 0.34375 0.5908203125 0.35546875 0.59765625 0.37890625 0.603515625 0.390625 0.6025390625 0.4010416671875 0.5986328125 0.3997395828125 0.59375 0.3528645828125 0.580078125 0.34375 0.5849609375
4 0.5130208328125 0.6201171875 0.515625 0.6318359375 0.52734375 0.640625 0.54296875 0.650390625 0.5572916671875 0.6494140625 0.5598958328125 0.6416015625 0.5481770828125 0.6328125 0.5221354171875 0.6171875 0.5130208328125 0.6201171875
4 0.4153645828125 0.671875 0.4114583328125 0.6806640625 0.421875 0.7041015625 0.4270833328125 0.7119140625 0.43359375 0.716796875 0.4375 0.7158203125 0.4427083328125 0.7001953125 0.4348958328125 0.6826171875 0.4231770828125 0.671875 0.4153645828125 0.671875
4 0.6953125 0.6630859375 0.6953125 0.6708984375 0.703125 0.6884765625 0.7122395828125 0.697265625 0.7161458328125 0.6962890625 0.7213541671875 0.6884765625 0.7135416671875 0.6650390625 0.69921875 0.66015625 0.6953125 0.6630859375
4 0.6380208328125 0.6533203125 0.6328125 0.6708984375 0.6393229171875 0.677734375 0.6432291671875 0.6767578125 0.6640625 0.6416015625 0.66015625 0.63671875 0.6471354171875 0.640625 0.6380208328125 0.6533203125
4 0.7552083328125 0.7568359375 0.7421875 0.7724609375 0.7421875 0.7841796875 0.75 0.7861328125 0.7682291671875 0.7705078125 0.78125 0.7529296875 0.7721354171875 0.74609375 0.7552083328125 0.7568359375
4 0.66015625 0.712890625 0.6536458328125 0.7236328125 0.6536458328125 0.7548828125 0.6575520828125 0.76171875 0.6692708328125 0.7607421875 0.6744791671875 0.7509765625 0.6744791671875 0.7314453125 0.6692708328125 0.7197265625 0.66015625 0.712890625
4 0.5690104171875 0.53515625 0.5677083328125 0.5439453125 0.5755208328125 0.5654296875 0.5846354171875 0.57421875 0.5885416671875 0.5732421875 0.59375 0.5712890625 0.5885416671875 0.5419921875 0.5768229171875 0.53515625 0.5690104171875 0.53515625
4 0.4973958328125 0.7333984375 0.4973958328125 0.7412109375 0.5052083328125 0.7529296875 0.51953125 0.767578125 0.5338541671875 0.7705078125 0.5364583328125 0.7666015625 0.53125 0.7568359375 0.50390625 0.728515625 0.4973958328125 0.7333984375
4 0.22526041718749998 0.69140625 0.22395833281250002 0.6982421875 0.24739583281250002 0.7294921875 0.2513020828125 0.732421875 0.2604166671875 0.7314453125 0.2630208328125 0.7216796875 0.2578125 0.7138671875 0.23567708281250002 0.693359375 0.22526041718749998 0.69140625
4 0.3359375 0.7177734375 0.3385416671875 0.7255859375 0.3502604171875 0.734375 0.37109375 0.748046875 0.3828125 0.7490234375 0.3854166671875 0.7373046875 0.36328125 0.720703125 0.35546875 0.716796875 0.3359375 0.7177734375