4 0.1861979171875 0.29296875 0.1796875 0.2998046875 0.1822916671875 0.3056640625 0.20703125 0.328125 0.21875 0.3291015625 0.22395833281250002 0.3251953125 0.21875 0.3173828125 0.1979166671875 0.2958984375 0.1861979171875 0.29296875
4 0.3919270828125 0.271484375 0.36328125 0.275390625 0.3515625 0.2802734375 0.3528645828125 0.28515625 0.3684895828125 0.291015625 0.375 0.2900390625 0.4049479171875 0.28515625 0.4114583328125 0.2783203125 0.4088541671875 0.2724609375 0.3919270828125 0.271484375
4 0.22786458281250002 0.169921875 0.21875 0.1728515625 0.21354166718749998 0.1845703125 0.21354166718749998 0.2080078125 0.2265625 0.2177734375 0.23177083281250002 0.2138671875 0.234375 0.1923828125 0.234375 0.1748046875 0.22786458281250002 0.169921875
4 0.2955729171875 0.216796875 0.2864583328125 0.2255859375 0.2864583328125 0.2568359375 0.29296875 0.263671875 0.3020833328125 0.2626953125 0.3072916671875 0.2548828125 0.3072916671875 0.2275390625 0.3046875 0.2197265625 0.2955729171875 0.216796875
4 0.40234375 0.181640625 0.39453125 0.18359375 0.3854166671875 0.1923828125 0.3802083328125 0.2099609375 0.3802083328125 0.2216796875 0.38671875 0.228515625 0.3932291671875 0.2294921875 0.4010416671875 0.2216796875 0.40625 0.1962890625 0.40625 0.1845703125 0.40234375 0.181640625
4 0.5572916671875 0.3251953125 0.5572916671875 0.3291015625 0.5768229171875 0.341796875 0.59765625 0.349609375 0.6067708328125 0.3486328125 0.609375 0.3447265625 0.58984375 0.330078125 0.56640625 0.322265625 0.5572916671875 0.3251953125
4 0.546875 0.2626953125 0.5481770828125 0.26953125 0.5677083328125 0.2705078125 0.6002604171875 0.26171875 0.609375 0.2529296875 0.6002604171875 0.248046875 0.546875 0.2626953125
4 0.7330729171875 0.3125 0.7096354171875 0.318359375 0.7005208328125 0.3232421875 0.6979166671875 0.3330078125 0.7135416671875 0.3330078125 0.7486979171875 0.32421875 0.7578125 0.3173828125 0.7486979171875 0.3125 0.7330729171875 0.3125
4 0.7447916671875 0.2177734375 0.7421875 0.2294921875 0.74609375 0.232421875 0.7552083328125 0.2314453125 0.7786458328125 0.2060546875 0.7825520828125 0.19140625 0.7643229171875 0.1953125 0.7447916671875 0.2177734375
4 0.7591145828125 0.25390625 0.7552083328125 0.2685546875 0.7604166671875 0.2978515625 0.7643229171875 0.30078125 0.7734375 0.2998046875 0.7786458328125 0.2919921875 0.7760416671875 0.2646484375 0.7643229171875 0.25390625 0.7591145828125 0.25390625
4 0.6497395828125 0.189453125 0.6458333328125 0.1923828125 0.6510416671875 0.2041015625 0.6575520828125 0.208984375 0.6809895828125 0.216796875 0.6979166671875 0.2158203125 0.703125 0.2119140625 0.69921875 0.203125 0.66015625 0.189453125 0.6497395828125 0.189453125
4 0.4036458328125 0.4931640625 0.4075520828125 0.498046875 0.4309895828125 0.501953125 0.4583333328125 0.5009765625 0.4583333328125 0.4970703125 0.4466145828125 0.490234375 0.4127604171875 0.48828125 0.4036458328125 0.4931640625
4 0.20442708281250002 0.498046875 0.1979166671875 0.5048828125 0.20052083281250002 0.5302734375 0.21484375 0.541015625 0.21875 0.5400390625 0.22135416718749998 0.5322265625 0.21614583281250002 0.5068359375 0.21354166718749998 0.5009765625 0.20442708281250002 0.498046875
4 0.4557291671875 0.4072265625 0.4583333328125 0.4345703125 0.4739583328125 0.4462890625 0.4765625 0.4130859375 0.4713541671875 0.4013671875 0.4622395828125 0.3984375 0.4557291671875 0.4072265625
4 0.3138020828125 0.376953125 0.3046875 0.3837890625 0.3138020828125 0.390625 0.3515625 0.3896484375 0.36328125 0.388671875 0.3645833328125 0.3837890625 0.3502604171875 0.375 0.3138020828125 0.376953125
4 0.20442708281250002 0.435546875 0.20052083281250002 0.4384765625 0.20052083281250002 0.4443359375 0.20963541718749998 0.44921875 0.2552083328125 0.4541015625 0.2604166671875 0.4501953125 0.24609375 0.439453125 0.22265625 0.435546875 0.20442708281250002 0.435546875
4 0.2981770828125 0.41015625 0.2890625 0.4130859375 0.2942708328125 0.4228515625 0.30859375 0.43359375 0.3294270828125 0.443359375 0.3359375 0.4423828125 0.3411458328125 0.4404296875 0.3411458328125 0.4345703125 0.3294270828125 0.42578125 0.2981770828125 0.41015625
4 0.75390625 0.556640625 0.7734375 0.5556640625 0.7942708328125 0.5419921875 0.7955729171875 0.53125 0.7526041671875 0.5537109375 0.75390625 0.556640625
4 0.5221354171875 0.513671875 0.53515625 0.51953125 0.5533854171875 0.52734375 0.5651041671875 0.5263671875 0.5651041671875 0.5185546875 0.5377604171875 0.501953125 0.5104166671875 0.5029296875 0.5221354171875 0.513671875
4 0.7408854171875 0.474609375 0.73046875 0.47265625 0.71875 0.4755859375 0.71875 0.4814453125 0.7252604171875 0.486328125 0.7434895828125 0.49609375 0.7604166671875 0.4990234375 0.765625 0.4970703125 0.765625 0.4912109375 0.7591145828125 0.484375 0.7408854171875 0.474609375
4 0.70703125 0.421875 0.6901041671875 0.4287109375 0.6940104171875 0.4375 0.7135416671875 0.4365234375 0.74609375 0.43359375 0.7552083328125 0.4287109375 0.73828125 0.419921875 0.70703125 0.421875
4 0.64453125 0.462890625 0.6236979171875 0.46875 0.6145833328125 0.4775390625 0.6184895828125 0.482421875 0.6302083328125 0.4833984375 0.66796875 0.474609375 0.6744791671875 0.4658203125 0.6705729171875 0.462890625 0.64453125 0.462890625
4 0.5455729171875 0.423828125 0.5221354171875 0.4296875 0.515625 0.4345703125 0.51953125 0.44140625 0.5416666671875 0.4423828125 0.5690104171875 0.435546875 0.5755208328125 0.4248046875 0.5716145828125 0.421875 0.5455729171875 0.423828125
4 0.5950520828125 0.439453125 0.5885416671875 0.4462890625 0.5950520828125 0.451171875 0.6145833328125 0.4501953125 0.6432291671875 0.4365234375 0.6458333328125 0.4248046875 0.6419270828125 0.421875 0.5950520828125 0.439453125
4 0.5013020828125 0.568359375 0.49609375 0.568359375 0.4947916671875 0.5771484375 0.5026041671875 0.5830078125 0.5026041671875 0.5869140625 0.5078125 0.5869140625 0.5078125 0.5966796875 0.51171875 0.599609375 0.5208333328125 0.5986328125 0.515625 0.5966796875 0.5234375 0.5947265625 0.515625 0.5771484375 0.5013020828125 0.568359375
4 0.4388020828125 0.55078125 0.4140625 0.5693359375 0.4088541671875 0.5771484375 0.4114583328125 0.5830078125 0.4322916671875 0.5732421875 0.4479166671875 0.5595703125 0.44921875 0.55078125 0.4388020828125 0.55078125
4 0.20182291718749998 0.576171875 0.1979166671875 0.5849609375 0.20833333281250002 0.5947265625 0.22265625 0.60546875 0.234375 0.6044921875 0.234375 0.5966796875 0.22135416718749998 0.5830078125 0.21223958281250002 0.576171875 0.20182291718749998 0.576171875
4 0.44921875 0.7578125 0.4348958328125 0.7646484375 0.4388020828125 0.76953125 0.4466145828125 0.771484375 0.4895833328125 0.7724609375 0.4895833328125 0.7646484375 0.4856770828125 0.76171875 0.46484375 0.7578125 0.44921875 0.7578125
4 0.4791666671875 0.6728515625 0.4817708328125 0.6787109375 0.5013020828125 0.69140625 0.51953125 0.697265625 0.5338541671875 0.6962890625 0.5390625 0.6923828125 0.52734375 0.68359375 0.4908854171875 0.669921875 0.4791666671875 0.6728515625
4 0.3815104171875 0.6328125 0.3645833328125 0.6416015625 0.3541666671875 0.6572265625 0.3541666671875 0.6728515625 0.3580729171875 0.67578125 0.3645833328125 0.6748046875 0.3723958328125 0.6689453125 0.3854166671875 0.6455078125 0.3854166671875 0.6357421875 0.3815104171875 0.6328125
4 0.24348958281250002 0.65234375 0.23828125 0.65234375 0.22916666718749998 0.6591796875 0.22135416718749998 0.6748046875 0.21875 0.6884765625 0.22786458281250002 0.697265625 0.23177083281250002 0.6962890625 0.23958333281250002 0.6884765625 0.24479166718749998 0.6748046875 0.24739583281250002 0.6552734375 0.24348958281250002 0.65234375
4 0.35546875 0.609375 0.3268229171875 0.6171875 0.3151041671875 0.6259765625 0.3125 0.6337890625 0.3307291671875 0.6337890625 0.3658854171875 0.623046875 0.3697916671875 0.6201171875 0.3697916671875 0.6123046875 0.35546875 0.609375
4 0.3984375 0.6962890625 0.40625 0.7041015625 0.4309895828125 0.72265625 0.4453125 0.7236328125 0.4453125 0.7099609375 0.41796875 0.689453125 0.3984375 0.6904296875 0.3984375 0.6962890625
4 0.32421875 0.705078125 0.30859375 0.701171875 0.3046875 0.7041015625 0.3046875 0.7138671875 0.3151041671875 0.7353515625 0.32421875 0.74609375 0.3307291671875 0.7451171875 0.3359375 0.7412109375 0.3359375 0.7275390625 0.3307291671875 0.7158203125 0.32421875 0.705078125
4 0.59375 0.5615234375 0.5989583328125 0.5712890625 0.61328125 0.580078125 0.6263020828125 0.5859375 0.6432291671875 0.5849609375 0.6419270828125 0.578125 0.6106770828125 0.5625 0.6002604171875 0.55859375 0.59375 0.5615234375
4 0.73828125 0.623046875 0.7200520828125 0.62890625 0.6875 0.6474609375 0.6888020828125 0.65234375 0.7083333328125 0.6533203125 0.7252604171875 0.646484375 0.7421875 0.6337890625 0.7421875 0.6259765625 0.73828125 0.623046875
4 0.78515625 0.62890625 0.7799479171875 0.62890625 0.7708333328125 0.6357421875 0.7526041671875 0.6591796875 0.7526041671875 0.6669921875 0.7565104171875 0.669921875 0.7630208328125 0.6689453125 0.7760416671875 0.6611328125 0.7890625 0.6435546875 0.7890625 0.6318359375 0.78515625 0.62890625
4 0.54296875 0.744140625 0.5208333328125 0.7509765625 0.52734375 0.759765625 0.5572916671875 0.7587890625 0.5690104171875 0.7578125 0.5807291671875 0.7490234375 0.5807291671875 0.7431640625 0.54296875 0.744140625
4 0.625 0.7294921875 0.6119791671875 0.7470703125 0.6145833328125 0.7587890625 0.6276041671875 0.7587890625 0.6510416671875 0.7255859375 0.6471354171875 0.71875 0.63671875 0.720703125 0.625 0.7294921875
4 0.71484375 0.74609375 0.7057291671875 0.7509765625 0.7057291671875 0.7548828125 0.7174479171875 0.76171875 0.7513020828125 0.767578125 0.7604166671875 0.7666015625 0.765625 0.7626953125 0.75390625 0.751953125 0.72265625 0.74609375 0.71484375 0.74609375