4 0.20416666718749998 0.33125 0.21354166718749998 0.33515625 0.21979166718749998 0.334375 0.22395833281250002 0.32734375 0.2166666671875 0.31484375 0.2010416671875 0.2984375 0.1895833328125 0.29453125 0.18020833281249998 0.3015625 0.1854166671875 0.3140625 0.20416666718749998 0.33125
4 0.290625 0.25625 0.31875 0.25 0.33125 0.240625 0.3385416671875 0.22578125 0.3322916671875 0.21875 0.3270833328125 0.21796875 0.3125 0.221875 0.28958333281250004 0.2390625 0.290625 0.25625
4 0.40625 0.21875 0.415625 0.22421875 0.428125 0.22421875 0.4604166671875 0.21015625 0.46770833281249996 0.203125 0.46770833281249996 0.19296875 0.4604166671875 0.1890625 0.45208333281249996 0.1890625 0.415625 0.203125 0.40520833281249996 0.21328125 0.40625 0.21875
4 0.5677083328125 0.2265625 0.5854166671875001 0.22578125 0.5885416671875 0.2140625 0.5635416671875 0.1953125 0.5447916671875 0.19140625 0.5385416671875001 0.2046875 0.55 0.2171875 0.5677083328125 0.2265625
4 0.7427083328124999 0.2296875 0.746875 0.2359375 0.759375 0.2359375 0.7645833328125 0.23203125 0.7822916671875 0.20859375 0.7833333328125 0.19375 0.771875 0.18984375 0.7572916671875001 0.19921875 0.746875 0.21328125 0.7427083328124999 0.2296875
4 0.6229166671875 0.28125 0.6333333328124999 0.28671875 0.6479166671875001 0.28671875 0.6739583328125 0.28125 0.684375 0.2734375 0.6875 0.26484375 0.6822916671875 0.2609375 0.671875 0.26015625 0.634375 0.26953125 0.6229166671875 0.2765625 0.6229166671875 0.28125
4 0.2708333328125 0.3296875 0.278125 0.3359375 0.2916666671875 0.33359375 0.2989583328125 0.3234375 0.3072916671875 0.30390625 0.3083333328125 0.290625 0.2989583328125 0.2875 0.2854166671875 0.29296875 0.27291666718749996 0.3140625 0.2708333328125 0.3296875
4 0.3541666671875 0.29921875 0.3895833328125 0.309375 0.40625 0.309375 0.4135416671875 0.3046875 0.403125 0.28828125 0.378125 0.28046875 0.3541666671875 0.278125 0.3479166671875 0.28515625 0.346875 0.29296875 0.3541666671875 0.29921875
4 0.546875 0.35390625 0.559375 0.3578125 0.5947916671875 0.3484375 0.6020833328124999 0.34140625 0.6020833328124999 0.33046875 0.5979166671875 0.32734375 0.5885416671875 0.32734375 0.553125 0.33828125 0.5479166671875 0.34296875 0.546875 0.35390625
4 0.7666666671875 0.4140625 0.7739583328124999 0.41484375 0.78125 0.40625 0.7770833328125 0.38046875 0.7697916671875 0.371875 0.7583333328124999 0.36796875 0.7520833328125 0.37578125 0.7572916671875001 0.40390625 0.7666666671875 0.4140625
4 0.2552083328125 0.4171875 0.278125 0.4328125 0.2947916671875 0.43671875 0.3125 0.43203125 0.296875 0.41015625 0.2770833328125 0.40546875 0.2697916671875 0.4 0.2552083328125 0.4 0.2510416671875 0.403125 0.2510416671875 0.409375 0.2552083328125 0.4171875
4 0.2927083328125 0.3953125 0.30416666718749996 0.40546875 0.3145833328125 0.39609375 0.325 0.36953125 0.3239583328125 0.365625 0.3145833328125 0.36328125 0.3 0.37109375 0.29375 0.38203125 0.2927083328125 0.3953125
4 0.30625 0.4671875 0.3145833328125 0.4734375 0.328125 0.465625 0.33645833281250004 0.44765625 0.33541666718749996 0.4296875 0.3260416671875 0.425 0.3135416671875 0.4296875 0.3083333328125 0.43828125 0.30625 0.4671875
4 0.4614583328125 0.40703125 0.46979166718750004 0.41015625 0.4791666671875 0.40234375 0.48645833281249995 0.3765625 0.48125 0.365625 0.46770833281249996 0.365625 0.459375 0.378125 0.459375 0.4015625 0.4614583328125 0.40703125
4 0.525 0.43359375 0.5322916671875 0.44375 0.5458333328125 0.44765625 0.5510416671875 0.44375 0.55 0.41640625 0.5447916671875 0.40859375 0.5385416671875001 0.4078125 0.5302083328125 0.409375 0.525 0.415625 0.525 0.43359375
4 0.5708333328124999 0.453125 0.5864583328124999 0.45546875 0.6114583328125 0.45234375 0.6322916671875001 0.44453125 0.63125 0.4296875 0.6072916671875 0.428125 0.571875 0.4390625 0.5677083328125 0.44375 0.5708333328124999 0.453125
4 0.675 0.45625 0.6791666671875001 0.46015625 0.690625 0.46015625 0.7166666671875 0.45078125 0.7270833328124999 0.440625 0.73125 0.428125 0.721875 0.42265625 0.7114583328124999 0.42265625 0.6989583328125 0.4265625 0.6791666671875001 0.4390625 0.675 0.45625
4 0.18020833281249998 0.50390625 0.1927083328125 0.51328125 0.2208333328125 0.51640625 0.23333333281250002 0.51015625 0.23333333281250002 0.50390625 0.22395833281250002 0.496875 0.20833333281250002 0.4890625 0.1854166671875 0.484375 0.1770833328125 0.4890625 0.175 0.49453125 0.18020833281249998 0.50390625
4 0.434375 0.5640625 0.46770833281249996 0.575 0.48333333281249996 0.575 0.49583333281249997 0.5703125 0.50625 0.57421875 0.5145833328125 0.584375 0.5291666671875 0.59296875 0.5427083328125 0.5921875 0.54375 0.58125 0.5114583328125 0.55390625 0.5041666671875 0.553125 0.49375 0.56484375 0.484375 0.553125 0.4635416671875 0.54765625 0.45208333281249996 0.53984375 0.4302083328125 0.53828125 0.42395833281249995 0.54296875 0.42395833281249995 0.55078125 0.434375 0.5640625
4 0.528125 0.52734375 0.54375 0.5265625 0.55 0.521875 0.5458333328125 0.509375 0.5375 0.50390625 0.5208333328125 0.5 0.5010416671875 0.5 0.48854166718750003 0.50625 0.5 0.5203125 0.528125 0.52734375
4 0.75625 0.56171875 0.7760416671875 0.5609375 0.803125 0.54765625 0.803125 0.534375 0.7947916671875 0.53046875 0.7583333328124999 0.54296875 0.7520833328125 0.553125 0.75625 0.56171875
4 0.6479166671875001 0.603125 0.659375 0.60546875 0.6645833328124999 0.5953125 0.6645833328124999 0.57109375 0.659375 0.56171875 0.6447916671875 0.5609375 0.6395833328125 0.56875 0.6416666671875 0.59375 0.6479166671875001 0.603125
4 0.7541666671875 0.66875 0.7583333328124999 0.6734375 0.7739583328124999 0.66953125 0.7958333328125 0.646875 0.7958333328125 0.6328125 0.78125 0.62890625 0.7677083328125 0.63828125 0.7541666671875 0.6546875 0.7541666671875 0.66875
4 0.7364583328125 0.73359375 0.74375 0.7375 0.7520833328125 0.7375 0.7875 0.728125 0.7947916671875 0.721875 0.7947916671875 0.715625 0.7895833328124999 0.70859375 0.78125 0.7078125 0.7458333328125 0.71640625 0.7395833328125 0.72109375 0.7364583328125 0.73359375
4 0.48645833281249995 0.77890625 0.49583333281249997 0.77578125 0.496875 0.76875 0.490625 0.76328125 0.46979166718750004 0.75859375 0.453125 0.75859375 0.43854166718750004 0.76875 0.44166666718750003 0.7765625 0.48645833281249995 0.77890625
4 0.509375 0.753125 0.51875 0.759375 0.528125 0.75078125 0.525 0.725 0.51875 0.71484375 0.5072916671875001 0.71328125 0.5020833328125 0.71875 0.503125 0.73828125 0.509375 0.753125
4 0.5895833328125 0.76015625 0.5947916671875 0.7671875 0.6104166671875 0.7640625 0.6239583328125 0.73515625 0.6197916671875 0.72421875 0.6083333328125 0.721875 0.5989583328125 0.73046875 0.590625 0.75390625 0.5895833328125 0.76015625
4 0.19375 0.64453125 0.2010416671875 0.653125 0.21458333281250003 0.65078125 0.22395833281250002 0.64375 0.23541666718749998 0.62265625 0.2375 0.60625 0.23125 0.6015625 0.22395833281250002 0.6015625 0.20625 0.6109375 0.19479166718750002 0.6265625 0.19375 0.64453125
4 0.421875 0.65859375 0.4291666671875 0.6625 0.4447916671875 0.6578125 0.453125 0.64921875 0.459375 0.6359375 0.459375 0.62421875 0.45729166718750003 0.61953125 0.45104166718750005 0.61875 0.43541666718750005 0.62421875 0.42291666718750004 0.64375 0.421875 0.65859375
4 0.4625 0.6875 0.48020833281249997 0.6875 0.50625 0.67265625 0.5104166671875 0.65859375 0.5010416671875 0.65546875 0.46979166718750004 0.66640625 0.459375 0.68046875 0.4625 0.6875
4 0.528125 0.59375 0.5458333328125 0.5953125 0.55 0.58359375 0.5458333328125 0.5765625 0.521875 0.55390625 0.5052083328125 0.55078125 0.49791666718750005 0.5578125 0.49583333281249997 0.571875 0.528125 0.59375
4 0.6583333328125 0.6921875 0.6583333328125 0.696875 0.6447916671875 0.70703125 0.6395833328125 0.71796875 0.6395833328125 0.725 0.6458333328125 0.7328125 0.6791666671875001 0.7140625 0.690625 0.69765625 0.6947916671875001 0.6828125 0.6822916671875 0.66796875 0.6447916671875 0.65546875 0.6416666671875 0.6578125 0.6416666671875 0.671875 0.6583333328125 0.6921875
4 0.7125 0.66015625 0.73125 0.659375 0.7322916671875 0.6453125 0.7239583328125 0.6375 0.7041666671875 0.628125 0.6822916671875 0.62578125 0.6760416671875 0.634375 0.6875 0.65 0.7125 0.66015625
4 0.28958333281250004 0.703125 0.3072916671875 0.70390625 0.33645833281250004 0.690625 0.3416666671875 0.68515625 0.3395833328125 0.67890625 0.33125 0.6734375 0.31979166718749996 0.6734375 0.296875 0.6796875 0.2791666671875 0.69765625 0.28958333281250004 0.703125
4 0.328125 0.64453125 0.33125 0.65 0.365625 0.65234375 0.3958333328125 0.646875 0.39375 0.63125 0.3552083328125 0.628125 0.3416666671875 0.63203125 0.3333333328125 0.63828125 0.328125 0.64453125
4 0.2989583328125 0.584375 0.284375 0.6 0.2833333328125 0.61640625 0.28854166718749996 0.61953125 0.2958333328125 0.61875 0.3083333328125 0.6140625 0.31979166718749996 0.603125 0.3260416671875 0.6078125 0.3395833328125 0.6046875 0.359375 0.58359375 0.3572916671875 0.57265625 0.3489583328125 0.57109375 0.325 0.59375 0.315625 0.58359375 0.2989583328125 0.584375
4 0.41041666718750003 0.49140625 0.4270833328125 0.51015625 0.43645833281249996 0.5109375 0.4604166671875 0.4984375 0.4739583328125 0.4859375 0.475 0.48046875 0.45416666718750004 0.4640625 0.428125 0.4625 0.40208333281249997 0.4671875 0.3947916671875 0.48125 0.41041666718750003 0.49140625