4 0.3190104171875 0.234375 0.3111979171875 0.236328125 0.2760416671875 0.2626953125 0.2825520828125 0.26953125 0.2916666671875 0.2685546875 0.3059895828125 0.26171875 0.3203125 0.2490234375 0.3229166671875 0.2373046875 0.3190104171875 0.234375
4 0.3216145828125 0.330078125 0.3177083328125 0.3330078125 0.3177083328125 0.3466796875 0.3424479171875 0.365234375 0.3567708328125 0.3662109375 0.3619791671875 0.3623046875 0.3567708328125 0.3544921875 0.3372395828125 0.337890625 0.3216145828125 0.330078125
4 0.3684895828125 0.275390625 0.3645833328125 0.2783203125 0.3671875 0.3193359375 0.37109375 0.322265625 0.3802083328125 0.3212890625 0.3854166671875 0.3134765625 0.3854166671875 0.2958984375 0.3828125 0.2861328125 0.3684895828125 0.275390625
4 0.2994791671875 0.2021484375 0.3020833328125 0.2119140625 0.3190104171875 0.22265625 0.3385416671875 0.2275390625 0.3502604171875 0.2265625 0.3515625 0.2197265625 0.3059895828125 0.197265625 0.2994791671875 0.2021484375
4 0.20703125 0.1953125 0.203125 0.2138671875 0.2109375 0.2353515625 0.22005208281250002 0.244140625 0.23177083281250002 0.2431640625 0.23177083281250002 0.2294921875 0.22395833281250002 0.2080078125 0.21614583281250002 0.1962890625 0.20703125 0.1953125
4 0.5546875 0.1943359375 0.5572916671875 0.2060546875 0.5703125 0.2333984375 0.578125 0.2353515625 0.578125 0.2080078125 0.5703125 0.1943359375 0.55859375 0.19140625 0.5546875 0.1943359375
4 0.4765625 0.2978515625 0.4817708328125 0.3232421875 0.48828125 0.33203125 0.49609375 0.3359375 0.5026041671875 0.3349609375 0.5026041671875 0.3232421875 0.4921875 0.2978515625 0.4830729171875 0.29296875 0.4765625 0.2978515625
4 0.55859375 0.28125 0.5546875 0.2841796875 0.5794270828125 0.302734375 0.5950520828125 0.30859375 0.6015625 0.3076171875 0.6067708328125 0.2998046875 0.5924479171875 0.2890625 0.5716145828125 0.28125 0.55859375 0.28125
4 0.4010416671875 0.2626953125 0.4010416671875 0.2666015625 0.41015625 0.2734375 0.4440104171875 0.2890625 0.4505208328125 0.2880859375 0.453125 0.2822265625 0.4388020828125 0.26953125 0.41796875 0.259765625 0.4010416671875 0.2626953125
4 0.4518229171875 0.189453125 0.4427083328125 0.1962890625 0.4296875 0.2138671875 0.4296875 0.2275390625 0.4375 0.2294921875 0.4479166671875 0.2216796875 0.46875 0.1943359375 0.4622395828125 0.1875 0.4518229171875 0.189453125
4 0.7265625 0.2763671875 0.7317708328125 0.2841796875 0.7486979171875 0.296875 0.7591145828125 0.30078125 0.7708333328125 0.2998046875 0.7682291671875 0.2900390625 0.7408854171875 0.26953125 0.73046875 0.267578125 0.7265625 0.2763671875
4 0.6549479171875 0.3125 0.6432291671875 0.3193359375 0.65234375 0.326171875 0.6979166671875 0.3291015625 0.703125 0.3271484375 0.703125 0.3193359375 0.6940104171875 0.314453125 0.6549479171875 0.3125
4 0.7877604171875 0.19921875 0.7604166671875 0.2216796875 0.7578125 0.2373046875 0.7630208328125 0.2392578125 0.78125 0.2275390625 0.7994791671875 0.2099609375 0.80078125 0.19921875 0.7877604171875 0.19921875
4 0.6393229171875 0.21484375 0.6354166671875 0.2236328125 0.6458333328125 0.2392578125 0.65625 0.2529296875 0.6627604171875 0.2578125 0.6692708328125 0.2568359375 0.6692708328125 0.2373046875 0.6588541671875 0.2236328125 0.6471354171875 0.21484375 0.6393229171875 0.21484375
4 0.6940104171875 0.162109375 0.6901041671875 0.1650390625 0.6901041671875 0.1728515625 0.7109375 0.1943359375 0.7200520828125 0.201171875 0.7265625 0.2001953125 0.7317708328125 0.1962890625 0.7291666671875 0.1826171875 0.7096354171875 0.1640625 0.6940104171875 0.162109375
4 0.4583333328125 0.4521484375 0.4609375 0.4755859375 0.4635416671875 0.4814453125 0.4752604171875 0.490234375 0.4791666671875 0.4892578125 0.4817708328125 0.4833984375 0.4739583328125 0.4541015625 0.46484375 0.447265625 0.4583333328125 0.4521484375
4 0.2760416671875 0.4462890625 0.2708333328125 0.4658203125 0.2734375 0.4794921875 0.2864583328125 0.4794921875 0.296875 0.4521484375 0.296875 0.4404296875 0.29296875 0.4375 0.2760416671875 0.4462890625
4 0.4010416671875 0.4091796875 0.3984375 0.4248046875 0.4088541671875 0.4248046875 0.4427083328125 0.3955078125 0.4388020828125 0.38671875 0.42578125 0.388671875 0.4010416671875 0.4091796875
4 0.23567708281250002 0.361328125 0.22526041718749998 0.361328125 0.20052083281250002 0.3857421875 0.1927083328125 0.3955078125 0.1927083328125 0.4013671875 0.20052083281250002 0.4033203125 0.21223958281250002 0.400390625 0.22916666718749998 0.3857421875 0.23958333281250002 0.3701171875 0.23567708281250002 0.361328125
4 0.58203125 0.48046875 0.5690104171875 0.482421875 0.5377604171875 0.4921875 0.5286458328125 0.4990234375 0.5403645828125 0.50390625 0.546875 0.5029296875 0.57421875 0.494140625 0.5859375 0.4873046875 0.5859375 0.4833984375 0.58203125 0.48046875
4 0.5442708328125 0.3583984375 0.5442708328125 0.3662109375 0.56640625 0.376953125 0.5794270828125 0.380859375 0.5963541671875 0.3798828125 0.5963541671875 0.3740234375 0.57421875 0.36328125 0.5559895828125 0.357421875 0.5442708328125 0.3583984375
4 0.7330729171875 0.53515625 0.7317708328125 0.5732421875 0.7395833328125 0.5751953125 0.7473958328125 0.5673828125 0.7473958328125 0.5439453125 0.73828125 0.53515625 0.7330729171875 0.53515625
4 0.7473958328125 0.4814453125 0.7395833328125 0.4931640625 0.7369791671875 0.5107421875 0.7408854171875 0.513671875 0.75 0.5126953125 0.765625 0.4873046875 0.7682291671875 0.4755859375 0.7643229171875 0.47265625 0.7473958328125 0.4814453125
4 0.7109375 0.3955078125 0.7083333328125 0.4111328125 0.7083333328125 0.4326171875 0.7122395828125 0.4375 0.71875 0.4365234375 0.7265625 0.4267578125 0.7291666671875 0.4091796875 0.72265625 0.392578125 0.7109375 0.3955078125
4 0.62890625 0.384765625 0.625 0.3896484375 0.6380208328125 0.4248046875 0.64453125 0.4296875 0.6536458328125 0.4287109375 0.65625 0.4150390625 0.6484375 0.3935546875 0.6393229171875 0.38671875 0.62890625 0.384765625
4 0.3541666671875 0.5654296875 0.3541666671875 0.5732421875 0.3580729171875 0.576171875 0.3671875 0.5751953125 0.3880208328125 0.5556640625 0.38671875 0.544921875 0.3763020828125 0.544921875 0.3541666671875 0.5654296875
4 0.40625 0.6103515625 0.4127604171875 0.6171875 0.4244791671875 0.6162109375 0.4583333328125 0.6005859375 0.4596354171875 0.587890625 0.44140625 0.591796875 0.40625 0.6103515625
4 0.4739583328125 0.6630859375 0.4830729171875 0.67578125 0.5143229171875 0.68359375 0.5260416671875 0.6826171875 0.53125 0.6806640625 0.52734375 0.671875 0.48828125 0.662109375 0.4739583328125 0.6630859375
4 0.19140625 0.57421875 0.1744791671875 0.5791015625 0.1809895828125 0.5859375 0.19921875 0.59375 0.22005208281250002 0.599609375 0.22916666718749998 0.5986328125 0.23177083281250002 0.5927734375 0.2265625 0.5869140625 0.21223958281250002 0.580078125 0.19140625 0.57421875
4 0.4596354171875 0.72265625 0.4309895828125 0.73046875 0.421875 0.7373046875 0.4192708328125 0.7451171875 0.4375 0.7451171875 0.4700520828125 0.736328125 0.4765625 0.7275390625 0.4674479171875 0.72265625 0.4596354171875 0.72265625
4 0.30078125 0.708984375 0.2669270828125 0.71484375 0.2604166671875 0.7197265625 0.26953125 0.7265625 0.2942708328125 0.7255859375 0.3138020828125 0.72265625 0.3255208328125 0.7119140625 0.3216145828125 0.708984375 0.30078125 0.708984375
4 0.31640625 0.6328125 0.2786458328125 0.6591796875 0.2825520828125 0.666015625 0.296875 0.6650390625 0.328125 0.6455078125 0.3307291671875 0.6357421875 0.3268229171875 0.6328125 0.31640625 0.6328125
4 0.25390625 0.509765625 0.24479166718749998 0.5146484375 0.24479166718749998 0.5224609375 0.2669270828125 0.544921875 0.28125 0.5478515625 0.2864583328125 0.5458984375 0.2864583328125 0.5400390625 0.2604166671875 0.5107421875 0.25390625 0.509765625
4 0.7330729171875 0.611328125 0.7291666671875 0.6201171875 0.7369791671875 0.6337890625 0.74609375 0.642578125 0.7604166671875 0.6455078125 0.7604166671875 0.6337890625 0.7473958328125 0.6181640625 0.73828125 0.611328125 0.7330729171875 0.611328125
4 0.6653645828125 0.7734375 0.66015625 0.779296875 0.6536458328125 0.7763671875 0.6614583328125 0.7724609375 0.66015625 0.76953125 0.6432291671875 0.7705078125 0.6432291671875 0.7763671875 0.6549479171875 0.783203125 0.6731770828125 0.7890625 0.6875 0.7900390625 0.6966145828125 0.7890625 0.6979166671875 0.7841796875 0.6861979171875 0.77734375 0.6653645828125 0.7734375
4 0.5651041671875 0.5615234375 0.5651041671875 0.5654296875 0.57421875 0.5703125 0.59765625 0.576171875 0.6171875 0.5751953125 0.6171875 0.5673828125 0.59765625 0.55859375 0.57421875 0.556640625 0.5651041671875 0.5615234375
4 0.57421875 0.7109375 0.5625 0.7197265625 0.5572916671875 0.7314453125 0.5572916671875 0.7509765625 0.5611979171875 0.755859375 0.5677083328125 0.7568359375 0.5729166671875 0.7529296875 0.578125 0.7275390625 0.578125 0.7138671875 0.57421875 0.7109375
4 0.5924479171875 0.607421875 0.5911458328125 0.6181640625 0.6067708328125 0.6376953125 0.6158854171875 0.64453125 0.6276041671875 0.6435546875 0.6276041671875 0.6357421875 0.6067708328125 0.6103515625 0.6028645828125 0.607421875 0.5924479171875 0.607421875
4 0.7356770828125 0.685546875 0.7096354171875 0.689453125 0.6901041671875 0.6962890625 0.6901041671875 0.7021484375 0.6966145828125 0.705078125 0.7161458328125 0.7041015625 0.74609375 0.697265625 0.7526041671875 0.6884765625 0.7486979171875 0.685546875 0.7356770828125 0.685546875