2 0.16015625 0.2265625 0.15625 0.2294921875 0.1588541671875 0.2373046875 0.18359375 0.25390625 0.1940104171875 0.2578125 0.20833333281250002 0.2568359375 0.21354166718749998 0.2470703125 0.20442708281250002 0.23828125 0.17578125 0.2265625 0.16015625 0.2265625
2 0.1614583328125 0.1552734375 0.1614583328125 0.1591796875 0.1809895828125 0.171875 0.1966145828125 0.17578125 0.21614583281250002 0.1748046875 0.23177083281250002 0.1630859375 0.21744791718749998 0.154296875 0.16796875 0.15234375 0.1614583328125 0.1552734375
2 0.1770833328125 0.3017578125 0.1770833328125 0.3154296875 0.18359375 0.32421875 0.20442708281250002 0.3359375 0.22916666718749998 0.3388671875 0.23177083281250002 0.3310546875 0.22005208281250002 0.3203125 0.1966145828125 0.306640625 0.1770833328125 0.3017578125
2 0.2721354171875 0.271484375 0.25 0.2724609375 0.2552083328125 0.2822265625 0.2721354171875 0.29296875 0.3072916671875 0.2998046875 0.3190104171875 0.298828125 0.3203125 0.2939453125 0.2981770828125 0.279296875 0.2721354171875 0.271484375
2 0.3138020828125 0.13671875 0.3098958328125 0.1435546875 0.3125 0.1708984375 0.3177083328125 0.1806640625 0.3268229171875 0.1875 0.3333333328125 0.1865234375 0.3385416671875 0.1767578125 0.3359375 0.1552734375 0.3307291671875 0.1455078125 0.3138020828125 0.13671875
2 0.46875 0.2607421875 0.4713541671875 0.2685546875 0.5013020828125 0.291015625 0.515625 0.2939453125 0.5130208328125 0.2744140625 0.4908854171875 0.259765625 0.47265625 0.2578125 0.46875 0.2607421875
2 0.5924479171875 0.21875 0.5872395828125 0.21875 0.5755208328125 0.2294921875 0.5755208328125 0.2509765625 0.5807291671875 0.2607421875 0.5950520828125 0.271484375 0.5989583328125 0.2705078125 0.6067708328125 0.2607421875 0.6067708328125 0.2451171875 0.5989583328125 0.2255859375 0.5924479171875 0.21875
2 0.6575520828125 0.150390625 0.6380208328125 0.1611328125 0.6171875 0.1884765625 0.6184895828125 0.193359375 0.640625 0.1923828125 0.6510416671875 0.1845703125 0.6614583328125 0.1689453125 0.6614583328125 0.1533203125 0.6575520828125 0.150390625
2 0.55078125 0.15234375 0.5325520828125 0.154296875 0.5104166671875 0.1748046875 0.5078125 0.1923828125 0.515625 0.1943359375 0.52734375 0.19140625 0.5520833328125 0.1669921875 0.5546875 0.1552734375 0.55078125 0.15234375
2 0.4283854171875 0.166015625 0.4231770828125 0.166015625 0.4192708328125 0.1689453125 0.4192708328125 0.1904296875 0.4296875 0.2119140625 0.4388020828125 0.220703125 0.4427083328125 0.2197265625 0.453125 0.2080078125 0.453125 0.1962890625 0.4401041671875 0.1748046875 0.4283854171875 0.166015625
2 0.6184895828125 0.32421875 0.6041666671875 0.3310546875 0.6041666671875 0.3349609375 0.6184895828125 0.341796875 0.6666666671875 0.3408203125 0.6744791671875 0.3369140625 0.6744791671875 0.3330078125 0.6549479171875 0.322265625 0.6184895828125 0.32421875
2 0.6809895828125 0.240234375 0.6666666671875 0.2529296875 0.6536458328125 0.2724609375 0.6536458328125 0.2783203125 0.6575520828125 0.28125 0.6640625 0.2802734375 0.6979166671875 0.2548828125 0.7057291671875 0.2431640625 0.7044270828125 0.23828125 0.6809895828125 0.240234375
2 0.7825520828125 0.205078125 0.7565104171875 0.21484375 0.7421875 0.2275390625 0.7421875 0.2314453125 0.7486979171875 0.234375 0.7708333328125 0.2333984375 0.7994791671875 0.2197265625 0.8046875 0.2060546875 0.80078125 0.203125 0.7825520828125 0.205078125
2 0.39453125 0.2734375 0.3828125 0.2763671875 0.3971354171875 0.287109375 0.4244791671875 0.2861328125 0.44140625 0.28125 0.4453125 0.2763671875 0.4388020828125 0.2734375 0.39453125 0.2734375
2 0.140625 0.4150390625 0.1354166671875 0.4248046875 0.1380208328125 0.4541015625 0.14453125 0.4609375 0.1484375 0.4599609375 0.1640625 0.4443359375 0.1640625 0.4248046875 0.1497395828125 0.41015625 0.140625 0.4150390625
2 0.18359375 0.5390625 0.1822916671875 0.5634765625 0.1901041671875 0.5771484375 0.20963541718749998 0.587890625 0.21875 0.5869140625 0.21875 0.5732421875 0.203125 0.5458984375 0.1966145828125 0.541015625 0.18359375 0.5390625
2 0.1888020828125 0.611328125 0.1744791671875 0.6279296875 0.1744791671875 0.6533203125 0.1861979171875 0.6640625 0.1979166671875 0.6650390625 0.203125 0.6591796875 0.203125 0.6376953125 0.1979166671875 0.6201171875 0.1888020828125 0.611328125
2 0.7591145828125 0.330078125 0.73046875 0.337890625 0.71875 0.3466796875 0.72265625 0.3515625 0.75 0.3505859375 0.7721354171875 0.34765625 0.7864583328125 0.3388671875 0.76953125 0.330078125 0.7591145828125 0.330078125
2 0.30078125 0.3984375 0.2877604171875 0.3984375 0.27734375 0.40234375 0.2604166671875 0.4150390625 0.2552083328125 0.4306640625 0.2682291671875 0.4306640625 0.27734375 0.427734375 0.296875 0.4130859375 0.3046875 0.4033203125 0.30078125 0.3984375
2 0.5104166671875 0.4443359375 0.4908854171875 0.443359375 0.4544270828125 0.453125 0.4453125 0.4638671875 0.45703125 0.46875 0.4661458328125 0.4677734375 0.48046875 0.466796875 0.4986979171875 0.4609375 0.5052083328125 0.4560546875 0.5104166671875 0.4443359375
2 0.4140625 0.3583984375 0.4075520828125 0.35546875 0.3919270828125 0.35546875 0.3684895828125 0.361328125 0.3567708328125 0.3681640625 0.3489583328125 0.3779296875 0.3528645828125 0.3828125 0.3567708328125 0.3818359375 0.37109375 0.380859375 0.40234375 0.37109375 0.4114583328125 0.3662109375 0.4140625 0.3583984375
2 0.4752604171875 0.380859375 0.44921875 0.38671875 0.4192708328125 0.4072265625 0.4192708328125 0.4111328125 0.4283854171875 0.4140625 0.4453125 0.4130859375 0.4518229171875 0.412109375 0.4765625 0.3955078125 0.4791666671875 0.3837890625 0.4752604171875 0.380859375
2 0.3684895828125 0.458984375 0.3541666671875 0.4677734375 0.3411458328125 0.4873046875 0.3385416671875 0.5009765625 0.34375 0.5087890625 0.3515625 0.5107421875 0.3619791671875 0.5029296875 0.375 0.4794921875 0.3736979171875 0.458984375 0.3684895828125 0.458984375
2 0.5716145828125 0.43359375 0.5546875 0.4345703125 0.5546875 0.4443359375 0.57421875 0.45703125 0.58984375 0.4609375 0.6067708328125 0.4599609375 0.6119791671875 0.4580078125 0.6119791671875 0.4541015625 0.5950520828125 0.44140625 0.5716145828125 0.43359375
2 0.72265625 0.634765625 0.7174479171875 0.634765625 0.7135416671875 0.6376953125 0.7135416671875 0.6533203125 0.7213541671875 0.6689453125 0.73828125 0.68359375 0.7421875 0.6826171875 0.7473958328125 0.6708984375 0.7447916671875 0.6591796875 0.734375 0.6435546875 0.72265625 0.634765625
2 0.73828125 0.552734375 0.7239583328125 0.5634765625 0.7239583328125 0.5849609375 0.7291666671875 0.5966796875 0.7356770828125 0.6015625 0.7421875 0.6005859375 0.75 0.5908203125 0.75 0.5673828125 0.7473958328125 0.5595703125 0.73828125 0.552734375
2 0.7513020828125 0.453125 0.7447916671875 0.4599609375 0.7447916671875 0.4755859375 0.7526041671875 0.4931640625 0.76171875 0.501953125 0.765625 0.5009765625 0.7760416671875 0.4873046875 0.7734375 0.4697265625 0.7682291671875 0.4619140625 0.7513020828125 0.453125
2 0.6940104171875 0.412109375 0.6653645828125 0.416015625 0.6510416671875 0.4248046875 0.65234375 0.4296875 0.6653645828125 0.43359375 0.7083333328125 0.4326171875 0.7200520828125 0.4296875 0.7213541671875 0.4248046875 0.70703125 0.4140625 0.6940104171875 0.412109375
2 0.57421875 0.595703125 0.5481770828125 0.591796875 0.5338541671875 0.5986328125 0.53515625 0.603515625 0.5533854171875 0.611328125 0.5846354171875 0.619140625 0.5989583328125 0.6181640625 0.6041666671875 0.6162109375 0.6015625 0.6103515625 0.58984375 0.6015625 0.57421875 0.595703125
2 0.6627604171875 0.5078125 0.6575520828125 0.5078125 0.6484375 0.5205078125 0.6484375 0.5498046875 0.6549479171875 0.55859375 0.6640625 0.5576171875 0.6744791671875 0.5498046875 0.6770833328125 0.5283203125 0.671875 0.5166015625 0.6627604171875 0.5078125
2 0.4440104171875 0.53515625 0.4231770828125 0.537109375 0.4036458328125 0.5517578125 0.4036458328125 0.5673828125 0.4114583328125 0.5673828125 0.4205729171875 0.564453125 0.4453125 0.5458984375 0.4479166671875 0.5380859375 0.4440104171875 0.53515625
2 0.5846354171875 0.4921875 0.5729166671875 0.5009765625 0.5703125 0.5107421875 0.5703125 0.5341796875 0.5755208328125 0.5458984375 0.5807291671875 0.5478515625 0.59375 0.5400390625 0.5989583328125 0.5322265625 0.5963541671875 0.5048828125 0.5846354171875 0.4921875
2 0.50390625 0.70703125 0.5 0.7158203125 0.515625 0.7451171875 0.5299479171875 0.751953125 0.5416666671875 0.7509765625 0.5390625 0.7392578125 0.5208333328125 0.7158203125 0.5091145828125 0.70703125 0.50390625 0.70703125
2 0.6223958328125 0.7080078125 0.6276041671875 0.7255859375 0.6419270828125 0.73828125 0.6458333328125 0.7373046875 0.6458333328125 0.7021484375 0.640625 0.6943359375 0.6236979171875 0.685546875 0.6223958328125 0.7080078125
2 0.6471354171875 0.783203125 0.6432291671875 0.7861328125 0.6458333328125 0.7919921875 0.6653645828125 0.802734375 0.6979166671875 0.8037109375 0.7044270828125 0.802734375 0.7161458328125 0.7939453125 0.7018229171875 0.78515625 0.6471354171875 0.783203125
2 0.3841145828125 0.6953125 0.37109375 0.69921875 0.3567708328125 0.7080078125 0.3489583328125 0.7236328125 0.3723958328125 0.7236328125 0.39453125 0.71484375 0.4114583328125 0.7021484375 0.3997395828125 0.6953125 0.3841145828125 0.6953125
2 0.4700520828125 0.626953125 0.4557291671875 0.6376953125 0.453125 0.6435546875 0.4596354171875 0.646484375 0.4713541671875 0.6455078125 0.4934895828125 0.63671875 0.5130208328125 0.6201171875 0.48828125 0.619140625 0.4700520828125 0.626953125
2 0.3372395828125 0.6328125 0.3229166671875 0.6416015625 0.3046875 0.6748046875 0.3072916671875 0.6845703125 0.3151041671875 0.6845703125 0.328125 0.6767578125 0.34375 0.6513671875 0.34375 0.6435546875 0.3372395828125 0.6328125
2 0.32421875 0.583984375 0.3098958328125 0.5888671875 0.3268229171875 0.599609375 0.3502604171875 0.60546875 0.3723958328125 0.6064453125 0.375 0.6044921875 0.3697916671875 0.5966796875 0.3502604171875 0.587890625 0.32421875 0.583984375
2 0.4596354171875 0.734375 0.4388020828125 0.732421875 0.4140625 0.7470703125 0.40625 0.7587890625 0.40625 0.7666015625 0.4192708328125 0.7666015625 0.43359375 0.76171875 0.453125 0.7490234375 0.4609375 0.7392578125 0.4596354171875 0.734375