2 0.41796875 0.15234375 0.4166666671875 0.1591796875 0.4296875 0.1787109375 0.44921875 0.193359375 0.4583333328125 0.1923828125 0.4583333328125 0.1787109375 0.4453125 0.1611328125 0.43359375 0.15234375 0.41796875 0.15234375
2 0.48046875 0.30859375 0.4635416671875 0.3095703125 0.46875 0.3251953125 0.4856770828125 0.337890625 0.5013020828125 0.34375 0.5130208328125 0.3427734375 0.5221354171875 0.341796875 0.5234375 0.3369140625 0.5065104171875 0.322265625 0.48046875 0.30859375
2 0.6263020828125 0.2578125 0.6223958328125 0.2607421875 0.6276041671875 0.2705078125 0.6419270828125 0.27734375 0.6497395828125 0.27734375 0.6653645828125 0.28515625 0.6848958328125 0.2841796875 0.6796875 0.2705078125 0.66015625 0.26171875 0.64453125 0.2578125 0.6263020828125 0.2578125
2 0.1861979171875 0.3359375 0.1575520828125 0.3359375 0.1419270828125 0.33984375 0.1302083328125 0.3486328125 0.1341145828125 0.35546875 0.171875 0.3544921875 0.19140625 0.349609375 0.20052083281250002 0.3427734375 0.1979166671875 0.3388671875 0.1861979171875 0.3359375
2 0.23046875 0.25390625 0.22135416718749998 0.2646484375 0.21875 0.2900390625 0.22786458281250002 0.30078125 0.23958333281250002 0.3037109375 0.24739583281250002 0.2880859375 0.24739583281250002 0.2705078125 0.23958333281250002 0.2568359375 0.23046875 0.25390625
2 0.2799479171875 0.150390625 0.2682291671875 0.1552734375 0.2721354171875 0.162109375 0.2955729171875 0.171875 0.3111979171875 0.17578125 0.3307291671875 0.1748046875 0.3359375 0.1689453125 0.3216145828125 0.15625 0.30078125 0.150390625 0.2799479171875 0.150390625
2 0.73828125 0.212890625 0.7252604171875 0.212890625 0.7083333328125 0.2236328125 0.6979166671875 0.2392578125 0.6953125 0.2509765625 0.69921875 0.255859375 0.7057291671875 0.2548828125 0.7122395828125 0.25390625 0.734375 0.2353515625 0.7421875 0.2177734375 0.73828125 0.212890625
2 0.3346354171875 0.33203125 0.3294270828125 0.33203125 0.3229166671875 0.3408203125 0.3255208328125 0.3583984375 0.3359375 0.3740234375 0.3489583328125 0.3779296875 0.3567708328125 0.3740234375 0.3567708328125 0.3583984375 0.3463541671875 0.3408203125 0.3346354171875 0.33203125
2 0.42578125 0.232421875 0.4192708328125 0.2373046875 0.4166666671875 0.2607421875 0.421875 0.2861328125 0.4296875 0.2880859375 0.4453125 0.2724609375 0.4453125 0.2587890625 0.4348958328125 0.2353515625 0.42578125 0.232421875
2 0.4908854171875 0.154296875 0.4869791671875 0.1630859375 0.5 0.1826171875 0.5143229171875 0.193359375 0.53125 0.1943359375 0.5416666671875 0.1904296875 0.53125 0.1748046875 0.5091145828125 0.158203125 0.4908854171875 0.154296875
2 0.6861979171875 0.1484375 0.671875 0.1611328125 0.6692708328125 0.1767578125 0.6770833328125 0.1943359375 0.68359375 0.19921875 0.6927083328125 0.1982421875 0.7005208328125 0.1865234375 0.7005208328125 0.1630859375 0.6927083328125 0.1494140625 0.6861979171875 0.1484375
2 0.5143229171875 0.2265625 0.5013020828125 0.224609375 0.4973958328125 0.2275390625 0.4973958328125 0.2373046875 0.5026041671875 0.2490234375 0.5208333328125 0.2705078125 0.5247395828125 0.2734375 0.53125 0.2724609375 0.5364583328125 0.2666015625 0.5364583328125 0.2490234375 0.5286458328125 0.2373046875 0.5143229171875 0.2265625
2 0.1809895828125 0.162109375 0.1796875 0.1708984375 0.1901041671875 0.1884765625 0.20963541718749998 0.203125 0.23177083281250002 0.2041015625 0.23177083281250002 0.1904296875 0.21614583281250002 0.1748046875 0.1940104171875 0.162109375 0.1809895828125 0.162109375
2 0.3359375 0.1884765625 0.33203125 0.185546875 0.3190104171875 0.189453125 0.3020833328125 0.2041015625 0.2916666671875 0.2197265625 0.2890625 0.2314453125 0.2890625 0.2353515625 0.296875 0.2373046875 0.30859375 0.234375 0.3255208328125 0.2197265625 0.3359375 0.1982421875 0.3359375 0.1884765625
2 0.75 0.7666015625 0.75 0.7626953125 0.73828125 0.7578125 0.71484375 0.76171875 0.6927083328125 0.7783203125 0.6979166671875 0.7822265625 0.6966145828125 0.787109375 0.7057291671875 0.7861328125 0.71484375 0.78515625 0.72265625 0.779296875 0.7408854171875 0.7734375 0.75 0.7666015625
2 0.7513020828125 0.548828125 0.7395833328125 0.5537109375 0.734375 0.5673828125 0.7369791671875 0.5791015625 0.7317708328125 0.5830078125 0.7395833328125 0.5888671875 0.734375 0.5908203125 0.734375 0.5947265625 0.7395833328125 0.5966796875 0.7526041671875 0.5888671875 0.7604166671875 0.5751953125 0.7604166671875 0.5595703125 0.7513020828125 0.548828125
2 0.37890625 0.609375 0.359375 0.6220703125 0.34375 0.6435546875 0.3411458328125 0.6533203125 0.3450520828125 0.65625 0.3515625 0.6552734375 0.3671875 0.6474609375 0.3828125 0.6279296875 0.3854166671875 0.6220703125 0.37890625 0.609375
2 0.4973958328125 0.5576171875 0.5 0.5673828125 0.5221354171875 0.583984375 0.5494791671875 0.5869140625 0.546875 0.5751953125 0.53515625 0.564453125 0.5169270828125 0.556640625 0.4973958328125 0.5576171875
2 0.23958333281250002 0.7548828125 0.2421875 0.7666015625 0.2578125 0.7861328125 0.26953125 0.79296875 0.2760416671875 0.7919921875 0.2786458328125 0.7744140625 0.2682291671875 0.7548828125 0.2513020828125 0.740234375 0.23958333281250002 0.7548828125
2 0.42578125 0.64453125 0.421875 0.6572265625 0.4296875 0.6689453125 0.44921875 0.6796875 0.46875 0.6806640625 0.4713541671875 0.6728515625 0.4661458328125 0.6669921875 0.44140625 0.650390625 0.42578125 0.64453125
2 0.6471354171875 0.673828125 0.6354166671875 0.6787109375 0.6497395828125 0.69140625 0.6822916671875 0.6923828125 0.703125 0.6845703125 0.7057291671875 0.6806640625 0.6966145828125 0.673828125 0.6471354171875 0.673828125
2 0.5794270828125 0.734375 0.5494791671875 0.7431640625 0.5494791671875 0.7470703125 0.5638020828125 0.755859375 0.5885416671875 0.7548828125 0.6158854171875 0.74609375 0.6171875 0.7392578125 0.6080729171875 0.734375 0.5794270828125 0.734375
2 0.6627604171875 0.568359375 0.6393229171875 0.5703125 0.6171875 0.5810546875 0.609375 0.6005859375 0.61328125 0.603515625 0.6197916671875 0.6025390625 0.64453125 0.59375 0.6588541671875 0.5830078125 0.6640625 0.5771484375 0.6627604171875 0.568359375
2 0.33203125 0.783203125 0.3255208328125 0.7880859375 0.3424479171875 0.80078125 0.3802083328125 0.7998046875 0.3932291671875 0.7880859375 0.38671875 0.783203125 0.3424479171875 0.78125 0.33203125 0.783203125
2 0.5065104171875 0.68359375 0.4830729171875 0.68359375 0.4674479171875 0.689453125 0.453125 0.7041015625 0.4596354171875 0.708984375 0.4791666671875 0.7080078125 0.50390625 0.703125 0.5182291671875 0.6943359375 0.5182291671875 0.6904296875 0.5065104171875 0.68359375
2 0.2669270828125 0.51953125 0.24479166718749998 0.5400390625 0.2421875 0.5517578125 0.24739583281250002 0.5595703125 0.2552083328125 0.5615234375 0.2682291671875 0.5498046875 0.28125 0.5283203125 0.2799479171875 0.515625 0.2669270828125 0.51953125
2 0.1809895828125 0.599609375 0.15625 0.6240234375 0.1575520828125 0.630859375 0.1796875 0.6298828125 0.203125 0.6123046875 0.20442708281250002 0.595703125 0.1888020828125 0.595703125 0.1809895828125 0.599609375
2 0.3033854171875 0.609375 0.2877604171875 0.61328125 0.2630208328125 0.6298828125 0.2604166671875 0.6435546875 0.2630208328125 0.6513671875 0.2708333328125 0.6533203125 0.2864583328125 0.6435546875 0.296875 0.6318359375 0.3072916671875 0.6162109375 0.3033854171875 0.609375
2 0.18359375 0.693359375 0.1497395828125 0.6953125 0.1315104171875 0.69921875 0.1145833328125 0.7080078125 0.1263020828125 0.716796875 0.15625 0.7158203125 0.17578125 0.712890625 0.1848958328125 0.7060546875 0.1901041671875 0.6962890625 0.18359375 0.693359375
2 0.6497395828125 0.3828125 0.6484375 0.3994140625 0.6536458328125 0.4052734375 0.6731770828125 0.41796875 0.6901041671875 0.4208984375 0.6927083328125 0.4130859375 0.6848958328125 0.4013671875 0.6653645828125 0.38671875 0.6497395828125 0.3828125
2 0.7369791671875 0.3330078125 0.7369791671875 0.3447265625 0.75390625 0.359375 0.7669270828125 0.365234375 0.7864583328125 0.3642578125 0.7890625 0.3583984375 0.7721354171875 0.341796875 0.7434895828125 0.330078125 0.7369791671875 0.3330078125
2 0.59765625 0.5 0.56640625 0.5 0.5559895828125 0.501953125 0.546875 0.5087890625 0.55859375 0.517578125 0.5807291671875 0.5185546875 0.5924479171875 0.517578125 0.6067708328125 0.5068359375 0.6067708328125 0.5029296875 0.59765625 0.5
2 0.71484375 0.4453125 0.7135416671875 0.4599609375 0.7291666671875 0.4853515625 0.74609375 0.4921875 0.7552083328125 0.4912109375 0.7552083328125 0.4814453125 0.7395833328125 0.4580078125 0.7278645828125 0.447265625 0.71484375 0.4453125
2 0.55078125 0.376953125 0.53125 0.3876953125 0.54296875 0.39453125 0.5611979171875 0.3984375 0.5963541671875 0.3994140625 0.6041666671875 0.3955078125 0.5989583328125 0.3876953125 0.56640625 0.376953125 0.55078125 0.376953125
2 0.1809895828125 0.40234375 0.1796875 0.4091796875 0.20052083281250002 0.4365234375 0.21484375 0.4453125 0.22395833281250002 0.4443359375 0.22395833281250002 0.4248046875 0.2109375 0.4091796875 0.1940104171875 0.40234375 0.1809895828125 0.40234375
2 0.67578125 0.3515625 0.671875 0.3544921875 0.6744791671875 0.3623046875 0.7044270828125 0.3828125 0.72265625 0.388671875 0.7291666671875 0.3876953125 0.7317708328125 0.3759765625 0.7174479171875 0.361328125 0.6861979171875 0.3515625 0.67578125 0.3515625
2 0.4401041671875 0.5009765625 0.4453125 0.5087890625 0.4596354171875 0.517578125 0.4869791671875 0.5166015625 0.5052083328125 0.5087890625 0.4934895828125 0.5 0.4466145828125 0.498046875 0.4401041671875 0.5009765625
2 0.3359375 0.4970703125 0.3359375 0.5068359375 0.3450520828125 0.517578125 0.37109375 0.52734375 0.3854166671875 0.5263671875 0.3880208328125 0.5185546875 0.37109375 0.505859375 0.3528645828125 0.498046875 0.3359375 0.4970703125
2 0.48828125 0.421875 0.46484375 0.423828125 0.4361979171875 0.435546875 0.4244791671875 0.4462890625 0.44140625 0.453125 0.453125 0.4521484375 0.4752604171875 0.4453125 0.4921875 0.4326171875 0.4947916671875 0.4248046875 0.48828125 0.421875
2 0.7903645828125 0.4765625 0.7864583328125 0.4853515625 0.7890625 0.5009765625 0.8020833328125001 0.5185546875 0.8111979171874999 0.525390625 0.8151041671874999 0.5244140625 0.8151041671874999 0.5009765625 0.8098958328125001 0.4892578125 0.7955729171875 0.4765625 0.7903645828125 0.4765625