2 0.28515625 0.654296875 0.2591145828125 0.662109375 0.2526041671875 0.6669921875 0.26171875 0.671875 0.2994791671875 0.6708984375 0.3190104171875 0.66796875 0.3229166671875 0.6630859375 0.3111979171875 0.65625 0.28515625 0.654296875
2 0.359375 0.6181640625 0.359375 0.6220703125 0.37109375 0.626953125 0.40625 0.6279296875 0.4244791671875 0.6220703125 0.4127604171875 0.611328125 0.3841145828125 0.611328125 0.359375 0.6181640625
2 0.5091145828125 0.6015625 0.4752604171875 0.603515625 0.4583333328125 0.6123046875 0.4622395828125 0.62109375 0.4947916671875 0.6220703125 0.5091145828125 0.62109375 0.5182291671875 0.6162109375 0.5182291671875 0.6103515625 0.5091145828125 0.6015625
2 0.23697916718749998 0.5166015625 0.23697916718749998 0.5224609375 0.24609375 0.533203125 0.2669270828125 0.54296875 0.2864583328125 0.5439453125 0.2994791671875 0.5380859375 0.2903645828125 0.529296875 0.25390625 0.515625 0.23697916718749998 0.5166015625
2 0.4752604171875 0.494140625 0.4596354171875 0.494140625 0.44921875 0.498046875 0.4361979171875 0.50390625 0.4166666671875 0.5205078125 0.4205729171875 0.525390625 0.4401041671875 0.5244140625 0.4544270828125 0.521484375 0.4739583328125 0.5068359375 0.4713541671875 0.5009765625 0.4752604171875 0.494140625
2 0.52734375 0.75 0.5130208328125 0.7607421875 0.4973958328125 0.7900390625 0.4973958328125 0.7998046875 0.5104166671875 0.7998046875 0.5208333328125 0.7919921875 0.5338541671875 0.7744140625 0.5338541671875 0.7626953125 0.52734375 0.75
2 0.7434895828125 0.529296875 0.7421875 0.5478515625 0.7526041671875 0.5634765625 0.7643229171875 0.5703125 0.7838541671875 0.5693359375 0.78125 0.5595703125 0.765625 0.5380859375 0.75390625 0.529296875 0.7434895828125 0.529296875
2 0.8033854171874999 0.6484375 0.7981770828125 0.6484375 0.7890625 0.6552734375 0.7760416671875 0.6767578125 0.7760416671875 0.6923828125 0.7864583328125 0.7001953125 0.7916666671875 0.6982421875 0.8072916671874999 0.6689453125 0.8072916671874999 0.6513671875 0.8033854171874999 0.6484375
2 0.4205729171875 0.76953125 0.3893229171875 0.78125 0.3802083328125 0.7900390625 0.3802083328125 0.7958984375 0.3841145828125 0.798828125 0.3984375 0.7978515625 0.4283854171875 0.7890625 0.4375 0.7822265625 0.4401041671875 0.7705078125 0.4205729171875 0.76953125
2 0.5794270828125 0.564453125 0.5638020828125 0.564453125 0.5403645828125 0.5703125 0.5208333328125 0.5810546875 0.5221354171875 0.5859375 0.53515625 0.58984375 0.5520833328125 0.5888671875 0.5690104171875 0.5859375 0.5807291671875 0.5771484375 0.5833333328125 0.5673828125 0.5794270828125 0.564453125
2 0.6653645828125 0.685546875 0.65625 0.7021484375 0.6588541671875 0.7099609375 0.6692708328125 0.7255859375 0.6783854171875 0.732421875 0.6901041671875 0.7333984375 0.6953125 0.7255859375 0.6901041671875 0.7060546875 0.6796875 0.6904296875 0.6653645828125 0.685546875
2 0.71484375 0.583984375 0.69140625 0.5859375 0.6614583328125 0.5986328125 0.65625 0.6064453125 0.6575520828125 0.611328125 0.6848958328125 0.6123046875 0.7044270828125 0.607421875 0.7161458328125 0.5986328125 0.71875 0.5869140625 0.71484375 0.583984375
2 0.671875 0.7646484375 0.6770833328125 0.7802734375 0.69921875 0.794921875 0.7174479171875 0.80078125 0.734375 0.7998046875 0.734375 0.7919921875 0.71484375 0.775390625 0.69140625 0.765625 0.671875 0.7646484375
2 0.4596354171875 0.681640625 0.43359375 0.6796875 0.41015625 0.6875 0.4010416671875 0.6962890625 0.3984375 0.7080078125 0.40234375 0.7109375 0.4166666671875 0.7099609375 0.44921875 0.69921875 0.4635416671875 0.6884765625 0.4635416671875 0.6845703125 0.4596354171875 0.681640625
2 0.16015625 0.728515625 0.1510416671875 0.7333984375 0.1510416671875 0.7373046875 0.1705729171875 0.748046875 0.20572916718749998 0.7490234375 0.22395833281250002 0.7392578125 0.22005208281250002 0.734375 0.19140625 0.728515625 0.16015625 0.728515625
2 0.27734375 0.29296875 0.2578125 0.3095703125 0.2526041671875 0.3193359375 0.2526041671875 0.3330078125 0.2565104171875 0.3359375 0.2630208328125 0.3349609375 0.2890625 0.3134765625 0.296875 0.3017578125 0.2955729171875 0.2890625 0.27734375 0.29296875
2 0.1640625 0.3173828125 0.171875 0.3330078125 0.1940104171875 0.349609375 0.20963541718749998 0.35546875 0.22395833281250002 0.3544921875 0.22395833281250002 0.3466796875 0.19921875 0.322265625 0.1861979171875 0.31640625 0.1640625 0.3173828125
2 0.3997395828125 0.361328125 0.4114583328125 0.3525390625 0.4140625 0.3388671875 0.3893229171875 0.33984375 0.3684895828125 0.34765625 0.3502604171875 0.36328125 0.3294270828125 0.36328125 0.3138020828125 0.37109375 0.2864583328125 0.3935546875 0.2903645828125 0.3984375 0.3151041671875 0.3974609375 0.3463541671875 0.3759765625 0.3528645828125 0.365234375 0.3815104171875 0.3671875 0.3997395828125 0.361328125
2 0.3567708328125 0.2509765625 0.359375 0.2802734375 0.3723958328125 0.2900390625 0.3828125 0.2783203125 0.3828125 0.2529296875 0.3736979171875 0.240234375 0.3567708328125 0.2509765625
2 0.4466145828125 0.23046875 0.44140625 0.23046875 0.4401041671875 0.2587890625 0.4505208328125 0.2744140625 0.4596354171875 0.279296875 0.4765625 0.2822265625 0.4765625 0.2685546875 0.4661458328125 0.2490234375 0.4583333328125 0.2392578125 0.4466145828125 0.23046875
2 0.5520833328125 0.1533203125 0.546875 0.1650390625 0.5494791671875 0.1845703125 0.5559895828125 0.193359375 0.5625 0.1923828125 0.5703125 0.1806640625 0.5703125 0.1513671875 0.56640625 0.146484375 0.5520833328125 0.1533203125
2 0.6315104171875 0.130859375 0.6276041671875 0.1337890625 0.6276041671875 0.1552734375 0.6354166671875 0.1689453125 0.64453125 0.177734375 0.6510416671875 0.1787109375 0.6588541671875 0.1669921875 0.6588541671875 0.1591796875 0.6458333328125 0.1376953125 0.6315104171875 0.130859375
2 0.4205729171875 0.1484375 0.4166666671875 0.1513671875 0.4166666671875 0.1591796875 0.421875 0.1669921875 0.4466145828125 0.18359375 0.4635416671875 0.1865234375 0.4661458328125 0.1748046875 0.4609375 0.1669921875 0.44140625 0.15234375 0.4205729171875 0.1484375
2 0.1966145828125 0.23046875 0.1783854171875 0.23046875 0.1666666671875 0.2373046875 0.16796875 0.2421875 0.18359375 0.248046875 0.20963541718749998 0.25390625 0.22916666718749998 0.2529296875 0.23177083281250002 0.2490234375 0.2265625 0.2412109375 0.21223958281250002 0.234375 0.1966145828125 0.23046875
2 0.32421875 0.14453125 0.3151041671875 0.1513671875 0.3151041671875 0.1787109375 0.3255208328125 0.1982421875 0.3307291671875 0.1982421875 0.34375 0.1865234375 0.34375 0.1650390625 0.3359375 0.1513671875 0.32421875 0.14453125
2 0.21744791718749998 0.162109375 0.1861979171875 0.1640625 0.1770833328125 0.1689453125 0.1770833328125 0.1728515625 0.19140625 0.18359375 0.22135416718749998 0.1845703125 0.24088541718749998 0.181640625 0.25 0.1728515625 0.23567708281250002 0.1640625 0.21744791718749998 0.162109375
2 0.71484375 0.291015625 0.7083333328125 0.2978515625 0.6979166671875 0.3251953125 0.7005208328125 0.3349609375 0.7096354171875 0.341796875 0.7161458328125 0.3408203125 0.7291666671875 0.3115234375 0.7291666671875 0.2958984375 0.72265625 0.2890625 0.71484375 0.291015625
2 0.7122395828125 0.224609375 0.7018229171875 0.228515625 0.6927083328125 0.2373046875 0.6966145828125 0.2421875 0.7044270828125 0.244140625 0.7395833328125 0.2451171875 0.7565104171875 0.2421875 0.7604166671875 0.2333984375 0.74609375 0.2265625 0.7122395828125 0.224609375
2 0.75390625 0.13671875 0.7395833328125 0.1494140625 0.7395833328125 0.1689453125 0.7473958328125 0.1806640625 0.7591145828125 0.189453125 0.765625 0.1884765625 0.7734375 0.1767578125 0.7734375 0.1650390625 0.765625 0.1455078125 0.75390625 0.13671875
2 0.5716145828125 0.345703125 0.5677083328125 0.3486328125 0.5703125 0.3564453125 0.5872395828125 0.37109375 0.60546875 0.380859375 0.6197916671875 0.3837890625 0.6223958328125 0.3662109375 0.60546875 0.353515625 0.5846354171875 0.345703125 0.5716145828125 0.345703125
2 0.6341145828125 0.251953125 0.6080729171875 0.259765625 0.5989583328125 0.2666015625 0.61328125 0.27734375 0.6328125 0.2763671875 0.6575520828125 0.267578125 0.6666666671875 0.2548828125 0.6627604171875 0.251953125 0.6341145828125 0.251953125
2 0.7486979171875 0.4375 0.7200520828125 0.443359375 0.7083333328125 0.4501953125 0.72265625 0.458984375 0.7395833328125 0.4580078125 0.7591145828125 0.453125 0.7708333328125 0.4423828125 0.7591145828125 0.4375 0.7486979171875 0.4375
2 0.4700520828125 0.44140625 0.4583333328125 0.4462890625 0.4596354171875 0.451171875 0.4830729171875 0.4609375 0.4986979171875 0.46484375 0.5208333328125 0.4638671875 0.5234375 0.4599609375 0.5091145828125 0.44921875 0.4856770828125 0.44140625 0.4700520828125 0.44140625
2 0.484375 0.3798828125 0.484375 0.3876953125 0.4986979171875 0.3984375 0.52734375 0.408203125 0.5364583328125 0.4072265625 0.5390625 0.3994140625 0.52734375 0.38671875 0.50390625 0.37890625 0.484375 0.3798828125
2 0.1783854171875 0.40234375 0.1614583328125 0.4111328125 0.16796875 0.41796875 0.17578125 0.419921875 0.21354166718749998 0.4189453125 0.22916666718749998 0.4091796875 0.22786458281250002 0.404296875 0.19140625 0.400390625 0.1783854171875 0.40234375
2 0.67578125 0.384765625 0.6497395828125 0.396484375 0.6354166671875 0.4072265625 0.6393229171875 0.412109375 0.6471354171875 0.4140625 0.6640625 0.4130859375 0.6927083328125 0.3974609375 0.7005208328125 0.3896484375 0.6966145828125 0.384765625 0.67578125 0.384765625
2 0.1783854171875 0.455078125 0.1627604171875 0.458984375 0.1484375 0.4716796875 0.15234375 0.4765625 0.1822916671875 0.4755859375 0.20182291718749998 0.47265625 0.21875 0.4619140625 0.20703125 0.455078125 0.1783854171875 0.455078125
2 0.7591145828125 0.35546875 0.7526041671875 0.3642578125 0.7552083328125 0.3818359375 0.7721354171875 0.396484375 0.7916666671875 0.4013671875 0.7942708328125 0.3876953125 0.7786458328125 0.3642578125 0.7643229171875 0.35546875 0.7591145828125 0.35546875
2 0.1549479171875 0.564453125 0.1484375 0.5771484375 0.1510416671875 0.5966796875 0.15625 0.6064453125 0.1653645828125 0.61328125 0.1692708328125 0.6123046875 0.1770833328125 0.5986328125 0.1770833328125 0.5810546875 0.171875 0.5712890625 0.1549479171875 0.564453125