2 0.6015625 0.4248046875 0.6067708328125 0.4345703125 0.6315104171875 0.453125 0.6471354171875 0.458984375 0.6536458328125 0.4580078125 0.65625 0.4521484375 0.6484375 0.4423828125 0.6263020828125 0.42578125 0.6015625 0.4248046875
2 0.7135416671875 0.4345703125 0.7252604171875 0.451171875 0.73828125 0.455078125 0.765625 0.4541015625 0.78125 0.4482421875 0.77734375 0.44140625 0.7356770828125 0.431640625 0.7135416671875 0.4345703125
2 0.7630208328125 0.3583984375 0.7708333328125 0.3759765625 0.7838541671875 0.3916015625 0.7916666671875 0.3916015625 0.7890625 0.3681640625 0.78125 0.3505859375 0.7643229171875 0.341796875 0.7630208328125 0.3583984375
2 0.3190104171875 0.48828125 0.2903645828125 0.486328125 0.2669270828125 0.490234375 0.25 0.4970703125 0.26171875 0.505859375 0.2864583328125 0.5068359375 0.30859375 0.50390625 0.3229166671875 0.4951171875 0.3229166671875 0.4912109375 0.3190104171875 0.48828125
2 0.2578125 0.4091796875 0.2708333328125 0.4208984375 0.2877604171875 0.4296875 0.296875 0.4287109375 0.2890625 0.4091796875 0.2669270828125 0.392578125 0.2513020828125 0.392578125 0.2578125 0.4091796875
2 0.4466145828125 0.169921875 0.4375 0.1767578125 0.4322916671875 0.2021484375 0.4466145828125 0.216796875 0.453125 0.2158203125 0.4583333328125 0.2080078125 0.4583333328125 0.1767578125 0.4518229171875 0.169921875 0.4466145828125 0.169921875
2 0.4427083328125 0.3291015625 0.4479166671875 0.3466796875 0.4596354171875 0.357421875 0.4661458328125 0.3564453125 0.46875 0.3271484375 0.4609375 0.3134765625 0.4440104171875 0.306640625 0.4427083328125 0.3291015625
2 0.5924479171875 0.302734375 0.5768229171875 0.302734375 0.55078125 0.30859375 0.5364583328125 0.3154296875 0.5481770828125 0.322265625 0.5625 0.3232421875 0.5794270828125 0.322265625 0.5950520828125 0.31640625 0.6067708328125 0.3076171875 0.5924479171875 0.302734375
2 0.1614583328125 0.4169921875 0.1614583328125 0.4208984375 0.1731770828125 0.427734375 0.1966145828125 0.43359375 0.21354166718749998 0.4326171875 0.2265625 0.4248046875 0.21484375 0.416015625 0.1705729171875 0.412109375 0.1614583328125 0.4169921875
2 0.6770833328125 0.2626953125 0.6796875 0.2783203125 0.6940104171875 0.29296875 0.7096354171875 0.298828125 0.7161458328125 0.2978515625 0.7135416671875 0.2802734375 0.6901041671875 0.2568359375 0.68359375 0.255859375 0.6770833328125 0.2626953125
2 0.3177083328125 0.2509765625 0.30078125 0.251953125 0.28515625 0.259765625 0.2604166671875 0.2802734375 0.2604166671875 0.2841796875 0.2682291671875 0.2861328125 0.2799479171875 0.28515625 0.29296875 0.279296875 0.3151041671875 0.2607421875 0.3177083328125 0.2509765625
2 0.5859375 0.2646484375 0.5859375 0.2724609375 0.5963541671875 0.2841796875 0.6236979171875 0.30078125 0.6328125 0.2998046875 0.6302083328125 0.2822265625 0.6106770828125 0.267578125 0.58984375 0.26171875 0.5859375 0.2646484375
2 0.46484375 0.380859375 0.4440104171875 0.38671875 0.4375 0.3935546875 0.4270833328125 0.4091796875 0.4270833328125 0.4189453125 0.4309895828125 0.423828125 0.4348958328125 0.4228515625 0.4583333328125 0.4072265625 0.46875 0.3935546875 0.46875 0.3837890625 0.46484375 0.380859375
2 0.140625 0.2138671875 0.1458333328125 0.2216796875 0.1575520828125 0.2265625 0.18359375 0.232421875 0.20833333281250002 0.2314453125 0.20572916718749998 0.2216796875 0.1861979171875 0.2109375 0.1497395828125 0.208984375 0.140625 0.2138671875
2 0.5403645828125 0.16015625 0.53125 0.1728515625 0.5364583328125 0.1943359375 0.5455729171875 0.205078125 0.5651041671875 0.2080078125 0.5677083328125 0.2001953125 0.5572916671875 0.1728515625 0.5494791671875 0.1630859375 0.5403645828125 0.16015625
2 0.21484375 0.34765625 0.19140625 0.3515625 0.1640625 0.3681640625 0.1614583328125 0.3837890625 0.171875 0.3837890625 0.1888020828125 0.37890625 0.2109375 0.3642578125 0.21875 0.3544921875 0.21484375 0.34765625
2 0.7434895828125 0.181640625 0.7317708328125 0.1904296875 0.7330729171875 0.1953125 0.7486979171875 0.201171875 0.7916666671875 0.2021484375 0.8020833328125001 0.1962890625 0.8020833328125001 0.1923828125 0.7747395828125 0.181640625 0.7434895828125 0.181640625
2 0.4674479171875 0.23828125 0.4466145828125 0.236328125 0.4205729171875 0.2421875 0.4114583328125 0.2509765625 0.41796875 0.2578125 0.42578125 0.259765625 0.4479166671875 0.2587890625 0.46484375 0.255859375 0.4778645828125 0.25 0.4791666671875 0.2451171875 0.4674479171875 0.23828125
2 0.6627604171875 0.16015625 0.6510416671875 0.1708984375 0.6510416671875 0.1943359375 0.6627604171875 0.208984375 0.6705729171875 0.212890625 0.6770833328125 0.2119140625 0.6822916671875 0.1943359375 0.6796875 0.1826171875 0.6770833328125 0.1748046875 0.6627604171875 0.16015625
2 0.40234375 0.314453125 0.3971354171875 0.314453125 0.3828125 0.3271484375 0.3723958328125 0.3486328125 0.3723958328125 0.3603515625 0.37890625 0.369140625 0.3854166671875 0.3681640625 0.3984375 0.3525390625 0.40625 0.3330078125 0.40625 0.3173828125 0.40234375 0.314453125
2 0.3059895828125 0.17578125 0.3020833328125 0.1787109375 0.3046875 0.2021484375 0.3203125 0.2255859375 0.32421875 0.228515625 0.3307291671875 0.2275390625 0.3385416671875 0.2177734375 0.3385416671875 0.2060546875 0.328125 0.1884765625 0.3059895828125 0.17578125
2 0.35546875 0.15234375 0.3294270828125 0.15234375 0.3229166671875 0.1572265625 0.3346354171875 0.16796875 0.34765625 0.173828125 0.3684895828125 0.1796875 0.3776041671875 0.1787109375 0.39453125 0.171875 0.3984375 0.1650390625 0.3841145828125 0.158203125 0.35546875 0.15234375
2 0.3815104171875 0.51171875 0.3671875 0.5166015625 0.3815104171875 0.525390625 0.4114583328125 0.5283203125 0.42578125 0.52734375 0.4296875 0.5224609375 0.4153645828125 0.51171875 0.3815104171875 0.51171875
2 0.7395833328125 0.5361328125 0.7395833328125 0.5478515625 0.7473958328125 0.5634765625 0.7643229171875 0.57421875 0.7760416671875 0.5732421875 0.7760416671875 0.5634765625 0.7604166671875 0.5419921875 0.7434895828125 0.533203125 0.7395833328125 0.5361328125
2 0.6927083328125 0.7529296875 0.6979166671875 0.7666015625 0.70703125 0.7734375 0.7278645828125 0.779296875 0.7447916671875 0.7783203125 0.7526041671875 0.7744140625 0.7408854171875 0.763671875 0.7044270828125 0.751953125 0.6927083328125 0.7529296875
2 0.5768229171875 0.755859375 0.578125 0.7783203125 0.5911458328125 0.7958984375 0.6002604171875 0.802734375 0.6041666671875 0.8017578125 0.609375 0.7919921875 0.6067708328125 0.7744140625 0.5872395828125 0.755859375 0.5768229171875 0.755859375
2 0.21484375 0.748046875 0.20052083281250002 0.7548828125 0.20703125 0.76171875 0.22265625 0.767578125 0.2552083328125 0.7685546875 0.2682291671875 0.7626953125 0.2682291671875 0.7587890625 0.2565104171875 0.751953125 0.21484375 0.748046875
2 0.5169270828125 0.48046875 0.5 0.4951171875 0.4947916671875 0.5048828125 0.4973958328125 0.5126953125 0.5052083328125 0.5146484375 0.5143229171875 0.51171875 0.5390625 0.4892578125 0.5403645828125 0.47265625 0.5169270828125 0.48046875
2 0.5651041671875 0.5869140625 0.5611979171875 0.583984375 0.5481770828125 0.587890625 0.5260416671875 0.6083984375 0.5234375 0.6240234375 0.5338541671875 0.6240234375 0.54296875 0.623046875 0.5572916671875 0.6123046875 0.5651041671875 0.5986328125 0.5651041671875 0.5869140625
2 0.7174479171875 0.60546875 0.7083333328125 0.6103515625 0.7109375 0.6162109375 0.7330729171875 0.62890625 0.7486979171875 0.6328125 0.7682291671875 0.6318359375 0.7630208328125 0.6201171875 0.7513020828125 0.611328125 0.7330729171875 0.60546875 0.7174479171875 0.60546875
2 0.3450520828125 0.59375 0.3333333328125 0.5966796875 0.3177083328125 0.6279296875 0.3151041671875 0.6396484375 0.3307291671875 0.6396484375 0.34375 0.6318359375 0.3515625 0.6123046875 0.3489583328125 0.5966796875 0.3450520828125 0.59375
2 0.60546875 0.501953125 0.5963541671875 0.5126953125 0.5963541671875 0.5322265625 0.5989583328125 0.5419921875 0.609375 0.5537109375 0.6223958328125 0.5419921875 0.625 0.5283203125 0.6171875 0.5068359375 0.60546875 0.501953125
2 0.7018229171875 0.642578125 0.6901041671875 0.6513671875 0.6796875 0.6708984375 0.6796875 0.6884765625 0.6861979171875 0.693359375 0.6901041671875 0.6923828125 0.703125 0.6826171875 0.7109375 0.6689453125 0.7109375 0.6533203125 0.7018229171875 0.642578125
2 0.4348958328125 0.7373046875 0.4309895828125 0.734375 0.41015625 0.73828125 0.3880208328125 0.7529296875 0.3828125 0.7646484375 0.38671875 0.76953125 0.3958333328125 0.7705078125 0.4075520828125 0.767578125 0.4296875 0.7529296875 0.4348958328125 0.7451171875 0.4348958328125 0.7373046875
2 0.1809895828125 0.556640625 0.1653645828125 0.5625 0.1588541671875 0.5712890625 0.1588541671875 0.5986328125 0.1653645828125 0.607421875 0.171875 0.6064453125 0.1822916671875 0.5966796875 0.1875 0.5810546875 0.1875 0.5693359375 0.1809895828125 0.556640625
2 0.51953125 0.673828125 0.5026041671875 0.6826171875 0.5065104171875 0.689453125 0.5325520828125 0.697265625 0.5703125 0.6982421875 0.5755208328125 0.6943359375 0.5729166671875 0.6904296875 0.5559895828125 0.6796875 0.51953125 0.673828125
2 0.20182291718749998 0.65234375 0.1979166671875 0.6552734375 0.1979166671875 0.6689453125 0.2109375 0.6904296875 0.22265625 0.697265625 0.23958333281250002 0.6982421875 0.2421875 0.6943359375 0.22395833281250002 0.6630859375 0.20963541718749998 0.65234375 0.20182291718749998 0.65234375
2 0.32421875 0.736328125 0.3125 0.7490234375 0.3125 0.7568359375 0.3229166671875 0.7763671875 0.3372395828125 0.787109375 0.3463541671875 0.7880859375 0.3515625 0.7802734375 0.3463541671875 0.7607421875 0.3359375 0.7431640625 0.32421875 0.736328125
2 0.44140625 0.583984375 0.4127604171875 0.583984375 0.3984375 0.5908203125 0.3984375 0.5947265625 0.4153645828125 0.603515625 0.4427083328125 0.6064453125 0.45703125 0.60546875 0.4739583328125 0.5927734375 0.46484375 0.587890625 0.44140625 0.583984375
2 0.4544270828125 0.74609375 0.4505208328125 0.7490234375 0.4505208328125 0.7568359375 0.4557291671875 0.7666015625 0.46875 0.7822265625 0.4830729171875 0.79296875 0.4921875 0.7939453125 0.4947916671875 0.7763671875 0.4895833328125 0.7626953125 0.47265625 0.748046875 0.4544270828125 0.74609375