2 0.1940104171875 0.150390625 0.1770833328125 0.1650390625 0.1744791671875 0.1826171875 0.1783854171875 0.1875 0.1848958328125 0.1865234375 0.2109375 0.1650390625 0.21875 0.1513671875 0.21484375 0.14453125 0.1940104171875 0.150390625
2 0.2747395828125 0.255859375 0.23828125 0.2578125 0.21744791718749998 0.263671875 0.20833333281250002 0.2705078125 0.21223958281250002 0.279296875 0.234375 0.2802734375 0.2513020828125 0.279296875 0.26953125 0.2734375 0.2786458328125 0.2587890625 0.2747395828125 0.255859375
2 0.32421875 0.150390625 0.3151041671875 0.1591796875 0.3151041671875 0.1748046875 0.3203125 0.1943359375 0.3307291671875 0.2041015625 0.34375 0.1923828125 0.34375 0.1708984375 0.3333333328125 0.1552734375 0.32421875 0.150390625
2 0.4401041671875 0.2392578125 0.4401041671875 0.2568359375 0.4505208328125 0.2783203125 0.4622395828125 0.28515625 0.4791666671875 0.2861328125 0.4713541671875 0.2626953125 0.4609375 0.2470703125 0.4440104171875 0.236328125 0.4401041671875 0.2392578125
2 0.5520833328125 0.1591796875 0.546875 0.1728515625 0.5520833328125 0.1923828125 0.55859375 0.197265625 0.5651041671875 0.1962890625 0.5703125 0.1865234375 0.5703125 0.1552734375 0.56640625 0.15234375 0.5520833328125 0.1591796875
2 0.6341145828125 0.134765625 0.6276041671875 0.1376953125 0.6276041671875 0.1572265625 0.6354166671875 0.1728515625 0.6471354171875 0.18359375 0.6510416671875 0.1826171875 0.6588541671875 0.1728515625 0.6588541671875 0.1630859375 0.6458333328125 0.1416015625 0.6341145828125 0.134765625
2 0.4205729171875 0.154296875 0.4166666671875 0.1630859375 0.4270833328125 0.1767578125 0.44921875 0.189453125 0.4635416671875 0.1923828125 0.4661458328125 0.1806640625 0.4583333328125 0.1689453125 0.4388020828125 0.15625 0.4205729171875 0.154296875
2 0.70703125 0.23046875 0.6953125 0.2412109375 0.69921875 0.24609375 0.70703125 0.248046875 0.7552083328125 0.2470703125 0.7630208328125 0.2412109375 0.75390625 0.234375 0.7278645828125 0.228515625 0.70703125 0.23046875
2 0.4075520828125 0.33203125 0.4088541671875 0.3427734375 0.4270833328125 0.3623046875 0.44140625 0.37109375 0.453125 0.3720703125 0.4557291671875 0.3603515625 0.4479166671875 0.3466796875 0.42578125 0.33203125 0.4075520828125 0.33203125
2 0.66015625 0.255859375 0.6393229171875 0.255859375 0.6080729171875 0.265625 0.5989583328125 0.2724609375 0.6080729171875 0.279296875 0.625 0.2822265625 0.65234375 0.275390625 0.6614583328125 0.2685546875 0.6666666671875 0.2587890625 0.66015625 0.255859375
2 0.7643229171875 0.154296875 0.7552083328125 0.1669921875 0.7578125 0.1826171875 0.7747395828125 0.201171875 0.7890625 0.2041015625 0.7942708328125 0.2001953125 0.7890625 0.1787109375 0.7760416671875 0.1591796875 0.7643229171875 0.154296875
2 0.171875 0.5654296875 0.1796875 0.5849609375 0.1940104171875 0.59765625 0.21354166718749998 0.5986328125 0.20572916718749998 0.5751953125 0.1861979171875 0.556640625 0.17578125 0.5546875 0.171875 0.5654296875
2 0.22526041718749998 0.4609375 0.20052083281250002 0.4619140625 0.203125 0.4697265625 0.22265625 0.48046875 0.23567708281250002 0.484375 0.2552083328125 0.4833984375 0.2604166671875 0.4814453125 0.2604166671875 0.4775390625 0.24609375 0.46875 0.22526041718749998 0.4609375
2 0.17578125 0.296875 0.1627604171875 0.30078125 0.1302083328125 0.3212890625 0.1302083328125 0.3251953125 0.1393229171875 0.330078125 0.1588541671875 0.3291015625 0.1848958328125 0.3154296875 0.1953125 0.3017578125 0.19140625 0.296875 0.17578125 0.296875
2 0.15234375 0.376953125 0.1510416671875 0.3876953125 0.1640625 0.4052734375 0.18359375 0.419921875 0.20052083281250002 0.4208984375 0.1979166671875 0.4033203125 0.1848958328125 0.3876953125 0.16796875 0.376953125 0.15234375 0.376953125
2 0.1809895828125 0.705078125 0.1588541671875 0.7138671875 0.1627604171875 0.720703125 0.20052083281250002 0.7216796875 0.22526041718749998 0.71875 0.22916666718749998 0.7138671875 0.21484375 0.705078125 0.1809895828125 0.705078125
2 0.25390625 0.755859375 0.24348958281250002 0.755859375 0.20963541718749998 0.765625 0.1979166671875 0.7744140625 0.1927083328125 0.7841796875 0.19921875 0.787109375 0.2109375 0.7861328125 0.24348958281250002 0.77734375 0.2552083328125 0.7685546875 0.2578125 0.7587890625 0.25390625 0.755859375
2 0.5546875 0.7861328125 0.5546875 0.7919921875 0.546875 0.7978515625 0.5651041671875 0.7978515625 0.59375 0.7763671875 0.5963541671875 0.7646484375 0.5924479171875 0.759765625 0.5546875 0.7861328125
2 0.6640625 0.7001953125 0.6692708328125 0.7236328125 0.68359375 0.736328125 0.6953125 0.7373046875 0.6979166671875 0.7197265625 0.6901041671875 0.7041015625 0.6705729171875 0.689453125 0.6640625 0.7001953125
2 0.5325520828125 0.580078125 0.5260416671875 0.5849609375 0.5260416671875 0.5888671875 0.53515625 0.59375 0.5625 0.5927734375 0.5807291671875 0.5830078125 0.5846354171875 0.5703125 0.5638020828125 0.5703125 0.5325520828125 0.580078125
2 0.74609375 0.533203125 0.7447916671875 0.5517578125 0.7526041671875 0.5654296875 0.76171875 0.572265625 0.7838541671875 0.5751953125 0.7864583328125 0.5654296875 0.7708333328125 0.5439453125 0.7565104171875 0.533203125 0.74609375 0.533203125
2 0.51171875 0.658203125 0.50390625 0.66015625 0.4947916671875 0.6689453125 0.51171875 0.677734375 0.5364583328125 0.6767578125 0.5572916671875 0.6708984375 0.5572916671875 0.6611328125 0.5533854171875 0.658203125 0.51171875 0.658203125
2 0.6783854171875 0.595703125 0.6666666671875 0.6025390625 0.6588541671875 0.6123046875 0.6653645828125 0.6171875 0.6901041671875 0.6162109375 0.71875 0.6044921875 0.7200520828125 0.58984375 0.69921875 0.58984375 0.6783854171875 0.595703125
2 0.6770833328125 0.7705078125 0.6822916671875 0.7841796875 0.7044270828125 0.798828125 0.72265625 0.8046875 0.7395833328125 0.8037109375 0.7395833328125 0.7978515625 0.72265625 0.783203125 0.68359375 0.767578125 0.6770833328125 0.7705078125
2 0.7825520828125 0.673828125 0.76171875 0.673828125 0.7408854171875 0.681640625 0.7291666671875 0.6943359375 0.7291666671875 0.7001953125 0.7356770828125 0.703125 0.7578125 0.7021484375 0.78515625 0.693359375 0.7942708328125 0.6845703125 0.7942708328125 0.6787109375 0.7825520828125 0.673828125
2 0.2799479171875 0.580078125 0.265625 0.5908203125 0.2669270828125 0.595703125 0.2799479171875 0.599609375 0.3098958328125 0.5986328125 0.3255208328125 0.5927734375 0.3229166671875 0.5849609375 0.3138020828125 0.580078125 0.2799479171875 0.580078125
2 0.31640625 0.6328125 0.30078125 0.63671875 0.2942708328125 0.6416015625 0.3059895828125 0.6484375 0.3411458328125 0.6513671875 0.3580729171875 0.650390625 0.3671875 0.6435546875 0.3424479171875 0.6328125 0.31640625 0.6328125
2 0.4270833328125 0.7548828125 0.4401041671875 0.7724609375 0.4596354171875 0.7890625 0.4674479171875 0.79296875 0.4791666671875 0.7919921875 0.4817708328125 0.7822265625 0.4596354171875 0.7578125 0.4440104171875 0.751953125 0.4270833328125 0.7548828125
2 0.41015625 0.52734375 0.3893229171875 0.533203125 0.3723958328125 0.5458984375 0.3763020828125 0.552734375 0.40625 0.5517578125 0.4296875 0.5439453125 0.4401041671875 0.5302734375 0.4361979171875 0.525390625 0.41015625 0.52734375
2 0.43359375 0.703125 0.4153645828125 0.705078125 0.3997395828125 0.7109375 0.3854166671875 0.7216796875 0.3828125 0.7333984375 0.3841145828125 0.73828125 0.3984375 0.7373046875 0.4283854171875 0.724609375 0.4401041671875 0.7158203125 0.4453125 0.7060546875 0.43359375 0.703125
2 0.5638020828125 0.474609375 0.546875 0.4755859375 0.5494791671875 0.4853515625 0.5638020828125 0.494140625 0.6041666671875 0.4951171875 0.609375 0.4931640625 0.609375 0.4892578125 0.5924479171875 0.48046875 0.5638020828125 0.474609375
2 0.75390625 0.44140625 0.7109375 0.4521484375 0.7252604171875 0.462890625 0.7421875 0.4619140625 0.76171875 0.45703125 0.7734375 0.4462890625 0.7643229171875 0.44140625 0.75390625 0.44140625
2 0.4869791671875 0.3857421875 0.4895833328125 0.3955078125 0.51171875 0.408203125 0.5247395828125 0.412109375 0.5390625 0.4111328125 0.5390625 0.4013671875 0.5299479171875 0.392578125 0.5091145828125 0.384765625 0.4869791671875 0.3857421875
2 0.46484375 0.455078125 0.4401041671875 0.4755859375 0.4401041671875 0.4931640625 0.4479166671875 0.4931640625 0.46875 0.4794921875 0.4791666671875 0.4677734375 0.48046875 0.453125 0.46484375 0.455078125
2 0.6783854171875 0.388671875 0.6380208328125 0.4111328125 0.6380208328125 0.4150390625 0.64453125 0.41796875 0.6614583328125 0.4189453125 0.6861979171875 0.408203125 0.703125 0.3916015625 0.6940104171875 0.38671875 0.6783854171875 0.388671875
2 0.3997395828125 0.396484375 0.38671875 0.400390625 0.3697916671875 0.4150390625 0.359375 0.4306640625 0.359375 0.4423828125 0.3645833328125 0.4443359375 0.3854166671875 0.4306640625 0.3958333328125 0.4189453125 0.4010416671875 0.4091796875 0.3997395828125 0.396484375
2 0.5703125 0.3525390625 0.5729166671875 0.3623046875 0.59765625 0.380859375 0.6223958328125 0.3876953125 0.625 0.3740234375 0.61328125 0.361328125 0.5872395828125 0.3515625 0.5703125 0.3525390625
2 0.7591145828125 0.359375 0.7526041671875 0.3701171875 0.7552083328125 0.3837890625 0.77734375 0.40234375 0.7942708328125 0.4052734375 0.796875 0.3935546875 0.7864583328125 0.3759765625 0.7669270828125 0.359375 0.7591145828125 0.359375
2 0.72265625 0.291015625 0.7109375 0.2998046875 0.7005208328125 0.3212890625 0.7005208328125 0.3369140625 0.7096354171875 0.34765625 0.7161458328125 0.3466796875 0.7265625 0.3330078125 0.7317708328125 0.3134765625 0.7317708328125 0.2998046875 0.72265625 0.291015625
2 0.3736979171875 0.26953125 0.359375 0.2841796875 0.359375 0.2919921875 0.3671875 0.3134765625 0.3763020828125 0.3203125 0.3802083328125 0.3193359375 0.3880208328125 0.3056640625 0.3880208328125 0.2919921875 0.3854166671875 0.2822265625 0.3736979171875 0.26953125