2 0.58203125 0.216796875 0.5755208328125 0.2255859375 0.578125 0.2451171875 0.5807291671875 0.2529296875 0.59375 0.2626953125 0.6015625 0.2548828125 0.6015625 0.2353515625 0.59375 0.2236328125 0.58203125 0.216796875
2 0.57421875 0.162109375 0.5611979171875 0.162109375 0.55078125 0.166015625 0.5416666671875 0.1748046875 0.5481770828125 0.1796875 0.5794270828125 0.18359375 0.5963541671875 0.1826171875 0.6028645828125 0.181640625 0.6067708328125 0.1748046875 0.59765625 0.16796875 0.57421875 0.162109375
2 0.6705729171875 0.216796875 0.6536458328125 0.2236328125 0.65625 0.2314453125 0.6705729171875 0.240234375 0.7005208328125 0.2392578125 0.71484375 0.234375 0.7213541671875 0.2275390625 0.7096354171875 0.21875 0.6705729171875 0.216796875
2 0.7747395828125 0.1640625 0.73828125 0.16015625 0.7161458328125 0.1669921875 0.7161458328125 0.1708984375 0.7356770828125 0.181640625 0.765625 0.1845703125 0.7799479171875 0.18359375 0.7890625 0.1787109375 0.7890625 0.1748046875 0.7747395828125 0.1640625
2 0.359375 0.1787109375 0.3606770828125 0.18359375 0.3841145828125 0.19140625 0.4166666671875 0.1923828125 0.4270833328125 0.1845703125 0.4075520828125 0.173828125 0.3763020828125 0.171875 0.359375 0.1787109375
2 0.1888020828125 0.193359375 0.1822916671875 0.2060546875 0.1901041671875 0.2275390625 0.1979166671875 0.2373046875 0.21354166718749998 0.2451171875 0.22135416718749998 0.2353515625 0.22135416718749998 0.2236328125 0.20052083281250002 0.1982421875 0.1888020828125 0.193359375
2 0.3151041671875 0.1962890625 0.3111979171875 0.193359375 0.2916666671875 0.2041015625 0.2734375 0.2275390625 0.2708333328125 0.2412109375 0.2747395828125 0.244140625 0.28125 0.2431640625 0.2877604171875 0.2421875 0.3046875 0.2294921875 0.3151041671875 0.2138671875 0.3151041671875 0.1962890625
2 0.30859375 0.267578125 0.29296875 0.271484375 0.2825520828125 0.275390625 0.2734375 0.2841796875 0.27734375 0.2890625 0.28515625 0.291015625 0.3098958328125 0.2900390625 0.3268229171875 0.287109375 0.3359375 0.2802734375 0.3372395828125 0.267578125 0.30859375 0.267578125
2 0.4205729171875 0.26953125 0.4036458328125 0.2783203125 0.3958333328125 0.2900390625 0.3880208328125 0.3115234375 0.3880208328125 0.3193359375 0.3958333328125 0.3212890625 0.4075520828125 0.318359375 0.4244791671875 0.2998046875 0.4270833328125 0.2822265625 0.4205729171875 0.26953125
2 0.3138020828125 0.37890625 0.3125 0.3916015625 0.3255208328125 0.4111328125 0.3346354171875 0.41796875 0.3463541671875 0.4189453125 0.3541666671875 0.4130859375 0.3515625 0.4033203125 0.3294270828125 0.3828125 0.3138020828125 0.37890625
2 0.2825520828125 0.423828125 0.2682291671875 0.4248046875 0.2734375 0.4384765625 0.2825520828125 0.4453125 0.2981770828125 0.451171875 0.3177083328125 0.4521484375 0.3255208328125 0.4501953125 0.3255208328125 0.4443359375 0.30859375 0.431640625 0.2825520828125 0.423828125
2 0.18359375 0.33203125 0.15234375 0.341796875 0.1432291671875 0.3505859375 0.140625 0.3642578125 0.15625 0.3642578125 0.1809895828125 0.35546875 0.1979166671875 0.3427734375 0.20052083281250002 0.3330078125 0.18359375 0.33203125
2 0.43359375 0.359375 0.4270833328125 0.3623046875 0.4296875 0.3759765625 0.4440104171875 0.38671875 0.4596354171875 0.392578125 0.4791666671875 0.3916015625 0.4765625 0.3818359375 0.4622395828125 0.37109375 0.44140625 0.361328125 0.43359375 0.359375
2 0.6080729171875 0.353515625 0.5885416671875 0.3681640625 0.5885416671875 0.3720703125 0.5950520828125 0.375 0.6119791671875 0.3740234375 0.63671875 0.3671875 0.6484375 0.3583984375 0.6497395828125 0.34375 0.6080729171875 0.353515625
2 0.55078125 0.328125 0.52734375 0.330078125 0.5078125 0.3388671875 0.5169270828125 0.34765625 0.52734375 0.3515625 0.546875 0.3505859375 0.5638020828125 0.34765625 0.578125 0.3349609375 0.5716145828125 0.330078125 0.55078125 0.328125
2 0.4986979171875 0.220703125 0.48046875 0.2265625 0.4661458328125 0.2392578125 0.4661458328125 0.2490234375 0.4739583328125 0.2490234375 0.5143229171875 0.236328125 0.5260416671875 0.2236328125 0.51953125 0.220703125 0.4986979171875 0.220703125
2 0.7330729171875 0.376953125 0.7265625 0.3857421875 0.7239583328125 0.4033203125 0.7291666671875 0.4248046875 0.73828125 0.43359375 0.7421875 0.4326171875 0.75 0.4189453125 0.75 0.3935546875 0.7473958328125 0.3876953125 0.7330729171875 0.376953125
2 0.75390625 0.263671875 0.7356770828125 0.267578125 0.7239583328125 0.2783203125 0.7161458328125 0.2958984375 0.7161458328125 0.3076171875 0.7200520828125 0.310546875 0.7265625 0.3095703125 0.7369791671875 0.3037109375 0.7552083328125 0.2802734375 0.7578125 0.2666015625 0.75390625 0.263671875
2 0.67578125 0.580078125 0.6666666671875 0.5830078125 0.6536458328125 0.6083984375 0.6536458328125 0.6240234375 0.6575520828125 0.62890625 0.6614583328125 0.6279296875 0.6770833328125 0.6181640625 0.6822916671875 0.6044921875 0.6822916671875 0.5888671875 0.67578125 0.580078125
2 0.6276041671875 0.7119140625 0.625 0.7236328125 0.6276041671875 0.7412109375 0.63671875 0.75 0.6432291671875 0.7490234375 0.6510416671875 0.7333984375 0.6510416671875 0.7041015625 0.6471354171875 0.701171875 0.6276041671875 0.7119140625
2 0.64453125 0.666015625 0.6315104171875 0.666015625 0.6028645828125 0.673828125 0.5859375 0.6845703125 0.58984375 0.69140625 0.6119791671875 0.6923828125 0.6236979171875 0.69140625 0.640625 0.6826171875 0.6458333328125 0.6728515625 0.64453125 0.666015625
2 0.7513020828125 0.712890625 0.734375 0.7119140625 0.7395833328125 0.7236328125 0.7565104171875 0.73828125 0.7747395828125 0.748046875 0.7864583328125 0.7490234375 0.7955729171875 0.748046875 0.796875 0.7451171875 0.77734375 0.7265625 0.7513020828125 0.712890625
2 0.75390625 0.625 0.7408854171875 0.625 0.7200520828125 0.6328125 0.7109375 0.6396484375 0.703125 0.6533203125 0.70703125 0.65625 0.7161458328125 0.6552734375 0.7252604171875 0.654296875 0.7513020828125 0.642578125 0.765625 0.6298828125 0.75390625 0.625
2 0.13671875 0.44921875 0.1354166671875 0.4619140625 0.1458333328125 0.4736328125 0.16796875 0.48828125 0.1822916671875 0.4892578125 0.1848958328125 0.4873046875 0.1744791671875 0.4716796875 0.1497395828125 0.453125 0.13671875 0.44921875
2 0.14453125 0.552734375 0.12890625 0.55078125 0.1276041671875 0.5634765625 0.1354166671875 0.5849609375 0.1497395828125 0.599609375 0.15625 0.5986328125 0.1614583328125 0.5927734375 0.1614583328125 0.5751953125 0.15625 0.5615234375 0.14453125 0.552734375
2 0.1653645828125 0.70703125 0.1536458328125 0.7216796875 0.1536458328125 0.7314453125 0.1692708328125 0.7568359375 0.1731770828125 0.759765625 0.1796875 0.7587890625 0.1848958328125 0.7470703125 0.1822916671875 0.7275390625 0.1744791671875 0.7138671875 0.1653645828125 0.70703125
2 0.2721354171875 0.6484375 0.2421875 0.6650390625 0.234375 0.6767578125 0.24088541718749998 0.6796875 0.25 0.6787109375 0.2643229171875 0.67578125 0.2942708328125 0.6591796875 0.2955729171875 0.642578125 0.2721354171875 0.6484375
2 0.3841145828125 0.498046875 0.3802083328125 0.5009765625 0.3802083328125 0.5087890625 0.3854166671875 0.5322265625 0.3958333328125 0.5478515625 0.4010416671875 0.5478515625 0.4088541671875 0.5361328125 0.40625 0.5224609375 0.390625 0.4990234375 0.3841145828125 0.498046875
2 0.3268229171875 0.537109375 0.3125 0.5556640625 0.3125 0.5771484375 0.3268229171875 0.58984375 0.3333333328125 0.5908203125 0.3411458328125 0.5771484375 0.3411458328125 0.5654296875 0.3359375 0.5439453125 0.3268229171875 0.537109375
2 0.59765625 0.455078125 0.5859375 0.4599609375 0.5755208328125 0.4755859375 0.5729166671875 0.4912109375 0.5807291671875 0.4970703125 0.5924479171875 0.494140625 0.6041666671875 0.4794921875 0.6067708328125 0.4677734375 0.59765625 0.455078125
2 0.5559895828125 0.416015625 0.5403645828125 0.41796875 0.5182291671875 0.4345703125 0.5104166671875 0.4501953125 0.5234375 0.4521484375 0.5377604171875 0.44921875 0.5572916671875 0.4326171875 0.5598958328125 0.4189453125 0.5559895828125 0.416015625
2 0.5690104171875 0.505859375 0.5651041671875 0.5087890625 0.5677083328125 0.5166015625 0.5872395828125 0.529296875 0.6002604171875 0.533203125 0.6223958328125 0.5322265625 0.6197916671875 0.5205078125 0.6106770828125 0.513671875 0.5872395828125 0.505859375 0.5690104171875 0.505859375
2 0.5494791671875 0.5732421875 0.5494791671875 0.5849609375 0.5572916671875 0.5966796875 0.5716145828125 0.607421875 0.5859375 0.6083984375 0.5859375 0.5947265625 0.5703125 0.5712890625 0.55859375 0.5625 0.5494791671875 0.5732421875
2 0.5169270828125 0.6171875 0.4830729171875 0.6171875 0.46875 0.6240234375 0.48046875 0.6328125 0.49609375 0.63671875 0.5416666671875 0.6376953125 0.5442708328125 0.6357421875 0.5390625 0.6298828125 0.5247395828125 0.619140625 0.5169270828125 0.6171875
2 0.3997395828125 0.62109375 0.3958333328125 0.6240234375 0.3958333328125 0.6396484375 0.4088541671875 0.6591796875 0.41796875 0.6640625 0.4375 0.6650390625 0.4348958328125 0.6533203125 0.421875 0.6337890625 0.4075520828125 0.623046875 0.3997395828125 0.62109375
2 0.4674479171875 0.7265625 0.4596354171875 0.7265625 0.4505208328125 0.7333984375 0.4427083328125 0.7470703125 0.4375 0.7626953125 0.4375 0.7705078125 0.4427083328125 0.7763671875 0.4596354171875 0.771484375 0.46875 0.7607421875 0.4713541671875 0.7333984375 0.4674479171875 0.7265625
2 0.4388020828125 0.6875 0.4205729171875 0.69140625 0.3984375 0.7099609375 0.3880208328125 0.7255859375 0.39453125 0.73046875 0.40625 0.7294921875 0.4127604171875 0.728515625 0.4322916671875 0.7119140625 0.4401041671875 0.7001953125 0.4388020828125 0.6875
2 0.515625 0.7802734375 0.5234375 0.7978515625 0.54296875 0.814453125 0.5703125 0.8154296875 0.5598958328125 0.7998046875 0.53515625 0.78125 0.5247395828125 0.77734375 0.515625 0.7802734375
2 0.7044270828125 0.44921875 0.6901041671875 0.4501953125 0.6927083328125 0.4599609375 0.7122395828125 0.474609375 0.7278645828125 0.48046875 0.7447916671875 0.4794921875 0.75 0.4775390625 0.75 0.4736328125 0.7356770828125 0.462890625 0.7044270828125 0.44921875
2 0.7109375 0.5498046875 0.7109375 0.5537109375 0.7356770828125 0.5703125 0.7513020828125 0.576171875 0.7708333328125 0.5751953125 0.7682291671875 0.5654296875 0.74609375 0.548828125 0.72265625 0.544921875 0.7109375 0.5498046875