2 0.43359375 0.23828125 0.421875 0.2451171875 0.4088541671875 0.2685546875 0.40625 0.2919921875 0.4114583328125 0.2919921875 0.4283854171875 0.28515625 0.4375 0.2724609375 0.4401041671875 0.2470703125 0.43359375 0.23828125
2 0.421875 0.4111328125 0.421875 0.4189453125 0.4322916671875 0.4404296875 0.44140625 0.447265625 0.4479166671875 0.4462890625 0.4505208328125 0.4228515625 0.4453125 0.4111328125 0.4309895828125 0.400390625 0.421875 0.4111328125
2 0.6341145828125 0.31640625 0.62109375 0.318359375 0.5989583328125 0.3427734375 0.59375 0.3544921875 0.59765625 0.357421875 0.6041666671875 0.3564453125 0.62109375 0.3515625 0.6302083328125 0.3427734375 0.6354166671875 0.3330078125 0.6341145828125 0.31640625
2 0.5221354171875 0.298828125 0.49609375 0.298828125 0.4765625 0.3095703125 0.48046875 0.314453125 0.4986979171875 0.318359375 0.5364583328125 0.3173828125 0.5455729171875 0.314453125 0.546875 0.3095703125 0.5377604171875 0.302734375 0.5221354171875 0.298828125
2 0.6041666671875 0.2451171875 0.6041666671875 0.2490234375 0.6184895828125 0.259765625 0.65234375 0.271484375 0.6692708328125 0.2705078125 0.6692708328125 0.2607421875 0.6575520828125 0.25 0.62109375 0.240234375 0.6041666671875 0.2451171875
2 0.4075520828125 0.1640625 0.4036458328125 0.1689453125 0.4088541671875 0.2021484375 0.41796875 0.2109375 0.4244791671875 0.2099609375 0.4322916671875 0.1923828125 0.4296875 0.1767578125 0.41796875 0.166015625 0.4075520828125 0.1640625
2 0.4986979171875 0.14453125 0.4765625 0.1650390625 0.4739583328125 0.1806640625 0.48046875 0.189453125 0.4869791671875 0.1884765625 0.5130208328125 0.1572265625 0.5130208328125 0.1455078125 0.5091145828125 0.142578125 0.4986979171875 0.14453125
2 0.53515625 0.193359375 0.51953125 0.197265625 0.5078125 0.2060546875 0.5 0.2216796875 0.5026041671875 0.2392578125 0.5078125 0.2412109375 0.5208333328125 0.2333984375 0.53125 0.2197265625 0.5390625 0.2001953125 0.53515625 0.193359375
2 0.62109375 0.146484375 0.6067708328125 0.1611328125 0.6067708328125 0.1767578125 0.6171875 0.1943359375 0.6302083328125 0.2001953125 0.6380208328125 0.1923828125 0.6380208328125 0.1689453125 0.6302083328125 0.1533203125 0.62109375 0.146484375
2 0.7877604171875 0.134765625 0.7760416671875 0.1455078125 0.7760416671875 0.1591796875 0.7838541671875 0.1787109375 0.79296875 0.1875 0.796875 0.1865234375 0.8072916671874999 0.1748046875 0.8072916671874999 0.1572265625 0.796875 0.1376953125 0.7877604171875 0.134765625
2 0.4934895828125 0.4921875 0.4765625 0.5068359375 0.4739583328125 0.5283203125 0.4791666671875 0.5302734375 0.4947916671875 0.5185546875 0.5052083328125 0.4990234375 0.50390625 0.490234375 0.4934895828125 0.4921875
2 0.6640625 0.3876953125 0.6588541671875 0.4013671875 0.6614583328125 0.4228515625 0.6692708328125 0.4306640625 0.6848958328125 0.4169921875 0.6848958328125 0.3935546875 0.67578125 0.3828125 0.6640625 0.3876953125
2 0.58203125 0.53125 0.578125 0.5419921875 0.5911458328125 0.5654296875 0.60546875 0.576171875 0.6119791671875 0.5751953125 0.6171875 0.5634765625 0.6119791671875 0.5517578125 0.59765625 0.537109375 0.58203125 0.53125
2 0.4596354171875 0.671875 0.4479166671875 0.6787109375 0.4401041671875 0.6904296875 0.44921875 0.693359375 0.4635416671875 0.6923828125 0.4908854171875 0.685546875 0.5052083328125 0.6767578125 0.48828125 0.66796875 0.4596354171875 0.671875
2 0.5872395828125 0.6171875 0.5716145828125 0.615234375 0.5520833328125 0.6240234375 0.5390625 0.6396484375 0.5390625 0.6533203125 0.546875 0.6533203125 0.5611979171875 0.6484375 0.5729166671875 0.6396484375 0.5885416671875 0.6201171875 0.5872395828125 0.6171875
2 0.7330729171875 0.529296875 0.7213541671875 0.5419921875 0.7161458328125 0.5595703125 0.71875 0.5791015625 0.7291666671875 0.5791015625 0.7395833328125 0.5732421875 0.7447916671875 0.5654296875 0.7447916671875 0.5419921875 0.7330729171875 0.529296875
2 0.7096354171875 0.4453125 0.6875 0.4541015625 0.69140625 0.4609375 0.7096354171875 0.46484375 0.7447916671875 0.4638671875 0.75390625 0.462890625 0.7578125 0.4580078125 0.7408854171875 0.4453125 0.7096354171875 0.4453125
2 0.6315104171875 0.431640625 0.6263020828125 0.431640625 0.6171875 0.4384765625 0.6119791671875 0.4580078125 0.6145833328125 0.4814453125 0.6184895828125 0.486328125 0.625 0.4853515625 0.6380208328125 0.4755859375 0.6432291671875 0.4599609375 0.640625 0.4462890625 0.6315104171875 0.431640625
2 0.5377604171875 0.771484375 0.5338541671875 0.7744140625 0.5338541671875 0.7802734375 0.5481770828125 0.7890625 0.5716145828125 0.796875 0.5885416671875 0.7958984375 0.5989583328125 0.7900390625 0.5924479171875 0.783203125 0.55078125 0.771484375 0.5377604171875 0.771484375
2 0.6002604171875 0.6640625 0.5859375 0.6728515625 0.5729166671875 0.6943359375 0.5703125 0.7119140625 0.578125 0.7119140625 0.5963541671875 0.7021484375 0.6067708328125 0.6865234375 0.6067708328125 0.6728515625 0.6002604171875 0.6640625
2 0.7005208328125 0.6435546875 0.71484375 0.66015625 0.7291666671875 0.6630859375 0.7239583328125 0.6416015625 0.7109375 0.6220703125 0.69921875 0.6171875 0.7005208328125 0.6435546875
2 0.70703125 0.744140625 0.69140625 0.751953125 0.671875 0.7685546875 0.6809895828125 0.775390625 0.6979166671875 0.7744140625 0.7265625 0.7568359375 0.734375 0.7451171875 0.73046875 0.740234375 0.70703125 0.744140625
2 0.32421875 0.12109375 0.3190104171875 0.12109375 0.3151041671875 0.1337890625 0.3177083328125 0.1513671875 0.3255208328125 0.1669921875 0.3346354171875 0.171875 0.3385416671875 0.1708984375 0.34375 0.1630859375 0.34375 0.1435546875 0.3359375 0.1298828125 0.32421875 0.12109375
2 0.21744791718749998 0.23828125 0.20572916718749998 0.2509765625 0.203125 0.2763671875 0.21223958281250002 0.287109375 0.22395833281250002 0.2880859375 0.22916666718749998 0.2802734375 0.23177083281250002 0.2587890625 0.2265625 0.2431640625 0.21744791718749998 0.23828125
2 0.3138020828125 0.171875 0.2942708328125 0.1806640625 0.2786458328125 0.2001953125 0.2734375 0.2216796875 0.28125 0.2216796875 0.3020833328125 0.2119140625 0.3151041671875 0.1943359375 0.3177083328125 0.1748046875 0.3138020828125 0.171875
2 0.1575520828125 0.125 0.140625 0.1279296875 0.1510416671875 0.1455078125 0.1653645828125 0.15625 0.1783854171875 0.162109375 0.20052083281250002 0.1611328125 0.20572916718749998 0.1572265625 0.1953125 0.1455078125 0.17578125 0.1328125 0.1575520828125 0.125
2 0.1536458328125 0.3271484375 0.15625 0.3330078125 0.1744791671875 0.3583984375 0.1888020828125 0.369140625 0.1979166671875 0.3681640625 0.1953125 0.3505859375 0.1796875 0.3310546875 0.1575520828125 0.32421875 0.1536458328125 0.3271484375
2 0.1783854171875 0.427734375 0.1705729171875 0.427734375 0.15625 0.4423828125 0.1510416671875 0.4560546875 0.1510416671875 0.4716796875 0.15625 0.4736328125 0.16796875 0.470703125 0.1796875 0.4599609375 0.1848958328125 0.4345703125 0.1783854171875 0.427734375
2 0.1236979171875 0.71484375 0.1080729171875 0.71875 0.1015625 0.7236328125 0.1106770828125 0.732421875 0.12109375 0.736328125 0.1484375 0.7373046875 0.16015625 0.734375 0.1744791671875 0.7216796875 0.16015625 0.716796875 0.1236979171875 0.71484375
2 0.16796875 0.58203125 0.15625 0.5986328125 0.15625 0.6162109375 0.1614583328125 0.6279296875 0.16796875 0.6328125 0.1822916671875 0.6357421875 0.1875 0.6240234375 0.1848958328125 0.6044921875 0.1744791671875 0.5830078125 0.16796875 0.58203125
2 0.26953125 0.591796875 0.2630208328125 0.5947265625 0.2669270828125 0.6015625 0.2825520828125 0.607421875 0.30078125 0.611328125 0.3255208328125 0.6103515625 0.3229166671875 0.6025390625 0.3111979171875 0.595703125 0.29296875 0.591796875 0.26953125 0.591796875
2 0.2721354171875 0.400390625 0.2630208328125 0.4091796875 0.2630208328125 0.4404296875 0.2721354171875 0.447265625 0.28125 0.4462890625 0.2864583328125 0.4423828125 0.2864583328125 0.4169921875 0.28125 0.4052734375 0.2721354171875 0.400390625
2 0.3424479171875 0.685546875 0.3359375 0.6923828125 0.3333333328125 0.7236328125 0.3359375 0.7314453125 0.3450520828125 0.73828125 0.3515625 0.7373046875 0.359375 0.7236328125 0.359375 0.6962890625 0.3528645828125 0.689453125 0.3424479171875 0.685546875
2 0.30859375 0.517578125 0.2955729171875 0.517578125 0.2643229171875 0.529296875 0.2552083328125 0.5361328125 0.25 0.5478515625 0.2513020828125 0.552734375 0.2630208328125 0.5517578125 0.30078125 0.537109375 0.3098958328125 0.5302734375 0.3125 0.5205078125 0.30859375 0.517578125
2 0.3567708328125 0.3544921875 0.3567708328125 0.3642578125 0.375 0.3857421875 0.3815104171875 0.390625 0.3854166671875 0.3896484375 0.3854166671875 0.3662109375 0.3776041671875 0.3525390625 0.3658854171875 0.345703125 0.3567708328125 0.3544921875
2 0.3255208328125 0.2529296875 0.3255208328125 0.2705078125 0.3307291671875 0.2822265625 0.34765625 0.294921875 0.3671875 0.2939453125 0.3645833328125 0.2802734375 0.3463541671875 0.2607421875 0.3294270828125 0.25 0.3255208328125 0.2529296875
2 0.3763020828125 0.466796875 0.3697916671875 0.4755859375 0.375 0.4951171875 0.3854166671875 0.5107421875 0.3932291671875 0.5126953125 0.4010416671875 0.5029296875 0.3984375 0.4873046875 0.390625 0.4755859375 0.3763020828125 0.466796875
2 0.4778645828125 0.376953125 0.4713541671875 0.3837890625 0.4856770828125 0.392578125 0.5234375 0.3916015625 0.5364583328125 0.3837890625 0.5403645828125 0.375 0.4908854171875 0.373046875 0.4778645828125 0.376953125
2 0.44140625 0.5546875 0.4361979171875 0.5546875 0.4270833328125 0.5771484375 0.4270833328125 0.5966796875 0.4296875 0.6044921875 0.4361979171875 0.609375 0.4401041671875 0.6083984375 0.4479166671875 0.6025390625 0.453125 0.5888671875 0.453125 0.5654296875 0.44140625 0.5546875
2 0.4791666671875 0.5576171875 0.4791666671875 0.5712890625 0.4921875 0.5947265625 0.5013020828125 0.6015625 0.5182291671875 0.6005859375 0.5026041671875 0.5673828125 0.4908854171875 0.556640625 0.4830729171875 0.5546875 0.4791666671875 0.5576171875