2 0.40234375 0.40234375 0.39453125 0.404296875 0.3828125 0.4169921875 0.3828125 0.4365234375 0.3880208328125 0.4462890625 0.3958333328125 0.4482421875 0.4036458328125 0.4423828125 0.4088541671875 0.4228515625 0.40625 0.4052734375 0.40234375 0.40234375
2 0.6263020828125 0.359375 0.5885416671875 0.3837890625 0.5924479171875 0.390625 0.609375 0.3916015625 0.6263020828125 0.384765625 0.6484375 0.3681640625 0.6497395828125 0.357421875 0.6263020828125 0.359375
2 0.5911458328125 0.2666015625 0.5989583328125 0.2763671875 0.6236979171875 0.29296875 0.6354166671875 0.2939453125 0.6302083328125 0.2763671875 0.6106770828125 0.263671875 0.5950520828125 0.259765625 0.5911458328125 0.2666015625
2 0.2513020828125 0.3203125 0.24479166718749998 0.3251953125 0.2591145828125 0.33203125 0.2786458328125 0.3310546875 0.30078125 0.32421875 0.3125 0.3134765625 0.2721354171875 0.314453125 0.2513020828125 0.3203125
2 0.44140625 0.185546875 0.4205729171875 0.185546875 0.4075520828125 0.19140625 0.3958333328125 0.2001953125 0.3932291671875 0.2138671875 0.3984375 0.2158203125 0.4309895828125 0.205078125 0.4427083328125 0.1962890625 0.4453125 0.1884765625 0.44140625 0.185546875
2 0.5299479171875 0.39453125 0.5065104171875 0.404296875 0.4947916671875 0.4130859375 0.4895833328125 0.4248046875 0.4908854171875 0.4296875 0.5 0.4287109375 0.5299479171875 0.4140625 0.5416666671875 0.4052734375 0.546875 0.3955078125 0.5299479171875 0.39453125
2 0.33203125 0.376953125 0.3177083328125 0.3857421875 0.3346354171875 0.39453125 0.3697916671875 0.3935546875 0.3828125 0.3857421875 0.3828125 0.3818359375 0.3684895828125 0.376953125 0.33203125 0.376953125
2 0.5221354171875 0.28515625 0.4947916671875 0.3095703125 0.4895833328125 0.3193359375 0.4934895828125 0.322265625 0.5078125 0.3212890625 0.51953125 0.31640625 0.5364583328125 0.2998046875 0.53515625 0.28515625 0.5221354171875 0.28515625
2 0.3216145828125 0.142578125 0.3177083328125 0.1455078125 0.3203125 0.1552734375 0.3359375 0.1748046875 0.35546875 0.185546875 0.3723958328125 0.1865234375 0.3645833328125 0.1728515625 0.3489583328125 0.1572265625 0.3268229171875 0.142578125 0.3216145828125 0.142578125
2 0.4361979171875 0.236328125 0.4205729171875 0.23828125 0.4010416671875 0.2529296875 0.3958333328125 0.2607421875 0.3958333328125 0.2802734375 0.4036458328125 0.2802734375 0.4192708328125 0.2705078125 0.4296875 0.2587890625 0.4375 0.2451171875 0.4361979171875 0.236328125
2 0.51171875 0.1640625 0.5026041671875 0.1708984375 0.4973958328125 0.1806640625 0.4973958328125 0.2021484375 0.5065104171875 0.212890625 0.5182291671875 0.2158203125 0.5234375 0.2080078125 0.5234375 0.1826171875 0.5208333328125 0.1728515625 0.51171875 0.1640625
2 0.2799479171875 0.18359375 0.2669270828125 0.1875 0.2578125 0.1943359375 0.26953125 0.203125 0.3177083328125 0.2021484375 0.32421875 0.201171875 0.328125 0.1943359375 0.30859375 0.18359375 0.2799479171875 0.18359375
2 0.1731770828125 0.275390625 0.15625 0.2763671875 0.1640625 0.2939453125 0.1809895828125 0.30859375 0.19140625 0.3125 0.20572916718749998 0.3115234375 0.2109375 0.3095703125 0.20572916718749998 0.2978515625 0.1809895828125 0.279296875 0.1731770828125 0.275390625
2 0.19921875 0.197265625 0.1783854171875 0.205078125 0.1666666671875 0.2158203125 0.1640625 0.2275390625 0.1848958328125 0.2275390625 0.21223958281250002 0.216796875 0.22916666718749998 0.2041015625 0.21484375 0.197265625 0.19921875 0.197265625
2 0.23177083281250002 0.1357421875 0.21223958281250002 0.134765625 0.1940104171875 0.140625 0.1770833328125 0.1552734375 0.1770833328125 0.1689453125 0.1822916671875 0.1708984375 0.20442708281250002 0.1640625 0.22265625 0.154296875 0.23177083281250002 0.1455078125 0.23177083281250002 0.1357421875
2 0.59765625 0.146484375 0.59375 0.1494140625 0.5963541671875 0.1708984375 0.61328125 0.18359375 0.6315104171875 0.189453125 0.640625 0.1884765625 0.6432291671875 0.1826171875 0.6328125 0.1650390625 0.61328125 0.150390625 0.59765625 0.146484375
2 0.7447916671875 0.5517578125 0.7552083328125 0.5654296875 0.7721354171875 0.5703125 0.78125 0.5693359375 0.7760416671875 0.5537109375 0.765625 0.5400390625 0.74609375 0.529296875 0.7447916671875 0.5517578125
2 0.33984375 0.462890625 0.3307291671875 0.4658203125 0.3229166671875 0.4853515625 0.3203125 0.5068359375 0.3255208328125 0.5087890625 0.3385416671875 0.5048828125 0.3463541671875 0.4912109375 0.3463541671875 0.4697265625 0.33984375 0.462890625
2 0.6041666671875 0.6923828125 0.6067708328125 0.7041015625 0.6184895828125 0.712890625 0.6393229171875 0.71875 0.6588541671875 0.7177734375 0.6640625 0.7138671875 0.6497395828125 0.703125 0.62109375 0.693359375 0.6041666671875 0.6923828125
2 0.609375 0.5908203125 0.6041666671875 0.6044921875 0.625 0.6044921875 0.6510416671875 0.5849609375 0.65234375 0.5703125 0.6341145828125 0.572265625 0.609375 0.5908203125
2 0.2604166671875 0.7236328125 0.2578125 0.7333984375 0.2643229171875 0.73828125 0.2760416671875 0.7373046875 0.3020833328125 0.7158203125 0.3033854171875 0.69921875 0.2877604171875 0.701171875 0.2604166671875 0.7236328125
2 0.57421875 0.49609375 0.5651041671875 0.5126953125 0.5651041671875 0.5380859375 0.57421875 0.546875 0.578125 0.5458984375 0.5885416671875 0.5322265625 0.5911458328125 0.5107421875 0.5885416671875 0.5048828125 0.57421875 0.49609375
2 0.7109375 0.6044921875 0.7109375 0.6103515625 0.72265625 0.619140625 0.7356770828125 0.62109375 0.7513020828125 0.62890625 0.7708333328125 0.6279296875 0.765625 0.6162109375 0.75390625 0.607421875 0.7330729171875 0.6015625 0.7109375 0.6044921875
2 0.6236979171875 0.48046875 0.6015625 0.4873046875 0.61328125 0.498046875 0.6236979171875 0.501953125 0.6354166671875 0.5009765625 0.6575520828125 0.498046875 0.6692708328125 0.4892578125 0.65234375 0.482421875 0.6236979171875 0.48046875
2 0.140625 0.5673828125 0.1653645828125 0.576171875 0.1953125 0.5751953125 0.2109375 0.5634765625 0.1966145828125 0.556640625 0.16015625 0.556640625 0.140625 0.5673828125
2 0.5403645828125 0.716796875 0.5338541671875 0.7216796875 0.5364583328125 0.7275390625 0.5533854171875 0.73828125 0.5794270828125 0.74609375 0.5911458328125 0.7451171875 0.5859375 0.7314453125 0.57421875 0.72265625 0.5559895828125 0.716796875 0.5403645828125 0.716796875
2 0.31640625 0.580078125 0.3072916671875 0.5908203125 0.2994791671875 0.6083984375 0.2994791671875 0.6220703125 0.3033854171875 0.626953125 0.3098958328125 0.6259765625 0.3255208328125 0.6103515625 0.3359375 0.5810546875 0.33203125 0.576171875 0.31640625 0.580078125
2 0.1354166671875 0.6416015625 0.1276041671875 0.6552734375 0.1276041671875 0.6767578125 0.1393229171875 0.6875 0.1432291671875 0.6865234375 0.15625 0.6572265625 0.15625 0.6376953125 0.1497395828125 0.6328125 0.1354166671875 0.6416015625
2 0.4231770828125 0.748046875 0.421875 0.7587890625 0.4296875 0.7705078125 0.4544270828125 0.791015625 0.4661458328125 0.7919921875 0.4661458328125 0.7783203125 0.4557291671875 0.7587890625 0.4388020828125 0.748046875 0.4231770828125 0.748046875
2 0.45703125 0.55859375 0.4361979171875 0.55859375 0.4205729171875 0.564453125 0.40625 0.5751953125 0.4036458328125 0.5830078125 0.4075520828125 0.5859375 0.4270833328125 0.5849609375 0.45703125 0.576171875 0.46875 0.5693359375 0.46875 0.5654296875 0.45703125 0.55859375
2 0.7669270828125 0.666015625 0.7447916671875 0.6826171875 0.7369791671875 0.7001953125 0.7421875 0.7158203125 0.75 0.7177734375 0.7630208328125 0.7080078125 0.7734375 0.6884765625 0.7734375 0.6728515625 0.7669270828125 0.666015625
2 0.53515625 0.5546875 0.5247395828125 0.556640625 0.5130208328125 0.5693359375 0.5078125 0.5830078125 0.5078125 0.6044921875 0.5130208328125 0.6064453125 0.5338541671875 0.5947265625 0.5390625 0.5830078125 0.5390625 0.5615234375 0.53515625 0.5546875
2 0.54296875 0.671875 0.51953125 0.669921875 0.5052083328125 0.6787109375 0.5091145828125 0.68359375 0.5299479171875 0.69140625 0.5481770828125 0.6953125 0.5703125 0.6943359375 0.5755208328125 0.6923828125 0.5755208328125 0.6865234375 0.5638020828125 0.677734375 0.54296875 0.671875
2 0.37890625 0.646484375 0.3671875 0.6533203125 0.3684895828125 0.658203125 0.3919270828125 0.66796875 0.4270833328125 0.6689453125 0.4427083328125 0.6591796875 0.4283854171875 0.650390625 0.4075520828125 0.646484375 0.37890625 0.646484375
2 0.6236979171875 0.419921875 0.6041666671875 0.4208984375 0.6041666671875 0.4248046875 0.62890625 0.4453125 0.64453125 0.453125 0.65625 0.4541015625 0.6588541671875 0.4482421875 0.6536458328125 0.4404296875 0.63671875 0.42578125 0.6236979171875 0.419921875
2 0.7669270828125 0.3359375 0.7682291671875 0.3623046875 0.78125 0.3837890625 0.7877604171875 0.388671875 0.7942708328125 0.3876953125 0.796875 0.3798828125 0.7890625 0.3525390625 0.7838541671875 0.3447265625 0.7669270828125 0.3359375
2 0.69140625 0.251953125 0.6861979171875 0.251953125 0.6796875 0.2626953125 0.6822916671875 0.2724609375 0.69921875 0.2890625 0.7122395828125 0.294921875 0.71875 0.2939453125 0.7213541671875 0.2822265625 0.7161458328125 0.2744140625 0.7005208328125 0.2587890625 0.69140625 0.251953125
2 0.79296875 0.220703125 0.7708333328125 0.2373046875 0.7604166671875 0.2529296875 0.7604166671875 0.2666015625 0.7708333328125 0.2666015625 0.7890625 0.2568359375 0.7994791671875 0.2431640625 0.7994791671875 0.2294921875 0.79296875 0.220703125
2 0.125 0.4365234375 0.1276041671875 0.4462890625 0.15234375 0.46875 0.1640625 0.4716796875 0.1640625 0.4482421875 0.15625 0.4384765625 0.1341145828125 0.423828125 0.125 0.4365234375
2 0.29296875 0.43359375 0.2721354171875 0.43359375 0.2513020828125 0.4375 0.23177083281250002 0.4462890625 0.24609375 0.455078125 0.2786458328125 0.4541015625 0.2981770828125 0.44921875 0.3098958328125 0.4404296875 0.3033854171875 0.435546875 0.29296875 0.43359375