2 0.2669270828125 0.611328125 0.2630208328125 0.6142578125 0.2643229171875 0.619140625 0.2903645828125 0.62890625 0.3255208328125 0.6298828125 0.3229166671875 0.6220703125 0.31640625 0.6171875 0.2955729171875 0.611328125 0.2669270828125 0.611328125
2 0.3125 0.5400390625 0.30859375 0.537109375 0.2955729171875 0.537109375 0.2643229171875 0.548828125 0.2526041671875 0.5576171875 0.25 0.5693359375 0.2552083328125 0.5712890625 0.2669270828125 0.5703125 0.2981770828125 0.556640625 0.3098958328125 0.5478515625 0.3125 0.5400390625
2 0.5078125 0.5146484375 0.5065104171875 0.509765625 0.4934895828125 0.509765625 0.4765625 0.5244140625 0.4739583328125 0.5478515625 0.4817708328125 0.5498046875 0.4921875 0.5439453125 0.5 0.5322265625 0.5026041671875 0.5185546875 0.5078125 0.5146484375
2 0.69921875 0.634765625 0.7005208328125 0.6630859375 0.71484375 0.6796875 0.7291666671875 0.6826171875 0.7291666671875 0.6708984375 0.7213541671875 0.6552734375 0.7057291671875 0.6357421875 0.69921875 0.634765625
2 0.3763020828125 0.486328125 0.3723958328125 0.4912109375 0.3723958328125 0.5048828125 0.3776041671875 0.5205078125 0.3893229171875 0.53125 0.3932291671875 0.5302734375 0.4010416671875 0.5205078125 0.3958333328125 0.5009765625 0.3828125 0.4873046875 0.3763020828125 0.486328125
2 0.6184895828125 0.337890625 0.6015625 0.3583984375 0.5963541671875 0.3720703125 0.6041666671875 0.3740234375 0.6184895828125 0.373046875 0.6328125 0.3583984375 0.6341145828125 0.333984375 0.6184895828125 0.337890625
2 0.6640625 0.4052734375 0.6588541671875 0.4248046875 0.6640625 0.4482421875 0.671875 0.4482421875 0.6848958328125 0.4365234375 0.6848958328125 0.4150390625 0.6731770828125 0.400390625 0.6640625 0.4052734375
2 0.75390625 0.298828125 0.74609375 0.298828125 0.7447916671875 0.3173828125 0.7526041671875 0.3251953125 0.7526041671875 0.3310546875 0.76953125 0.345703125 0.7734375 0.3447265625 0.78125 0.3330078125 0.7786458328125 0.3251953125 0.7604166671875 0.3037109375 0.75390625 0.298828125
2 0.3177083328125 0.3447265625 0.3177083328125 0.3564453125 0.3229166671875 0.3623046875 0.3502604171875 0.37890625 0.359375 0.3779296875 0.3463541671875 0.3564453125 0.3346354171875 0.345703125 0.3216145828125 0.33984375 0.3177083328125 0.3447265625
2 0.49609375 0.318359375 0.4765625 0.3291015625 0.4908854171875 0.3359375 0.5260416671875 0.3369140625 0.54296875 0.333984375 0.546875 0.3271484375 0.5247395828125 0.318359375 0.49609375 0.318359375
2 0.2721354171875 0.419921875 0.265625 0.4267578125 0.2630208328125 0.4423828125 0.27734375 0.44140625 0.2786458328125 0.4462890625 0.2708333328125 0.4462890625 0.265625 0.4521484375 0.265625 0.4599609375 0.2721354171875 0.46484375 0.28125 0.4638671875 0.2864583328125 0.4580078125 0.2838541671875 0.4345703125 0.28125 0.4267578125 0.2721354171875 0.419921875
2 0.43359375 0.419921875 0.4244791671875 0.4267578125 0.421875 0.4404296875 0.4296875 0.4580078125 0.44140625 0.466796875 0.4479166671875 0.4658203125 0.453125 0.4619140625 0.453125 0.4423828125 0.4427083328125 0.4248046875 0.43359375 0.419921875
2 0.4778645828125 0.755859375 0.45703125 0.75390625 0.4479166671875 0.7587890625 0.4505208328125 0.7646484375 0.46484375 0.7734375 0.4973958328125 0.7783203125 0.5065104171875 0.77734375 0.515625 0.7685546875 0.49609375 0.759765625 0.4778645828125 0.755859375
2 0.6002604171875 0.681640625 0.5885416671875 0.6884765625 0.5755208328125 0.7080078125 0.5703125 0.7294921875 0.578125 0.7314453125 0.58984375 0.7265625 0.6041666671875 0.7119140625 0.6067708328125 0.6904296875 0.6002604171875 0.681640625
2 0.31640625 0.69140625 0.3046875 0.7021484375 0.296875 0.7216796875 0.296875 0.7373046875 0.30078125 0.7421875 0.3098958328125 0.7412109375 0.3177083328125 0.7333984375 0.328125 0.7080078125 0.3229166671875 0.6962890625 0.31640625 0.69140625
2 0.4049479171875 0.6171875 0.3958333328125 0.6376953125 0.3958333328125 0.6650390625 0.3997395828125 0.669921875 0.4088541671875 0.6689453125 0.4192708328125 0.6572265625 0.421875 0.6279296875 0.41015625 0.6171875 0.4049479171875 0.6171875
2 0.48828125 0.392578125 0.4739583328125 0.4013671875 0.4739583328125 0.4052734375 0.48828125 0.412109375 0.5208333328125 0.4111328125 0.5364583328125 0.4052734375 0.5416666671875 0.3974609375 0.5403645828125 0.392578125 0.48828125 0.392578125
2 0.47265625 0.6875 0.45703125 0.69140625 0.4427083328125 0.7021484375 0.4401041671875 0.7099609375 0.4466145828125 0.712890625 0.4635416671875 0.7119140625 0.4908854171875 0.705078125 0.5052083328125 0.6943359375 0.4934895828125 0.6875 0.47265625 0.6875
2 0.58203125 0.548828125 0.578125 0.5634765625 0.5859375 0.5791015625 0.5950520828125 0.58984375 0.6119791671875 0.5966796875 0.6171875 0.5908203125 0.6145833328125 0.5712890625 0.59765625 0.5546875 0.58203125 0.548828125
2 0.7356770828125 0.548828125 0.7213541671875 0.5595703125 0.7161458328125 0.5751953125 0.7161458328125 0.5927734375 0.72265625 0.599609375 0.7265625 0.5986328125 0.73828125 0.59375 0.7447916671875 0.5849609375 0.7447916671875 0.5595703125 0.7356770828125 0.548828125
2 0.71875 0.7529296875 0.71484375 0.75 0.6966145828125 0.751953125 0.6796875 0.7705078125 0.6744791671875 0.7880859375 0.6783854171875 0.79296875 0.6875 0.7919921875 0.703125 0.7822265625 0.7135416671875 0.7705078125 0.71875 0.7607421875 0.71875 0.7529296875
2 0.7356770828125 0.462890625 0.7018229171875 0.46484375 0.6875 0.4716796875 0.6875 0.4755859375 0.69921875 0.482421875 0.7395833328125 0.4833984375 0.7565104171875 0.48046875 0.7578125 0.4775390625 0.7513020828125 0.46875 0.7356770828125 0.462890625
2 0.4830729171875 0.572265625 0.4791666671875 0.5751953125 0.4817708328125 0.6005859375 0.4934895828125 0.6171875 0.515625 0.6220703125 0.5182291671875 0.6123046875 0.5130208328125 0.5986328125 0.5 0.5810546875 0.4830729171875 0.572265625
2 0.58203125 0.6328125 0.5638020828125 0.634765625 0.5442708328125 0.6494140625 0.5364583328125 0.6708984375 0.5403645828125 0.673828125 0.546875 0.6728515625 0.5611979171875 0.66796875 0.5833333328125 0.6494140625 0.5885416671875 0.6376953125 0.58203125 0.6328125
2 0.6354166671875 0.4541015625 0.62890625 0.44921875 0.6171875 0.4580078125 0.6119791671875 0.4736328125 0.6119791671875 0.4931640625 0.6171875 0.5048828125 0.6223958328125 0.5048828125 0.640625 0.4931640625 0.6432291671875 0.4833984375 0.6432291671875 0.4716796875 0.6354166671875 0.4541015625
2 0.1783854171875 0.447265625 0.1705729171875 0.447265625 0.1588541671875 0.4580078125 0.1510416671875 0.4794921875 0.1510416671875 0.4912109375 0.1588541671875 0.4912109375 0.1653645828125 0.490234375 0.1796875 0.4775390625 0.1848958328125 0.4580078125 0.1783854171875 0.447265625
2 0.1705729171875 0.73828125 0.12109375 0.734375 0.1041666671875 0.7412109375 0.1041666671875 0.7470703125 0.1158854171875 0.75390625 0.1536458328125 0.7548828125 0.16015625 0.75390625 0.171875 0.7451171875 0.1744791671875 0.7412109375 0.1705729171875 0.73828125
2 0.16796875 0.599609375 0.15625 0.6181640625 0.15625 0.6357421875 0.1653645828125 0.650390625 0.17578125 0.654296875 0.1848958328125 0.6533203125 0.1875 0.6357421875 0.1822916671875 0.6142578125 0.1770833328125 0.6044921875 0.16796875 0.599609375
2 0.3216145828125 0.140625 0.3177083328125 0.1552734375 0.3203125 0.1748046875 0.3255208328125 0.1845703125 0.3359375 0.1904296875 0.34375 0.1806640625 0.3411458328125 0.1591796875 0.3385416671875 0.1513671875 0.3216145828125 0.140625
2 0.24609375 0.35546875 0.23177083281250002 0.3603515625 0.26953125 0.38671875 0.2890625 0.3896484375 0.2916666671875 0.3837890625 0.2864583328125 0.3759765625 0.2643229171875 0.359375 0.24609375 0.35546875
2 0.203125 0.2568359375 0.2109375 0.2822265625 0.22265625 0.2890625 0.2421875 0.2900390625 0.23958333281250002 0.2744140625 0.22395833281250002 0.2509765625 0.20963541718749998 0.2421875 0.203125 0.2568359375
2 0.31640625 0.19140625 0.30859375 0.19140625 0.2838541671875 0.2119140625 0.2734375 0.2353515625 0.2734375 0.2392578125 0.2786458328125 0.2412109375 0.2903645828125 0.23828125 0.3072916671875 0.2255859375 0.3177083328125 0.2060546875 0.31640625 0.19140625
2 0.16015625 0.14453125 0.14453125 0.14453125 0.140625 0.1474609375 0.1510416671875 0.1630859375 0.1705729171875 0.177734375 0.1809895828125 0.181640625 0.1927083328125 0.1806640625 0.20442708281250002 0.1796875 0.20572916718749998 0.1767578125 0.1861979171875 0.158203125 0.16015625 0.14453125
2 0.6041666671875 0.2626953125 0.609375 0.2724609375 0.62109375 0.279296875 0.65234375 0.2890625 0.671875 0.2880859375 0.6666666671875 0.2763671875 0.6549479171875 0.267578125 0.6236979171875 0.259765625 0.6041666671875 0.2626953125
2 0.7747395828125 0.2265625 0.75390625 0.2265625 0.73046875 0.232421875 0.7161458328125 0.2412109375 0.72265625 0.248046875 0.7330729171875 0.251953125 0.7395833328125 0.2509765625 0.7721354171875 0.2421875 0.78125 0.2353515625 0.78125 0.2294921875 0.7747395828125 0.2265625
2 0.4205729171875 0.185546875 0.4075520828125 0.181640625 0.4036458328125 0.1865234375 0.4088541671875 0.2216796875 0.421875 0.2294921875 0.4296875 0.2236328125 0.4322916671875 0.2138671875 0.4296875 0.1962890625 0.4205729171875 0.185546875
2 0.4739583328125 0.1884765625 0.4739583328125 0.2001953125 0.4791666671875 0.2080078125 0.484375 0.2080078125 0.5104166671875 0.1806640625 0.51171875 0.162109375 0.4934895828125 0.166015625 0.4739583328125 0.1884765625
2 0.5169270828125 0.216796875 0.5026041671875 0.2333984375 0.5 0.2509765625 0.5026041671875 0.2587890625 0.5104166671875 0.2587890625 0.5182291671875 0.2548828125 0.5338541671875 0.2333984375 0.5377604171875 0.212890625 0.5169270828125 0.216796875
2 0.4361979171875 0.2578125 0.4309895828125 0.2578125 0.4166666671875 0.2705078125 0.40625 0.2978515625 0.40625 0.3095703125 0.4114583328125 0.3095703125 0.42578125 0.3046875 0.4375 0.2919921875 0.4401041671875 0.2646484375 0.4361979171875 0.2578125
2 0.62109375 0.166015625 0.6067708328125 0.1806640625 0.6067708328125 0.1943359375 0.6171875 0.2119140625 0.6236979171875 0.216796875 0.6328125 0.2177734375 0.6380208328125 0.2119140625 0.6380208328125 0.1865234375 0.6302083328125 0.1728515625 0.62109375 0.166015625