2 0.5442708328125 0.1650390625 0.5442708328125 0.1884765625 0.5533854171875 0.19921875 0.5598958328125 0.1982421875 0.5651041671875 0.1923828125 0.5651041671875 0.1552734375 0.5559895828125 0.15234375 0.5442708328125 0.1650390625
2 0.40625 0.3232421875 0.4088541671875 0.3310546875 0.43359375 0.345703125 0.44921875 0.3515625 0.4635416671875 0.3525390625 0.4661458328125 0.3408203125 0.4544270828125 0.330078125 0.4309895828125 0.322265625 0.40625 0.3232421875
2 0.6354166671875 0.2548828125 0.62890625 0.25390625 0.6223958328125 0.2646484375 0.6223958328125 0.2900390625 0.6276041671875 0.3017578125 0.6328125 0.3017578125 0.6432291671875 0.2919921875 0.6458333328125 0.2802734375 0.6432291671875 0.2666015625 0.6354166671875 0.2548828125
2 0.22786458281250002 0.234375 0.20442708281250002 0.234375 0.1979166671875 0.2373046875 0.1979166671875 0.2412109375 0.20703125 0.248046875 0.23958333281250002 0.2529296875 0.25390625 0.251953125 0.2630208328125 0.2451171875 0.2565104171875 0.240234375 0.22786458281250002 0.234375
2 0.3072916671875 0.3369140625 0.3059895828125 0.33203125 0.2877604171875 0.33203125 0.2552083328125 0.3544921875 0.25 0.3681640625 0.25390625 0.37109375 0.2630208328125 0.3701171875 0.26953125 0.369140625 0.2890625 0.3564453125 0.3020833328125 0.3447265625 0.3072916671875 0.3369140625
2 0.3606770828125 0.263671875 0.34375 0.2783203125 0.3385416671875 0.2900390625 0.34375 0.3017578125 0.3489583328125 0.3017578125 0.3723958328125 0.2841796875 0.3802083328125 0.2724609375 0.37890625 0.259765625 0.3606770828125 0.263671875
2 0.4557291671875 0.3779296875 0.4583333328125 0.3857421875 0.48046875 0.3984375 0.5013020828125 0.404296875 0.5078125 0.4033203125 0.5104166671875 0.3935546875 0.4986979171875 0.3828125 0.4752604171875 0.376953125 0.4557291671875 0.3779296875
2 0.5416666671875 0.2783203125 0.5442708328125 0.2978515625 0.5611979171875 0.314453125 0.5755208328125 0.3154296875 0.5755208328125 0.2998046875 0.5703125 0.2880859375 0.5481770828125 0.267578125 0.5416666671875 0.2783203125
2 0.65234375 0.16796875 0.6341145828125 0.16796875 0.61328125 0.17578125 0.5989583328125 0.1884765625 0.5989583328125 0.1982421875 0.6067708328125 0.2001953125 0.62890625 0.193359375 0.6497395828125 0.181640625 0.65625 0.1708984375 0.65234375 0.16796875
2 0.41015625 0.21484375 0.4010416671875 0.2236328125 0.3984375 0.2353515625 0.4088541671875 0.2548828125 0.4205729171875 0.263671875 0.4270833328125 0.2646484375 0.4322916671875 0.2587890625 0.4296875 0.2353515625 0.421875 0.2236328125 0.41015625 0.21484375
2 0.7044270828125 0.3125 0.6875 0.3212890625 0.671875 0.3427734375 0.671875 0.3544921875 0.6783854171875 0.36328125 0.6848958328125 0.3623046875 0.6979166671875 0.3486328125 0.7083333328125 0.3291015625 0.7083333328125 0.3154296875 0.7044270828125 0.3125
2 0.7591145828125 0.359375 0.75 0.3720703125 0.7526041671875 0.3837890625 0.7747395828125 0.404296875 0.7890625 0.4052734375 0.7916666671875 0.3935546875 0.78125 0.3740234375 0.76953125 0.36328125 0.7591145828125 0.359375
2 0.7591145828125 0.26953125 0.7330729171875 0.267578125 0.7161458328125 0.2763671875 0.7330729171875 0.287109375 0.7565104171875 0.291015625 0.7734375 0.2900390625 0.78515625 0.2890625 0.7916666671875 0.2841796875 0.7890625 0.2802734375 0.7591145828125 0.26953125
2 0.7278645828125 0.181640625 0.72265625 0.181640625 0.7083333328125 0.1923828125 0.7057291671875 0.1982421875 0.7083333328125 0.2236328125 0.71484375 0.23046875 0.7213541671875 0.2294921875 0.7317708328125 0.2216796875 0.734375 0.2119140625 0.734375 0.1923828125 0.7278645828125 0.181640625
2 0.32421875 0.146484375 0.3203125 0.1494140625 0.3229166671875 0.1611328125 0.3372395828125 0.171875 0.3580729171875 0.181640625 0.3723958328125 0.1826171875 0.3723958328125 0.1689453125 0.35546875 0.154296875 0.3372395828125 0.146484375 0.32421875 0.146484375
2 0.49609375 0.2578125 0.4817708328125 0.2626953125 0.4713541671875 0.2880859375 0.4713541671875 0.3037109375 0.4752604171875 0.30859375 0.4817708328125 0.3076171875 0.4973958328125 0.2978515625 0.5026041671875 0.2841796875 0.5026041671875 0.2724609375 0.49609375 0.2578125
2 0.2643229171875 0.166015625 0.23046875 0.166015625 0.22135416718749998 0.1708984375 0.23567708281250002 0.185546875 0.265625 0.1884765625 0.2877604171875 0.185546875 0.2942708328125 0.1767578125 0.27734375 0.16796875 0.2643229171875 0.166015625
2 0.4192708328125 0.1669921875 0.4244791671875 0.1826171875 0.4440104171875 0.19921875 0.4544270828125 0.203125 0.4817708328125 0.2021484375 0.4817708328125 0.1943359375 0.4622395828125 0.1796875 0.4309895828125 0.166015625 0.4192708328125 0.1669921875
2 0.60546875 0.5234375 0.5924479171875 0.525390625 0.578125 0.5361328125 0.58203125 0.541015625 0.6276041671875 0.5400390625 0.63671875 0.5390625 0.6458333328125 0.5302734375 0.6263020828125 0.5234375 0.60546875 0.5234375
2 0.4778645828125 0.49609375 0.4544270828125 0.50390625 0.4427083328125 0.5126953125 0.4466145828125 0.51953125 0.46875 0.5185546875 0.4934895828125 0.513671875 0.5104166671875 0.5048828125 0.4908854171875 0.49609375 0.4778645828125 0.49609375
2 0.4049479171875 0.5390625 0.3958333328125 0.5419921875 0.3984375 0.5517578125 0.4127604171875 0.5625 0.4283854171875 0.568359375 0.4453125 0.5673828125 0.4557291671875 0.5595703125 0.44140625 0.548828125 0.41796875 0.541015625 0.4049479171875 0.5390625
2 0.62109375 0.5703125 0.60546875 0.572265625 0.58203125 0.58203125 0.5651041671875 0.5986328125 0.5690104171875 0.6015625 0.5911458328125 0.6005859375 0.61328125 0.59375 0.6223958328125 0.5869140625 0.625 0.5732421875 0.62109375 0.5703125
2 0.57421875 0.47265625 0.5677083328125 0.4755859375 0.5677083328125 0.4794921875 0.5846354171875 0.490234375 0.6028645828125 0.494140625 0.6171875 0.4931640625 0.62890625 0.490234375 0.6328125 0.4853515625 0.59765625 0.47265625 0.57421875 0.47265625
2 0.76171875 0.44140625 0.74609375 0.44140625 0.7083333328125 0.4541015625 0.7174479171875 0.462890625 0.7317708328125 0.4638671875 0.75390625 0.458984375 0.7682291671875 0.4482421875 0.7682291671875 0.4443359375 0.76171875 0.44140625
2 0.59765625 0.400390625 0.5768229171875 0.408203125 0.5598958328125 0.4208984375 0.5690104171875 0.427734375 0.5885416671875 0.4267578125 0.60546875 0.419921875 0.625 0.4033203125 0.6158854171875 0.3984375 0.59765625 0.400390625
2 0.20442708281250002 0.416015625 0.1940104171875 0.419921875 0.1692708328125 0.4423828125 0.1640625 0.4599609375 0.1744791671875 0.4599609375 0.1861979171875 0.45703125 0.20572916718749998 0.4423828125 0.2109375 0.4267578125 0.20442708281250002 0.416015625
2 0.23307291718749998 0.5 0.21614583281250002 0.5107421875 0.20833333281250002 0.5283203125 0.2109375 0.5478515625 0.21744791718749998 0.552734375 0.22135416718749998 0.5517578125 0.23177083281250002 0.5400390625 0.23958333281250002 0.5185546875 0.23958333281250002 0.5087890625 0.23307291718749998 0.5
2 0.4622395828125 0.44140625 0.44140625 0.447265625 0.4114583328125 0.4658203125 0.4088541671875 0.4794921875 0.421875 0.4794921875 0.4440104171875 0.47265625 0.4583333328125 0.4638671875 0.4635416671875 0.4580078125 0.4622395828125 0.44140625
2 0.34765625 0.4140625 0.33203125 0.416015625 0.3046875 0.4345703125 0.2994791671875 0.4423828125 0.2994791671875 0.4560546875 0.3072916671875 0.4580078125 0.3190104171875 0.453125 0.3463541671875 0.4306640625 0.3515625 0.4208984375 0.34765625 0.4140625
2 0.3072916671875 0.7041015625 0.3046875 0.7216796875 0.3098958328125 0.7392578125 0.31640625 0.744140625 0.3203125 0.7431640625 0.328125 0.7275390625 0.328125 0.7080078125 0.3138020828125 0.6953125 0.3072916671875 0.7041015625
2 0.6236979171875 0.615234375 0.6223958328125 0.6337890625 0.6276041671875 0.6396484375 0.6497395828125 0.654296875 0.6666666671875 0.6533203125 0.6640625 0.6416015625 0.6536458328125 0.6298828125 0.63671875 0.619140625 0.6236979171875 0.615234375
2 0.41015625 0.6015625 0.37109375 0.6015625 0.3567708328125 0.6103515625 0.3684895828125 0.619140625 0.40625 0.6201171875 0.41796875 0.6171875 0.421875 0.6123046875 0.4192708328125 0.6064453125 0.41015625 0.6015625
2 0.7434895828125 0.533203125 0.7395833328125 0.5380859375 0.7395833328125 0.5498046875 0.7526041671875 0.5693359375 0.7643229171875 0.57421875 0.78125 0.5732421875 0.7786458328125 0.5634765625 0.7630208328125 0.5419921875 0.7513020828125 0.533203125 0.7434895828125 0.533203125
2 0.5455729171875 0.650390625 0.52734375 0.646484375 0.5260416671875 0.6552734375 0.5364583328125 0.6728515625 0.5494791671875 0.6884765625 0.5625 0.6943359375 0.5677083328125 0.6884765625 0.5677083328125 0.6787109375 0.5546875 0.6572265625 0.5455729171875 0.650390625
2 0.62890625 0.740234375 0.625 0.7431640625 0.6302083328125 0.7548828125 0.6575520828125 0.771484375 0.6705729171875 0.775390625 0.6901041671875 0.7744140625 0.6901041671875 0.7685546875 0.6627604171875 0.75 0.6419270828125 0.7421875 0.62890625 0.740234375
2 0.7434895828125 0.65234375 0.7213541671875 0.6689453125 0.7161458328125 0.6845703125 0.71875 0.6962890625 0.7278645828125 0.705078125 0.7317708328125 0.7041015625 0.7395833328125 0.6962890625 0.7473958328125 0.6748046875 0.7473958328125 0.6552734375 0.7434895828125 0.65234375
2 0.43359375 0.6875 0.41015625 0.693359375 0.4010416671875 0.7001953125 0.3984375 0.7119140625 0.40234375 0.71484375 0.4166666671875 0.7138671875 0.44140625 0.70703125 0.4635416671875 0.6904296875 0.4544270828125 0.6875 0.43359375 0.6875
2 0.3138020828125 0.576171875 0.28515625 0.580078125 0.2682291671875 0.5908203125 0.2721354171875 0.59765625 0.296875 0.5986328125 0.3294270828125 0.59375 0.3385416671875 0.5869140625 0.3268229171875 0.578125 0.3138020828125 0.576171875
2 0.20963541718749998 0.650390625 0.20052083281250002 0.6611328125 0.203125 0.6826171875 0.20833333281250002 0.6923828125 0.21744791718749998 0.69921875 0.22916666718749998 0.7021484375 0.23177083281250002 0.6826171875 0.2265625 0.6630859375 0.22135416718749998 0.6552734375 0.20963541718749998 0.650390625
2 0.18359375 0.556640625 0.1653645828125 0.5625 0.1588541671875 0.5732421875 0.1588541671875 0.5966796875 0.1640625 0.6064453125 0.1692708328125 0.6083984375 0.1796875 0.6025390625 0.1875 0.5888671875 0.1875 0.5634765625 0.18359375 0.556640625