2 0.79296875 0.16015625 0.7838541671875 0.1689453125 0.7838541671875 0.2001953125 0.7890625 0.2099609375 0.796875 0.2119140625 0.8046875 0.2001953125 0.8046875 0.1708984375 0.7994791671875 0.1611328125 0.79296875 0.16015625
2 0.5559895828125 0.1484375 0.5403645828125 0.14453125 0.5390625 0.1591796875 0.5442708328125 0.1748046875 0.55859375 0.19140625 0.5677083328125 0.1904296875 0.5729166671875 0.1845703125 0.5729166671875 0.1708984375 0.5677083328125 0.1591796875 0.5559895828125 0.1484375
2 0.6223958328125 0.1552734375 0.625 0.1708984375 0.63671875 0.1796875 0.66015625 0.185546875 0.6744791671875 0.1845703125 0.6848958328125 0.1806640625 0.6783854171875 0.169921875 0.64453125 0.154296875 0.6223958328125 0.1552734375
2 0.3111979171875 0.2265625 0.3059895828125 0.2265625 0.296875 0.2353515625 0.2916666671875 0.2490234375 0.2916666671875 0.2705078125 0.2994791671875 0.2724609375 0.3125 0.2646484375 0.3177083328125 0.2529296875 0.3177083328125 0.2333984375 0.3111979171875 0.2265625
2 0.21744791718749998 0.21875 0.1940104171875 0.22265625 0.1809895828125 0.228515625 0.1744791671875 0.2431640625 0.1979166671875 0.2431640625 0.22526041718749998 0.236328125 0.23697916718749998 0.2294921875 0.23697916718749998 0.2236328125 0.21744791718749998 0.21875
2 0.4088541671875 0.1630859375 0.3984375 0.1865234375 0.3984375 0.2001953125 0.40625 0.2138671875 0.4114583328125 0.2158203125 0.4244791671875 0.1884765625 0.4244791671875 0.1650390625 0.4205729171875 0.158203125 0.4088541671875 0.1630859375
2 0.3033854171875 0.15625 0.2903645828125 0.15625 0.2799479171875 0.16015625 0.2552083328125 0.1787109375 0.2526041671875 0.1962890625 0.2604166671875 0.1982421875 0.2747395828125 0.193359375 0.2994791671875 0.1728515625 0.3046875 0.1630859375 0.3033854171875 0.15625
2 0.3619791671875 0.2236328125 0.3671875 0.2314453125 0.37890625 0.23828125 0.4127604171875 0.24609375 0.4322916671875 0.2451171875 0.4296875 0.2333984375 0.4205729171875 0.2265625 0.37890625 0.21875 0.3619791671875 0.2236328125
2 0.6692708328125 0.2548828125 0.6692708328125 0.2626953125 0.6796875 0.2802734375 0.7018229171875 0.294921875 0.7083333328125 0.2939453125 0.7109375 0.2900390625 0.703125 0.2744140625 0.6731770828125 0.251953125 0.6692708328125 0.2548828125
2 0.59375 0.2431640625 0.59375 0.2666015625 0.60546875 0.27734375 0.6145833328125 0.2763671875 0.6171875 0.2412109375 0.6145833328125 0.2353515625 0.60546875 0.232421875 0.59375 0.2431640625
2 0.4986979171875 0.2421875 0.4830729171875 0.25 0.46875 0.2607421875 0.4583333328125 0.2744140625 0.4622395828125 0.279296875 0.484375 0.2783203125 0.5078125 0.2607421875 0.5130208328125 0.2509765625 0.51171875 0.2421875 0.4986979171875 0.2421875
2 0.8111979171874999 0.275390625 0.7981770828125 0.275390625 0.7877604171875 0.279296875 0.7760416671875 0.2900390625 0.7682291671875 0.3134765625 0.78125 0.3134765625 0.796875 0.3037109375 0.8072916671874999 0.2919921875 0.8125 0.2822265625 0.8111979171874999 0.275390625
2 0.7200520828125 0.32421875 0.6940104171875 0.33203125 0.6822916671875 0.3408203125 0.6796875 0.3505859375 0.6953125 0.3505859375 0.7278645828125 0.341796875 0.7395833328125 0.3330078125 0.7421875 0.3251953125 0.7200520828125 0.32421875
2 0.27734375 0.390625 0.2604166671875 0.4033203125 0.2721354171875 0.408203125 0.3020833328125 0.4072265625 0.3190104171875 0.40234375 0.3255208328125 0.3955078125 0.2981770828125 0.388671875 0.27734375 0.390625
2 0.3828125 0.3271484375 0.3802083328125 0.3349609375 0.3841145828125 0.337890625 0.3984375 0.3369140625 0.4296875 0.3212890625 0.43359375 0.3046875 0.41015625 0.30859375 0.3828125 0.3271484375
2 0.3111979171875 0.294921875 0.3020833328125 0.3095703125 0.3020833328125 0.3349609375 0.3046875 0.3408203125 0.3111979171875 0.345703125 0.3151041671875 0.3447265625 0.3255208328125 0.3369140625 0.3307291671875 0.3115234375 0.328125 0.3056640625 0.3111979171875 0.294921875
2 0.5247395828125 0.3046875 0.5130208328125 0.3154296875 0.5130208328125 0.3369140625 0.5234375 0.3564453125 0.5338541671875 0.3603515625 0.5390625 0.3544921875 0.5390625 0.3271484375 0.5338541671875 0.3134765625 0.5247395828125 0.3046875
2 0.75390625 0.396484375 0.7408854171875 0.400390625 0.7317708328125 0.4111328125 0.7330729171875 0.4140625 0.7708333328125 0.4130859375 0.78515625 0.412109375 0.796875 0.4052734375 0.7877604171875 0.3984375 0.75390625 0.396484375
2 0.38671875 0.412109375 0.3763020828125 0.4140625 0.3697916671875 0.4189453125 0.3815104171875 0.42578125 0.3997395828125 0.4296875 0.4244791671875 0.4287109375 0.43359375 0.427734375 0.4375 0.4228515625 0.4205729171875 0.412109375 0.38671875 0.412109375
2 0.6510416671875 0.4228515625 0.6471354171875 0.419921875 0.6419270828125 0.419921875 0.6276041671875 0.4306640625 0.6119791671875 0.4541015625 0.6119791671875 0.4619140625 0.6197916671875 0.4619140625 0.62890625 0.4609375 0.640625 0.4521484375 0.6484375 0.4404296875 0.6510416671875 0.4228515625
2 0.54296875 0.4140625 0.5104166671875 0.4345703125 0.51171875 0.443359375 0.5338541671875 0.4423828125 0.5403645828125 0.44140625 0.5598958328125 0.4287109375 0.5611979171875 0.41015625 0.54296875 0.4140625
2 0.1614583328125 0.3310546875 0.1666666671875 0.3447265625 0.17578125 0.3515625 0.20182291718749998 0.359375 0.22395833281250002 0.3583984375 0.22395833281250002 0.3505859375 0.21223958281250002 0.341796875 0.1731770828125 0.330078125 0.1614583328125 0.3310546875
2 0.1575520828125 0.451171875 0.1510416671875 0.4599609375 0.1536458328125 0.4755859375 0.1692708328125 0.5029296875 0.1770833328125 0.5048828125 0.1848958328125 0.4970703125 0.1875 0.4873046875 0.1744791671875 0.4599609375 0.1575520828125 0.451171875
2 0.7161458328125 0.4990234375 0.7330729171875 0.51171875 0.7734375 0.5126953125 0.7838541671875 0.5029296875 0.7643229171875 0.494140625 0.73046875 0.4921875 0.7161458328125 0.4990234375
2 0.38671875 0.47265625 0.3723958328125 0.4892578125 0.3671875 0.5029296875 0.3671875 0.5224609375 0.37109375 0.525390625 0.3776041671875 0.5244140625 0.3880208328125 0.5166015625 0.3984375 0.4970703125 0.3984375 0.4833984375 0.38671875 0.47265625
2 0.64453125 0.529296875 0.60546875 0.529296875 0.5846354171875 0.53515625 0.5755208328125 0.5419921875 0.5872395828125 0.548828125 0.6041666671875 0.5498046875 0.6315104171875 0.546875 0.6419270828125 0.54296875 0.6510416671875 0.5322265625 0.64453125 0.529296875
2 0.5221354171875 0.494140625 0.5065104171875 0.498046875 0.4973958328125 0.5048828125 0.4921875 0.5146484375 0.4921875 0.5419921875 0.49609375 0.544921875 0.5026041671875 0.5439453125 0.5130208328125 0.5361328125 0.5260416671875 0.5126953125 0.5286458328125 0.5029296875 0.5221354171875 0.494140625
2 0.6171875 0.6142578125 0.6119791671875 0.6318359375 0.6158854171875 0.638671875 0.6223958328125 0.6376953125 0.6432291671875 0.6142578125 0.6471354171875 0.595703125 0.6341145828125 0.59765625 0.6171875 0.6142578125
2 0.6653645828125 0.6484375 0.6588541671875 0.6533203125 0.6588541671875 0.6611328125 0.6692708328125 0.6748046875 0.68359375 0.6875 0.69140625 0.69140625 0.7005208328125 0.6904296875 0.6979166671875 0.6767578125 0.6822916671875 0.6552734375 0.6731770828125 0.6484375 0.6653645828125 0.6484375
2 0.7643229171875 0.5859375 0.7591145828125 0.5859375 0.7552083328125 0.5908203125 0.7526041671875 0.6181640625 0.7578125 0.6318359375 0.765625 0.6337890625 0.7760416671875 0.6240234375 0.78125 0.6044921875 0.7786458328125 0.5966796875 0.7643229171875 0.5859375
2 0.67578125 0.755859375 0.6653645828125 0.7578125 0.6588541671875 0.7626953125 0.6484375 0.7783203125 0.6458333328125 0.7958984375 0.6510416671875 0.8037109375 0.6588541671875 0.8056640625 0.6666666671875 0.7998046875 0.6770833328125 0.7783203125 0.6796875 0.7587890625 0.67578125 0.755859375
2 0.7408854171875 0.7109375 0.7369791671875 0.7197265625 0.7421875 0.7333984375 0.7643229171875 0.75390625 0.7721354171875 0.7578125 0.7786458328125 0.7568359375 0.7838541671875 0.7412109375 0.7760416671875 0.7275390625 0.7565104171875 0.712890625 0.7408854171875 0.7109375
2 0.5481770828125 0.6171875 0.5260416671875 0.6337890625 0.5234375 0.6513671875 0.5364583328125 0.6513671875 0.5651041671875 0.6279296875 0.5703125 0.6201171875 0.56640625 0.611328125 0.5481770828125 0.6171875
2 0.3815104171875 0.66015625 0.375 0.6669921875 0.3776041671875 0.6904296875 0.3919270828125 0.70703125 0.40625 0.7080078125 0.40625 0.6923828125 0.4010416671875 0.6806640625 0.3880208328125 0.6611328125 0.3815104171875 0.66015625
2 0.4778645828125 0.638671875 0.4713541671875 0.6455078125 0.4739583328125 0.6630859375 0.4934895828125 0.681640625 0.5013020828125 0.685546875 0.5104166671875 0.6845703125 0.5130208328125 0.6787109375 0.5052083328125 0.6630859375 0.4895833328125 0.6455078125 0.4778645828125 0.638671875
2 0.3385416671875 0.5908203125 0.3333333328125 0.6083984375 0.3359375 0.6240234375 0.34765625 0.6328125 0.3515625 0.6318359375 0.3619791671875 0.6123046875 0.3619791671875 0.5869140625 0.35546875 0.580078125 0.3385416671875 0.5908203125
2 0.33984375 0.71484375 0.3346354171875 0.71484375 0.3307291671875 0.7177734375 0.3307291671875 0.7353515625 0.3411458328125 0.7509765625 0.3580729171875 0.76171875 0.3723958328125 0.7607421875 0.3723958328125 0.7529296875 0.3645833328125 0.7392578125 0.3515625 0.7236328125 0.33984375 0.71484375
2 0.22005208281250002 0.642578125 0.21354166718749998 0.6474609375 0.21354166718749998 0.6513671875 0.22526041718749998 0.66015625 0.24869791718749998 0.66796875 0.265625 0.6689453125 0.28125 0.6611328125 0.2669270828125 0.650390625 0.24609375 0.642578125 0.22005208281250002 0.642578125
2 0.27734375 0.56640625 0.23828125 0.56640625 0.22005208281250002 0.572265625 0.2109375 0.5791015625 0.2109375 0.5830078125 0.22265625 0.587890625 0.2552083328125 0.5869140625 0.26953125 0.583984375 0.2786458328125 0.5771484375 0.28125 0.5693359375 0.27734375 0.56640625
2 0.5104166671875 0.7373046875 0.5104166671875 0.7509765625 0.515625 0.7607421875 0.5299479171875 0.771484375 0.5364583328125 0.7705078125 0.5390625 0.7275390625 0.5338541671875 0.7197265625 0.5221354171875 0.71484375 0.5104166671875 0.7373046875