2 0.2747395828125 0.19921875 0.2708333328125 0.2060546875 0.2760416671875 0.2138671875 0.3033854171875 0.236328125 0.3111979171875 0.240234375 0.3177083328125 0.2392578125 0.3203125 0.2275390625 0.3151041671875 0.2177734375 0.2981770828125 0.205078125 0.2747395828125 0.19921875
2 0.17578125 0.1640625 0.1640625 0.1767578125 0.1640625 0.2021484375 0.1783854171875 0.21484375 0.1875 0.2158203125 0.1927083328125 0.1923828125 0.1901041671875 0.1748046875 0.1848958328125 0.1669921875 0.17578125 0.1640625
2 0.37109375 0.1484375 0.3294270828125 0.154296875 0.3138020828125 0.16015625 0.3046875 0.1689453125 0.30859375 0.17578125 0.34375 0.1748046875 0.3528645828125 0.173828125 0.3671875 0.1650390625 0.3723958328125 0.1552734375 0.37109375 0.1484375
2 0.4283854171875 0.18359375 0.4075520828125 0.19140625 0.3958333328125 0.2060546875 0.3971354171875 0.212890625 0.40625 0.2119140625 0.4231770828125 0.20703125 0.4427083328125 0.1943359375 0.4453125 0.1884765625 0.4283854171875 0.18359375
2 0.6184895828125 0.240234375 0.6119791671875 0.2470703125 0.6067708328125 0.2607421875 0.6067708328125 0.2841796875 0.6145833328125 0.2841796875 0.6302083328125 0.2705078125 0.6328125 0.2490234375 0.6263020828125 0.23828125 0.6184895828125 0.240234375
2 0.5 0.1767578125 0.5 0.2021484375 0.5091145828125 0.2109375 0.5208333328125 0.2138671875 0.5234375 0.1748046875 0.5182291671875 0.1650390625 0.51171875 0.1640625 0.5 0.1767578125
2 0.6497395828125 0.162109375 0.6315104171875 0.162109375 0.59375 0.1748046875 0.5950520828125 0.181640625 0.6106770828125 0.1875 0.6171875 0.1865234375 0.6419270828125 0.1796875 0.6510416671875 0.1728515625 0.6536458328125 0.1650390625 0.6497395828125 0.162109375
2 0.5403645828125 0.251953125 0.5338541671875 0.2587890625 0.53125 0.2724609375 0.5416666671875 0.2998046875 0.5494791671875 0.2998046875 0.5598958328125 0.2880859375 0.5598958328125 0.2724609375 0.5520833328125 0.2568359375 0.5403645828125 0.251953125
2 0.47265625 0.234375 0.44140625 0.244140625 0.4296875 0.2509765625 0.4309895828125 0.255859375 0.44921875 0.26171875 0.4557291671875 0.2607421875 0.48046875 0.25390625 0.4973958328125 0.2353515625 0.4908854171875 0.232421875 0.47265625 0.234375
2 0.7877604171875 0.205078125 0.7669270828125 0.20703125 0.7395833328125 0.2255859375 0.7369791671875 0.2392578125 0.7408854171875 0.244140625 0.7447916671875 0.2431640625 0.7591145828125 0.23828125 0.78125 0.2236328125 0.7890625 0.2158203125 0.7877604171875 0.205078125
2 0.7486979171875 0.18359375 0.72265625 0.18359375 0.69921875 0.19140625 0.6901041671875 0.2001953125 0.69921875 0.20703125 0.7135416671875 0.2099609375 0.7278645828125 0.208984375 0.7434895828125 0.203125 0.7578125 0.1884765625 0.7486979171875 0.18359375
2 0.3268229171875 0.287109375 0.3138020828125 0.291015625 0.3046875 0.3017578125 0.3046875 0.3056640625 0.3111979171875 0.30859375 0.3385416671875 0.3076171875 0.36328125 0.30078125 0.3697916671875 0.2919921875 0.3606770828125 0.287109375 0.3268229171875 0.287109375
2 0.16796875 0.326171875 0.1393229171875 0.330078125 0.1302083328125 0.3349609375 0.1315104171875 0.33984375 0.1497395828125 0.34765625 0.1640625 0.3466796875 0.18359375 0.34375 0.20052083281250002 0.3330078125 0.1888020828125 0.326171875 0.16796875 0.326171875
2 0.1940104171875 0.24609375 0.1875 0.2587890625 0.1901041671875 0.2724609375 0.20182291718749998 0.287109375 0.21744791718749998 0.294921875 0.2265625 0.2939453125 0.2265625 0.2802734375 0.21354166718749998 0.2587890625 0.19921875 0.24609375 0.1940104171875 0.24609375
2 0.3268229171875 0.38671875 0.3072916671875 0.3896484375 0.3151041671875 0.4013671875 0.3268229171875 0.408203125 0.34765625 0.416015625 0.3567708328125 0.4150390625 0.3658854171875 0.4140625 0.3671875 0.4091796875 0.34765625 0.39453125 0.3268229171875 0.38671875
2 0.6302083328125 0.3544921875 0.6354166671875 0.3681640625 0.6575520828125 0.388671875 0.66796875 0.392578125 0.6822916671875 0.3916015625 0.6744791671875 0.3720703125 0.6575520828125 0.357421875 0.6471354171875 0.353515625 0.6302083328125 0.3544921875
2 0.4283854171875 0.349609375 0.421875 0.3603515625 0.4270833328125 0.3798828125 0.44921875 0.40234375 0.4583333328125 0.4013671875 0.4583333328125 0.3818359375 0.453125 0.3701171875 0.4479166671875 0.3623046875 0.4283854171875 0.349609375
2 0.5065104171875 0.361328125 0.5 0.3701171875 0.5026041671875 0.3857421875 0.52734375 0.404296875 0.546875 0.4052734375 0.5442708328125 0.3935546875 0.5338541671875 0.3798828125 0.51953125 0.3671875 0.5065104171875 0.361328125
2 0.7434895828125 0.361328125 0.7395833328125 0.3779296875 0.7447916671875 0.3994140625 0.75 0.4091796875 0.7591145828125 0.416015625 0.765625 0.4150390625 0.7708333328125 0.4052734375 0.7682291671875 0.3779296875 0.7565104171875 0.365234375 0.7434895828125 0.361328125
2 0.22526041718749998 0.40625 0.21354166718749998 0.4169921875 0.21354166718749998 0.4287109375 0.22395833281250002 0.4482421875 0.23567708281250002 0.458984375 0.23958333281250002 0.4580078125 0.24739583281250002 0.4443359375 0.24479166718749998 0.4287109375 0.23697916718749998 0.4150390625 0.22526041718749998 0.40625
2 0.36328125 0.541015625 0.3567708328125 0.5439453125 0.3489583328125 0.5595703125 0.3515625 0.5888671875 0.359375 0.5849609375 0.3671875 0.5693359375 0.3671875 0.5478515625 0.36328125 0.541015625
2 0.3190104171875 0.46875 0.3125 0.4736328125 0.3098958328125 0.4814453125 0.3098958328125 0.4990234375 0.3151041671875 0.5126953125 0.3255208328125 0.5126953125 0.3307291671875 0.5068359375 0.3333333328125 0.4736328125 0.3268229171875 0.46875 0.3190104171875 0.46875
2 0.5169270828125 0.44921875 0.5 0.4619140625 0.4921875 0.4736328125 0.49609375 0.4765625 0.515625 0.4755859375 0.5390625 0.4580078125 0.5403645828125 0.443359375 0.5299479171875 0.443359375 0.5169270828125 0.44921875
2 0.7513020828125 0.525390625 0.7447916671875 0.5302734375 0.7447916671875 0.5439453125 0.7526041671875 0.5576171875 0.7643229171875 0.56640625 0.7838541671875 0.5673828125 0.78125 0.5537109375 0.7682291671875 0.5361328125 0.76171875 0.529296875 0.7513020828125 0.525390625
2 0.41015625 0.478515625 0.3958333328125 0.4853515625 0.41015625 0.49609375 0.4309895828125 0.5 0.4453125 0.4990234375 0.4518229171875 0.498046875 0.4635416671875 0.4892578125 0.44921875 0.48046875 0.41015625 0.478515625
2 0.7278645828125 0.474609375 0.7239583328125 0.4775390625 0.7291666671875 0.4873046875 0.7434895828125 0.49609375 0.76171875 0.501953125 0.7838541671875 0.5009765625 0.7916666671875 0.4970703125 0.77734375 0.486328125 0.7434895828125 0.474609375 0.7278645828125 0.474609375
2 0.4986979171875 0.509765625 0.484375 0.5205078125 0.4713541671875 0.5439453125 0.4713541671875 0.5576171875 0.484375 0.5576171875 0.4947916671875 0.5498046875 0.5078125 0.5322265625 0.5078125 0.5185546875 0.4986979171875 0.509765625
2 0.65234375 0.478515625 0.6158854171875 0.478515625 0.6041666671875 0.4833984375 0.6041666671875 0.4873046875 0.6158854171875 0.498046875 0.6458333328125 0.4990234375 0.6627604171875 0.49609375 0.671875 0.4892578125 0.671875 0.4853515625 0.65234375 0.478515625
2 0.6432291671875 0.7294921875 0.6484375 0.7392578125 0.6731770828125 0.75390625 0.6927083328125 0.7529296875 0.6744791671875 0.7314453125 0.6627604171875 0.72265625 0.6471354171875 0.716796875 0.6432291671875 0.7294921875
2 0.62109375 0.58203125 0.59765625 0.587890625 0.5833333328125 0.5986328125 0.5950520828125 0.60546875 0.6171875 0.6044921875 0.63671875 0.599609375 0.6484375 0.5908203125 0.6341145828125 0.58203125 0.62109375 0.58203125
2 0.72265625 0.599609375 0.7135416671875 0.6044921875 0.7135416671875 0.6083984375 0.72265625 0.615234375 0.73828125 0.62109375 0.75390625 0.625 0.7734375 0.6240234375 0.7708333328125 0.6142578125 0.7565104171875 0.603515625 0.7408854171875 0.599609375 0.72265625 0.599609375
2 0.7356770828125 0.677734375 0.7265625 0.6845703125 0.7239583328125 0.7001953125 0.7317708328125 0.7216796875 0.7434895828125 0.732421875 0.7526041671875 0.7314453125 0.7578125 0.7216796875 0.7552083328125 0.6982421875 0.7473958328125 0.6826171875 0.7356770828125 0.677734375
2 0.18359375 0.5546875 0.1796875 0.5576171875 0.1796875 0.5654296875 0.1901041671875 0.5810546875 0.21223958281250002 0.595703125 0.22395833281250002 0.5966796875 0.2265625 0.5830078125 0.22135416718749998 0.5751953125 0.19921875 0.55859375 0.18359375 0.5546875
2 0.23567708281250002 0.63671875 0.22135416718749998 0.6474609375 0.20572916718749998 0.6669921875 0.203125 0.6806640625 0.21875 0.6806640625 0.23177083281250002 0.6748046875 0.25 0.6494140625 0.24869791718749998 0.634765625 0.23567708281250002 0.63671875
2 0.34765625 0.6796875 0.3294270828125 0.681640625 0.2890625 0.7060546875 0.2890625 0.7099609375 0.2955729171875 0.712890625 0.3151041671875 0.7119140625 0.3294270828125 0.70703125 0.3463541671875 0.6943359375 0.3515625 0.6845703125 0.34765625 0.6796875
2 0.3763020828125 0.7265625 0.3723958328125 0.7353515625 0.3776041671875 0.7451171875 0.4075520828125 0.771484375 0.4192708328125 0.7705078125 0.4192708328125 0.7529296875 0.4088541671875 0.7373046875 0.3919270828125 0.7265625 0.3763020828125 0.7265625
2 0.42578125 0.58984375 0.4114583328125 0.5986328125 0.4127604171875 0.6015625 0.44140625 0.611328125 0.4596354171875 0.615234375 0.4713541671875 0.6142578125 0.4778645828125 0.61328125 0.4817708328125 0.6083984375 0.46484375 0.595703125 0.42578125 0.58984375
2 0.37109375 0.607421875 0.34765625 0.60546875 0.3372395828125 0.609375 0.3177083328125 0.6240234375 0.3125 0.6376953125 0.3333333328125 0.6376953125 0.3528645828125 0.62890625 0.3671875 0.6181640625 0.3723958328125 0.6123046875 0.37109375 0.607421875
2 0.41796875 0.642578125 0.4140625 0.6455078125 0.4192708328125 0.6572265625 0.43359375 0.666015625 0.45703125 0.673828125 0.4661458328125 0.6728515625 0.4817708328125 0.6689453125 0.4752604171875 0.658203125 0.4361979171875 0.642578125 0.41796875 0.642578125
2 0.5481770828125 0.69140625 0.54296875 0.69140625 0.5234375 0.7099609375 0.5182291671875 0.7216796875 0.5208333328125 0.7353515625 0.5377604171875 0.73046875 0.5520833328125 0.7119140625 0.5520833328125 0.6962890625 0.5481770828125 0.69140625