2 0.3307291671875 0.2958984375 0.3359375 0.3154296875 0.3502604171875 0.326171875 0.3567708328125 0.3251953125 0.3541666671875 0.2978515625 0.3411458328125 0.2802734375 0.33203125 0.27734375 0.3307291671875 0.2958984375
2 0.42578125 0.30859375 0.4088541671875 0.3154296875 0.4010416671875 0.3310546875 0.3958333328125 0.3525390625 0.3984375 0.3623046875 0.4036458328125 0.3623046875 0.4205729171875 0.35546875 0.4296875 0.3427734375 0.4322916671875 0.3232421875 0.42578125 0.30859375
2 0.4322916671875 0.2373046875 0.4296875 0.2490234375 0.4296875 0.2626953125 0.4361979171875 0.26953125 0.4427083328125 0.2685546875 0.4557291671875 0.2548828125 0.4557291671875 0.2373046875 0.4440104171875 0.2265625 0.4322916671875 0.2373046875
2 0.6041666671875 0.2607421875 0.6041666671875 0.2763671875 0.609375 0.2919921875 0.6171875 0.2958984375 0.6276041671875 0.2861328125 0.6276041671875 0.2666015625 0.61328125 0.25 0.6041666671875 0.2607421875
2 0.5377604171875 0.2578125 0.5286458328125 0.2685546875 0.5286458328125 0.2861328125 0.5364583328125 0.3037109375 0.5403645828125 0.306640625 0.546875 0.3056640625 0.5546875 0.2978515625 0.5572916671875 0.2861328125 0.5520833328125 0.2666015625 0.5377604171875 0.2578125
2 0.6471354171875 0.16796875 0.62890625 0.16796875 0.6002604171875 0.17578125 0.5885416671875 0.1826171875 0.5885416671875 0.1865234375 0.6028645828125 0.193359375 0.6223958328125 0.1923828125 0.6341145828125 0.189453125 0.6484375 0.1806640625 0.6510416671875 0.1708984375 0.6471354171875 0.16796875
2 0.52734375 0.19140625 0.51171875 0.19140625 0.4856770828125 0.19921875 0.4765625 0.2060546875 0.4713541671875 0.2158203125 0.47265625 0.22265625 0.484375 0.2216796875 0.5169270828125 0.2109375 0.5338541671875 0.2001953125 0.5338541671875 0.1943359375 0.52734375 0.19140625
2 0.1471354171875 0.16015625 0.1458333328125 0.1728515625 0.15625 0.1865234375 0.1809895828125 0.205078125 0.1875 0.2060546875 0.1927083328125 0.1982421875 0.1901041671875 0.1826171875 0.1705729171875 0.166015625 0.1471354171875 0.16015625
2 0.25 0.1865234375 0.2526041671875 0.1943359375 0.2747395828125 0.208984375 0.2903645828125 0.212890625 0.3151041671875 0.2119140625 0.3125 0.1982421875 0.2981770828125 0.189453125 0.27734375 0.185546875 0.25 0.1865234375
2 0.38671875 0.1640625 0.3645833328125 0.1669921875 0.3645833328125 0.1728515625 0.3893229171875 0.189453125 0.4049479171875 0.1953125 0.421875 0.1962890625 0.4270833328125 0.1943359375 0.4244791671875 0.1806640625 0.4127604171875 0.171875 0.38671875 0.1640625
2 0.7708333328125 0.2587890625 0.7669270828125 0.255859375 0.7486979171875 0.259765625 0.7395833328125 0.2666015625 0.7291666671875 0.2900390625 0.7291666671875 0.2978515625 0.734375 0.3017578125 0.7408854171875 0.30078125 0.7578125 0.2861328125 0.7682291671875 0.2705078125 0.7708333328125 0.2587890625
2 0.7291666671875 0.1572265625 0.7291666671875 0.1630859375 0.7434895828125 0.171875 0.76171875 0.17578125 0.7916666671875 0.1748046875 0.8020833328125001 0.1669921875 0.78515625 0.154296875 0.7408854171875 0.15234375 0.7291666671875 0.1572265625
2 0.7122395828125 0.20703125 0.6861979171875 0.20703125 0.6666666671875 0.2138671875 0.6666666671875 0.2197265625 0.6783854171875 0.23046875 0.7083333328125 0.2314453125 0.7252604171875 0.2265625 0.734375 0.2197265625 0.734375 0.2158203125 0.7122395828125 0.20703125
2 0.3580729171875 0.50390625 0.328125 0.5185546875 0.3294270828125 0.5234375 0.359375 0.5224609375 0.37890625 0.515625 0.3932291671875 0.5009765625 0.3763020828125 0.5 0.3580729171875 0.50390625
2 0.5533854171875 0.45703125 0.5494791671875 0.4599609375 0.5520833328125 0.4755859375 0.5716145828125 0.490234375 0.5911458328125 0.4931640625 0.5911458328125 0.4833984375 0.5833333328125 0.4736328125 0.56640625 0.4609375 0.5533854171875 0.45703125
2 0.6263020828125 0.548828125 0.6145833328125 0.5556640625 0.6041666671875 0.5732421875 0.6041666671875 0.5966796875 0.6119791671875 0.5966796875 0.6223958328125 0.5888671875 0.6302083328125 0.5693359375 0.6302083328125 0.5517578125 0.6263020828125 0.548828125
2 0.6536458328125 0.7080078125 0.65625 0.7216796875 0.6692708328125 0.7412109375 0.6783854171875 0.74609375 0.6848958328125 0.7451171875 0.6796875 0.7177734375 0.6692708328125 0.7021484375 0.66015625 0.697265625 0.6536458328125 0.7080078125
2 0.20572916718749998 0.5146484375 0.20052083281250002 0.5205078125 0.20052083281250002 0.5361328125 0.20833333281250002 0.5361328125 0.24479166718749998 0.5107421875 0.24609375 0.498046875 0.22526041718749998 0.501953125 0.20572916718749998 0.5146484375
2 0.3684895828125 0.572265625 0.3606770828125 0.572265625 0.3450520828125 0.580078125 0.328125 0.5986328125 0.328125 0.6083984375 0.3385416671875 0.6103515625 0.34765625 0.607421875 0.3671875 0.5888671875 0.3723958328125 0.5791015625 0.3684895828125 0.572265625
2 0.73828125 0.482421875 0.7213541671875 0.4833984375 0.7213541671875 0.4892578125 0.7434895828125 0.50390625 0.7643229171875 0.509765625 0.7708333328125 0.5087890625 0.7838541671875 0.5068359375 0.7838541671875 0.5029296875 0.7721354171875 0.494140625 0.73828125 0.482421875
2 0.7395833328125 0.5361328125 0.7395833328125 0.5517578125 0.7473958328125 0.5654296875 0.7591145828125 0.57421875 0.7760416671875 0.5751953125 0.7734375 0.5595703125 0.7578125 0.5380859375 0.7434895828125 0.533203125 0.7395833328125 0.5361328125
2 0.66796875 0.619140625 0.6536458328125 0.6259765625 0.6575520828125 0.630859375 0.6809895828125 0.63671875 0.7213541671875 0.6376953125 0.7161458328125 0.6279296875 0.7018229171875 0.619140625 0.6809895828125 0.6171875 0.66796875 0.619140625
2 0.6575520828125 0.505859375 0.6510416671875 0.5283203125 0.6536458328125 0.5498046875 0.66015625 0.556640625 0.6692708328125 0.5556640625 0.6770833328125 0.5361328125 0.6770833328125 0.5205078125 0.6744791671875 0.5146484375 0.6575520828125 0.505859375
2 0.1966145828125 0.5859375 0.1770833328125 0.6005859375 0.171875 0.6142578125 0.1901041671875 0.6142578125 0.1966145828125 0.61328125 0.22135416718749998 0.5966796875 0.22005208281250002 0.578125 0.1966145828125 0.5859375
2 0.4505208328125 0.5107421875 0.453125 0.5341796875 0.4661458328125 0.5537109375 0.4765625 0.5556640625 0.4765625 0.5185546875 0.46875 0.5048828125 0.4596354171875 0.5 0.4505208328125 0.5107421875
2 0.1744791671875 0.6435546875 0.16796875 0.642578125 0.15625 0.6552734375 0.15625 0.6689453125 0.1666666671875 0.6904296875 0.1705729171875 0.693359375 0.1770833328125 0.6923828125 0.1822916671875 0.6865234375 0.1848958328125 0.6689453125 0.1796875 0.6513671875 0.1744791671875 0.6435546875
2 0.6184895828125 0.73046875 0.59765625 0.740234375 0.5807291671875 0.7548828125 0.5807291671875 0.7587890625 0.58984375 0.76171875 0.6067708328125 0.7607421875 0.6354166671875 0.7451171875 0.6432291671875 0.7353515625 0.6419270828125 0.73046875 0.6184895828125 0.73046875
2 0.50390625 0.609375 0.49609375 0.609375 0.4622395828125 0.62109375 0.453125 0.6337890625 0.4674479171875 0.638671875 0.4765625 0.6376953125 0.5065104171875 0.62890625 0.5182291671875 0.6201171875 0.5182291671875 0.6162109375 0.50390625 0.609375
2 0.3502604171875 0.658203125 0.3411458328125 0.6611328125 0.328125 0.6884765625 0.3255208328125 0.7021484375 0.328125 0.7099609375 0.3359375 0.7119140625 0.3489583328125 0.7041015625 0.3567708328125 0.6904296875 0.359375 0.6669921875 0.3502604171875 0.658203125
2 0.3059895828125 0.728515625 0.2994791671875 0.7373046875 0.3020833328125 0.7626953125 0.3125 0.7802734375 0.3203125 0.7822265625 0.3333333328125 0.7685546875 0.3333333328125 0.7587890625 0.3255208328125 0.7412109375 0.3059895828125 0.728515625
2 0.1966145828125 0.75390625 0.1875 0.7587890625 0.1875 0.7626953125 0.19921875 0.771484375 0.23046875 0.77734375 0.2421875 0.7763671875 0.2604166671875 0.7685546875 0.25390625 0.759765625 0.21223958281250002 0.751953125 0.1966145828125 0.75390625
2 0.4778645828125 0.69921875 0.44921875 0.703125 0.4270833328125 0.7158203125 0.421875 0.7236328125 0.421875 0.7333984375 0.4283854171875 0.740234375 0.4322916671875 0.7392578125 0.4466145828125 0.734375 0.4739583328125 0.7138671875 0.4791666671875 0.7060546875 0.4778645828125 0.69921875
2 0.1822916671875 0.4462890625 0.1901041671875 0.4580078125 0.19921875 0.46484375 0.20963541718749998 0.46875 0.21614583281250002 0.4677734375 0.21614583281250002 0.4521484375 0.20572916718749998 0.4384765625 0.1861979171875 0.42578125 0.1822916671875 0.4462890625
2 0.6276041671875 0.3857421875 0.6276041671875 0.3916015625 0.6393229171875 0.400390625 0.6549479171875 0.404296875 0.6848958328125 0.4033203125 0.6953125 0.3994140625 0.6861979171875 0.392578125 0.6419270828125 0.3828125 0.6276041671875 0.3857421875
2 0.4440104171875 0.3984375 0.4348958328125 0.4033203125 0.4296875 0.4111328125 0.4270833328125 0.4462890625 0.4322916671875 0.4482421875 0.4479166671875 0.4384765625 0.453125 0.4287109375 0.453125 0.4091796875 0.4440104171875 0.3984375
2 0.23567708281250002 0.337890625 0.23177083281250002 0.3525390625 0.2421875 0.3681640625 0.2565104171875 0.37890625 0.2669270828125 0.3828125 0.2760416671875 0.3818359375 0.2734375 0.3681640625 0.2552083328125 0.3466796875 0.24088541718749998 0.337890625 0.23567708281250002 0.337890625
2 0.74609375 0.369140625 0.7408854171875 0.369140625 0.7369791671875 0.3720703125 0.7395833328125 0.4052734375 0.7473958328125 0.4189453125 0.7578125 0.4228515625 0.765625 0.4130859375 0.765625 0.3935546875 0.7604166671875 0.3798828125 0.74609375 0.369140625
2 0.4856770828125 0.33984375 0.4817708328125 0.3427734375 0.4817708328125 0.3505859375 0.4869791671875 0.3681640625 0.5026041671875 0.3916015625 0.5065104171875 0.39453125 0.5130208328125 0.3935546875 0.5182291671875 0.3837890625 0.515625 0.3642578125 0.5104166671875 0.3564453125 0.4856770828125 0.33984375
2 0.7200520828125 0.330078125 0.69140625 0.328125 0.68359375 0.330078125 0.6692708328125 0.3408203125 0.6705729171875 0.34375 0.6966145828125 0.349609375 0.7265625 0.3505859375 0.73828125 0.34765625 0.7421875 0.3427734375 0.7278645828125 0.33203125 0.7200520828125 0.330078125
2 0.18359375 0.326171875 0.16796875 0.33203125 0.15625 0.3408203125 0.1536458328125 0.3564453125 0.1692708328125 0.3564453125 0.20833333281250002 0.3388671875 0.21354166718749998 0.3310546875 0.20963541718749998 0.322265625 0.18359375 0.326171875