2 0.45703125 0.263671875 0.4388020828125 0.263671875 0.4231770828125 0.26953125 0.4049479171875 0.279296875 0.3932291671875 0.2900390625 0.3932291671875 0.2939453125 0.3997395828125 0.296875 0.4166666671875 0.2978515625 0.4361979171875 0.29296875 0.453125 0.2802734375 0.4609375 0.2685546875 0.45703125 0.263671875
2 0.48828125 0.16015625 0.4674479171875 0.162109375 0.4505208328125 0.1748046875 0.4518229171875 0.181640625 0.4921875 0.1806640625 0.5130208328125 0.1748046875 0.5130208328125 0.1689453125 0.5065104171875 0.1640625 0.48828125 0.16015625
2 0.38671875 0.142578125 0.3684895828125 0.150390625 0.3541666671875 0.1611328125 0.3515625 0.1708984375 0.3697916671875 0.1708984375 0.40234375 0.16015625 0.4114583328125 0.1533203125 0.4114583328125 0.1435546875 0.38671875 0.142578125
2 0.5481770828125 0.259765625 0.5403645828125 0.2578125 0.5338541671875 0.2626953125 0.5338541671875 0.2744140625 0.5442708328125 0.2900390625 0.5442708328125 0.2978515625 0.55859375 0.30859375 0.5651041671875 0.3076171875 0.5703125 0.2978515625 0.5677083328125 0.2783203125 0.5625 0.2705078125 0.5481770828125 0.259765625
2 0.58984375 0.154296875 0.5794270828125 0.154296875 0.5546875 0.1767578125 0.5520833328125 0.1904296875 0.5611979171875 0.201171875 0.5677083328125 0.2001953125 0.5807291671875 0.1884765625 0.59375 0.1669921875 0.59375 0.1572265625 0.58984375 0.154296875
2 0.7408854171875 0.275390625 0.73046875 0.275390625 0.7317708328125 0.2939453125 0.75390625 0.30859375 0.7708333328125 0.3095703125 0.7786458328125 0.3056640625 0.7708333328125 0.2919921875 0.7565104171875 0.28125 0.7408854171875 0.275390625
2 0.67578125 0.236328125 0.6510416671875 0.2392578125 0.6549479171875 0.24609375 0.6653645828125 0.244140625 0.6692708328125 0.2470703125 0.6614583328125 0.2509765625 0.6705729171875 0.2578125 0.69921875 0.263671875 0.7109375 0.2626953125 0.71875 0.2587890625 0.71875 0.2548828125 0.70703125 0.244140625 0.67578125 0.236328125
2 0.8190104171874999 0.18359375 0.7955729171875 0.18359375 0.78125 0.1943359375 0.7708333328125 0.2041015625 0.765625 0.2158203125 0.76953125 0.220703125 0.7786458328125 0.2197265625 0.7903645828125 0.216796875 0.8098958328125001 0.2041015625 0.8203125 0.1904296875 0.8190104171874999 0.18359375
2 0.203125 0.2646484375 0.20052083281250002 0.2939453125 0.21223958281250002 0.3046875 0.22395833281250002 0.3056640625 0.22916666718749998 0.2783203125 0.2265625 0.2646484375 0.21484375 0.25390625 0.203125 0.2646484375
2 0.3138020828125 0.189453125 0.30078125 0.19140625 0.2838541671875 0.2060546875 0.2734375 0.2216796875 0.2708333328125 0.2333984375 0.2747395828125 0.23828125 0.2786458328125 0.2373046875 0.29296875 0.232421875 0.3046875 0.2216796875 0.3151041671875 0.2041015625 0.3138020828125 0.189453125
2 0.67578125 0.146484375 0.6614583328125 0.1591796875 0.6588541671875 0.1767578125 0.6692708328125 0.1943359375 0.67578125 0.19921875 0.6822916671875 0.1982421875 0.6901041671875 0.1884765625 0.6927083328125 0.1708984375 0.6848958328125 0.1494140625 0.67578125 0.146484375
2 0.1588541671875 0.1669921875 0.1692708328125 0.1884765625 0.18359375 0.201171875 0.19140625 0.205078125 0.21614583281250002 0.2041015625 0.20572916718749998 0.1845703125 0.1809895828125 0.166015625 0.1627604171875 0.1640625 0.1588541671875 0.1669921875
2 0.6497395828125 0.46875 0.6393229171875 0.470703125 0.6328125 0.4755859375 0.6328125 0.4794921875 0.6471354171875 0.48828125 0.6692708328125 0.4873046875 0.6822916671875 0.4833984375 0.6875 0.4755859375 0.6861979171875 0.470703125 0.6497395828125 0.46875
2 0.3828125 0.6279296875 0.3880208328125 0.6416015625 0.3971354171875 0.6484375 0.4127604171875 0.654296875 0.4427083328125 0.6572265625 0.4453125 0.6513671875 0.4205729171875 0.63671875 0.3919270828125 0.626953125 0.3828125 0.6279296875
2 0.3059895828125 0.560546875 0.2955729171875 0.564453125 0.27734375 0.57421875 0.2630208328125 0.5869140625 0.2747395828125 0.591796875 0.2890625 0.5908203125 0.3177083328125 0.5771484375 0.3229166671875 0.5673828125 0.3190104171875 0.560546875 0.3059895828125 0.560546875
2 0.51171875 0.5390625 0.5065104171875 0.5390625 0.4973958328125 0.5498046875 0.4947916671875 0.5654296875 0.4947916671875 0.5849609375 0.4986979171875 0.587890625 0.5078125 0.5869140625 0.515625 0.5830078125 0.5208333328125 0.5673828125 0.5182291671875 0.5498046875 0.51171875 0.5390625
2 0.5611979171875 0.734375 0.5364583328125 0.7431640625 0.5416666671875 0.7509765625 0.55078125 0.755859375 0.5729166671875 0.7548828125 0.6028645828125 0.74609375 0.6067708328125 0.7412109375 0.5950520828125 0.734375 0.5611979171875 0.734375
2 0.3385416671875 0.7412109375 0.3307291671875 0.7568359375 0.3307291671875 0.7724609375 0.3489583328125 0.7861328125 0.3567708328125 0.7763671875 0.3567708328125 0.7392578125 0.3502604171875 0.732421875 0.3385416671875 0.7412109375
2 0.5260416671875 0.6591796875 0.51171875 0.642578125 0.4973958328125 0.6591796875 0.4973958328125 0.6689453125 0.5052083328125 0.6865234375 0.5143229171875 0.693359375 0.5234375 0.6943359375 0.5286458328125 0.6865234375 0.5286458328125 0.6728515625 0.5234375 0.6689453125 0.5260416671875 0.6591796875
2 0.6028645828125 0.5390625 0.5950520828125 0.537109375 0.5638020828125 0.537109375 0.5494791671875 0.5439453125 0.5494791671875 0.5478515625 0.56640625 0.556640625 0.6067708328125 0.5576171875 0.6184895828125 0.5546875 0.6223958328125 0.5498046875 0.61328125 0.548828125 0.6028645828125 0.5390625
2 0.71484375 0.75390625 0.69140625 0.763671875 0.6796875 0.7724609375 0.6770833328125 0.7841796875 0.6809895828125 0.787109375 0.6927083328125 0.7861328125 0.7252604171875 0.7734375 0.7369791671875 0.7646484375 0.7369791671875 0.7607421875 0.71484375 0.75390625
2 0.6302083328125 0.6435546875 0.6106770828125 0.626953125 0.6002604171875 0.626953125 0.5963541671875 0.6455078125 0.6015625 0.6533203125 0.6106770828125 0.662109375 0.6315104171875 0.671875 0.6354166671875 0.6708984375 0.640625 0.6689453125 0.640625 0.6572265625 0.6328125 0.6513671875 0.6302083328125 0.6435546875
2 0.73046875 0.509765625 0.72265625 0.509765625 0.7044270828125 0.517578125 0.6901041671875 0.5322265625 0.6901041671875 0.5517578125 0.6940104171875 0.5546875 0.703125 0.5537109375 0.7239583328125 0.5380859375 0.7291666671875 0.5302734375 0.734375 0.5146484375 0.73046875 0.509765625
2 0.6783854171875 0.568359375 0.6692708328125 0.5732421875 0.6536458328125 0.5986328125 0.6536458328125 0.6162109375 0.66015625 0.623046875 0.6640625 0.6220703125 0.6848958328125 0.6103515625 0.6901041671875 0.5947265625 0.6875 0.5771484375 0.6783854171875 0.568359375
2 0.3971354171875 0.486328125 0.37890625 0.494140625 0.3671875 0.5068359375 0.3567708328125 0.5224609375 0.3619791671875 0.5263671875 0.3567708328125 0.5302734375 0.3619791671875 0.5322265625 0.37109375 0.529296875 0.3984375 0.5048828125 0.4010416671875 0.4990234375 0.3971354171875 0.486328125
2 0.1627604171875 0.517578125 0.1419270828125 0.513671875 0.140625 0.5185546875 0.15625 0.5498046875 0.16796875 0.55859375 0.1744791671875 0.5595703125 0.1796875 0.5556640625 0.1796875 0.5439453125 0.171875 0.5263671875 0.1627604171875 0.517578125
2 0.1393229171875 0.740234375 0.1276041671875 0.7509765625 0.1276041671875 0.7802734375 0.13671875 0.791015625 0.1432291671875 0.7900390625 0.1510416671875 0.7822265625 0.1536458328125 0.7548828125 0.1458333328125 0.7412109375 0.1393229171875 0.740234375
2 0.23828125 0.48828125 0.2421875 0.5048828125 0.2526041671875 0.5146484375 0.2721354171875 0.525390625 0.2838541671875 0.5244140625 0.2942708328125 0.5205078125 0.2890625 0.5126953125 0.2591145828125 0.4921875 0.23828125 0.48828125
2 0.1809895828125 0.611328125 0.16015625 0.6171875 0.1510416671875 0.6240234375 0.1510416671875 0.6279296875 0.16015625 0.6328125 0.1796875 0.6337890625 0.20442708281250002 0.62890625 0.21354166718749998 0.6220703125 0.21875 0.6103515625 0.1809895828125 0.611328125
2 0.22916666718749998 0.7529296875 0.22916666718749998 0.7666015625 0.24479166718749998 0.7880859375 0.2565104171875 0.794921875 0.2630208328125 0.7939453125 0.265625 0.7783203125 0.2604166671875 0.7646484375 0.23828125 0.7421875 0.22916666718749998 0.7529296875
2 0.1419270828125 0.697265625 0.11328125 0.703125 0.1015625 0.7119140625 0.10546875 0.716796875 0.11328125 0.71875 0.1432291671875 0.7177734375 0.1627604171875 0.71484375 0.1770833328125 0.7001953125 0.1731770828125 0.697265625 0.1419270828125 0.697265625
2 0.4114583328125 0.4423828125 0.4192708328125 0.4541015625 0.4283854171875 0.458984375 0.4609375 0.4580078125 0.4765625 0.4501953125 0.4674479171875 0.443359375 0.43359375 0.439453125 0.4114583328125 0.4423828125
2 0.66015625 0.34375 0.62890625 0.34375 0.6015625 0.3564453125 0.60546875 0.361328125 0.625 0.3662109375 0.6393229171875 0.365234375 0.6549479171875 0.359375 0.6666666671875 0.3486328125 0.66015625 0.34375
2 0.13671875 0.337890625 0.1236979171875 0.341796875 0.1119791671875 0.3525390625 0.1158854171875 0.357421875 0.1536458328125 0.3564453125 0.17578125 0.3515625 0.1822916671875 0.3427734375 0.1731770828125 0.337890625 0.13671875 0.337890625
2 0.5104166671875 0.4033203125 0.5104166671875 0.4072265625 0.5221354171875 0.416015625 0.54296875 0.42578125 0.5559895828125 0.4296875 0.5755208328125 0.4287109375 0.5755208328125 0.4228515625 0.55859375 0.408203125 0.5377604171875 0.400390625 0.5104166671875 0.4033203125
2 0.20182291718749998 0.38671875 0.1966145828125 0.388671875 0.1979166671875 0.4033203125 0.21875 0.4228515625 0.22526041718749998 0.42578125 0.23958333281250002 0.4248046875 0.24479166718749998 0.4189453125 0.2421875 0.4091796875 0.21744791718749998 0.390625 0.20182291718749998 0.38671875
2 0.2994791671875 0.3623046875 0.3046875 0.3740234375 0.32421875 0.388671875 0.3372395828125 0.392578125 0.3463541671875 0.3916015625 0.3489583328125 0.3798828125 0.3268229171875 0.359375 0.3059895828125 0.3515625 0.2994791671875 0.3623046875
2 0.7200520828125 0.33203125 0.7161458328125 0.3349609375 0.7291666671875 0.3525390625 0.7513020828125 0.369140625 0.76171875 0.373046875 0.7708333328125 0.3720703125 0.7734375 0.3603515625 0.7565104171875 0.34375 0.73046875 0.33203125 0.7200520828125 0.33203125
2 0.7330729171875 0.416015625 0.7239583328125 0.4169921875 0.7213541671875 0.4208984375 0.7265625 0.4306640625 0.7486979171875 0.44921875 0.76171875 0.455078125 0.7760416671875 0.4541015625 0.78125 0.4521484375 0.78125 0.4462890625 0.75390625 0.423828125 0.7330729171875 0.416015625
2 0.4205729171875 0.353515625 0.4010416671875 0.3623046875 0.41796875 0.373046875 0.4388020828125 0.376953125 0.4609375 0.3759765625 0.4765625 0.3662109375 0.4752604171875 0.361328125 0.4361979171875 0.353515625 0.4205729171875 0.353515625