2 0.1653645828125 0.287109375 0.1484375 0.2919921875 0.16796875 0.306640625 0.1953125 0.3076171875 0.21744791718749998 0.302734375 0.21875 0.2978515625 0.1940104171875 0.2890625 0.1653645828125 0.287109375
2 0.2799479171875 0.15625 0.2682291671875 0.1708984375 0.265625 0.1923828125 0.2747395828125 0.203125 0.28125 0.2021484375 0.2890625 0.1943359375 0.296875 0.1748046875 0.2955729171875 0.15234375 0.2799479171875 0.15625
2 0.15234375 0.15234375 0.1510416671875 0.1611328125 0.1588541671875 0.1748046875 0.18359375 0.1953125 0.1953125 0.1982421875 0.20052083281250002 0.1845703125 0.1927083328125 0.1708984375 0.1705729171875 0.154296875 0.15234375 0.15234375
2 0.4401041671875 0.2255859375 0.4375 0.2568359375 0.44140625 0.26171875 0.4505208328125 0.2607421875 0.4609375 0.2529296875 0.4635416671875 0.2294921875 0.44921875 0.216796875 0.4401041671875 0.2255859375
2 0.6184895828125 0.2421875 0.6119791671875 0.2470703125 0.6119791671875 0.2763671875 0.6171875 0.2880859375 0.625 0.2880859375 0.6354166671875 0.2783203125 0.6354166671875 0.2626953125 0.6276041671875 0.2470703125 0.6184895828125 0.2421875
2 0.5481770828125 0.251953125 0.54296875 0.251953125 0.5364583328125 0.2587890625 0.5364583328125 0.2822265625 0.5442708328125 0.2978515625 0.5494791671875 0.2998046875 0.5625 0.2880859375 0.5625 0.2705078125 0.5598958328125 0.2607421875 0.5481770828125 0.251953125
2 0.63671875 0.16015625 0.5963541671875 0.1748046875 0.5963541671875 0.1787109375 0.6080729171875 0.185546875 0.6302083328125 0.1845703125 0.64453125 0.1796875 0.65625 0.1708984375 0.6575520828125 0.162109375 0.63671875 0.16015625
2 0.51953125 0.18359375 0.4934895828125 0.19140625 0.484375 0.1982421875 0.4791666671875 0.2080078125 0.48046875 0.21484375 0.4895833328125 0.2138671875 0.5247395828125 0.203125 0.5364583328125 0.1962890625 0.5390625 0.1865234375 0.51953125 0.18359375
2 0.3528645828125 0.20703125 0.3463541671875 0.2138671875 0.3515625 0.2333984375 0.37109375 0.25390625 0.3828125 0.2548828125 0.3880208328125 0.2451171875 0.3854166671875 0.2333984375 0.3671875 0.2138671875 0.3528645828125 0.20703125
2 0.3736979171875 0.158203125 0.3697916671875 0.1611328125 0.375 0.1689453125 0.3971354171875 0.181640625 0.4153645828125 0.1875 0.4322916671875 0.1865234375 0.4296875 0.1728515625 0.4127604171875 0.162109375 0.40234375 0.158203125 0.3736979171875 0.158203125
2 0.75390625 0.18359375 0.7252604171875 0.18359375 0.7018229171875 0.19140625 0.6927083328125 0.1982421875 0.7096354171875 0.208984375 0.7291666671875 0.2080078125 0.74609375 0.203125 0.7604166671875 0.1923828125 0.7604166671875 0.1865234375 0.75390625 0.18359375
2 0.7447916671875 0.5400390625 0.7552083328125 0.5595703125 0.7643229171875 0.56640625 0.7838541671875 0.5673828125 0.7838541671875 0.5576171875 0.7682291671875 0.5322265625 0.7513020828125 0.525390625 0.7447916671875 0.5400390625
2 0.7734375 0.2919921875 0.76953125 0.287109375 0.7552083328125 0.2919921875 0.7395833328125 0.3134765625 0.734375 0.3330078125 0.7408854171875 0.337890625 0.7447916671875 0.3369140625 0.76171875 0.330078125 0.7682291671875 0.3212890625 0.7734375 0.3076171875 0.7734375 0.2919921875
2 0.73046875 0.47265625 0.7265625 0.4755859375 0.7291666671875 0.4853515625 0.7408854171875 0.494140625 0.76171875 0.501953125 0.7760416671875 0.5029296875 0.7942708328125 0.4970703125 0.7825520828125 0.486328125 0.7486979171875 0.47265625 0.73046875 0.47265625
2 0.75390625 0.361328125 0.74609375 0.361328125 0.7421875 0.3720703125 0.7447916671875 0.3935546875 0.7526041671875 0.4111328125 0.765625 0.4169921875 0.7734375 0.4091796875 0.7708333328125 0.3779296875 0.7682291671875 0.3720703125 0.75390625 0.361328125
2 0.7825520828125 0.6796875 0.75390625 0.69140625 0.7421875 0.7001953125 0.7369791671875 0.7119140625 0.7434895828125 0.71484375 0.7578125 0.7138671875 0.78515625 0.703125 0.7994791671875 0.6923828125 0.8020833328125001 0.6845703125 0.7825520828125 0.6796875
2 0.4348958328125 0.3759765625 0.4348958328125 0.3955078125 0.4518229171875 0.4140625 0.46484375 0.419921875 0.4713541671875 0.4189453125 0.46875 0.4013671875 0.453125 0.3798828125 0.44140625 0.37109375 0.4348958328125 0.3759765625
2 0.4934895828125 0.333984375 0.4895833328125 0.3369140625 0.4921875 0.3564453125 0.5052083328125 0.3779296875 0.5143229171875 0.38671875 0.5182291671875 0.3857421875 0.5234375 0.3779296875 0.5234375 0.3603515625 0.5052083328125 0.3388671875 0.4934895828125 0.333984375
2 0.40234375 0.318359375 0.3984375 0.3212890625 0.4010416671875 0.3330078125 0.4205729171875 0.34765625 0.44140625 0.357421875 0.453125 0.3583984375 0.4557291671875 0.3447265625 0.4440104171875 0.33203125 0.4153645828125 0.3203125 0.40234375 0.318359375
2 0.1940104171875 0.470703125 0.1627604171875 0.478515625 0.15625 0.4833984375 0.1510416671875 0.4951171875 0.1744791671875 0.4951171875 0.20703125 0.48828125 0.21614583281250002 0.4814453125 0.21614583281250002 0.4755859375 0.1940104171875 0.470703125
2 0.1966145828125 0.408203125 0.1809895828125 0.412109375 0.1692708328125 0.4208984375 0.1692708328125 0.4267578125 0.1783854171875 0.4296875 0.20833333281250002 0.4287109375 0.23307291718749998 0.421875 0.234375 0.4169921875 0.21744791718749998 0.408203125 0.1966145828125 0.408203125
2 0.26953125 0.388671875 0.2565104171875 0.388671875 0.2526041671875 0.3916015625 0.2630208328125 0.4072265625 0.27734375 0.419921875 0.2903645828125 0.42578125 0.3020833328125 0.4248046875 0.3125 0.4228515625 0.3098958328125 0.4150390625 0.2799479171875 0.392578125 0.26953125 0.388671875
2 0.3606770828125 0.568359375 0.3385416671875 0.5888671875 0.3359375 0.6005859375 0.3463541671875 0.6025390625 0.3697916671875 0.5849609375 0.3776041671875 0.5732421875 0.3763020828125 0.564453125 0.3606770828125 0.568359375
2 0.5690104171875 0.45703125 0.53515625 0.470703125 0.5260416671875 0.4892578125 0.53125 0.4892578125 0.56640625 0.4765625 0.5807291671875 0.4658203125 0.5833333328125 0.4580078125 0.5690104171875 0.45703125
2 0.37890625 0.447265625 0.375 0.4541015625 0.3776041671875 0.4892578125 0.38671875 0.49609375 0.3932291671875 0.4951171875 0.3984375 0.4873046875 0.3984375 0.4677734375 0.3932291671875 0.4560546875 0.37890625 0.447265625
2 0.3190104171875 0.49609375 0.296875 0.5146484375 0.2916666671875 0.5224609375 0.2916666671875 0.5341796875 0.296875 0.5341796875 0.3190104171875 0.52734375 0.3359375 0.5107421875 0.33203125 0.4921875 0.3190104171875 0.49609375
2 0.4700520828125 0.4921875 0.46484375 0.4921875 0.4583333328125 0.5029296875 0.4609375 0.5302734375 0.46875 0.5419921875 0.4817708328125 0.5478515625 0.4869791671875 0.5419921875 0.484375 0.5146484375 0.4765625 0.4990234375 0.4700520828125 0.4921875
2 0.62109375 0.375 0.6067708328125 0.3857421875 0.6067708328125 0.4091796875 0.6119791671875 0.4169921875 0.6236979171875 0.42578125 0.6276041671875 0.4248046875 0.6328125 0.4189453125 0.6328125 0.3935546875 0.6276041671875 0.3779296875 0.62109375 0.375
2 0.6197916671875 0.5498046875 0.609375 0.5712890625 0.609375 0.5849609375 0.61328125 0.58984375 0.6197916671875 0.5888671875 0.6276041671875 0.5830078125 0.6354166671875 0.5673828125 0.6341145828125 0.54296875 0.6197916671875 0.5498046875
2 0.6614583328125 0.6181640625 0.6653645828125 0.623046875 0.6783854171875 0.626953125 0.7122395828125 0.6328125 0.7239583328125 0.6318359375 0.7239583328125 0.6220703125 0.7044270828125 0.611328125 0.6783854171875 0.611328125 0.6614583328125 0.6181640625
2 0.6653645828125 0.498046875 0.6588541671875 0.5087890625 0.6588541671875 0.5380859375 0.6640625 0.5458984375 0.6705729171875 0.55078125 0.6744791671875 0.5498046875 0.6822916671875 0.5380859375 0.6822916671875 0.5087890625 0.67578125 0.501953125 0.6653645828125 0.498046875
2 0.20963541718749998 0.548828125 0.20572916718749998 0.5634765625 0.2109375 0.5732421875 0.23307291718749998 0.591796875 0.24479166718749998 0.5908203125 0.24479166718749998 0.5810546875 0.23697916718749998 0.5673828125 0.22265625 0.5546875 0.20963541718749998 0.548828125
2 0.18359375 0.703125 0.1575520828125 0.708984375 0.1354166671875 0.7236328125 0.1354166671875 0.7373046875 0.1484375 0.7373046875 0.1653645828125 0.73046875 0.1848958328125 0.7158203125 0.1875 0.7060546875 0.18359375 0.703125
2 0.20182291718749998 0.646484375 0.1783854171875 0.646484375 0.1640625 0.6533203125 0.1783854171875 0.6640625 0.20963541718749998 0.669921875 0.22135416718749998 0.6689453125 0.22786458281250002 0.66796875 0.23958333281250002 0.6591796875 0.23828125 0.654296875 0.20182291718749998 0.646484375
2 0.2747395828125 0.705078125 0.2669270828125 0.705078125 0.2630208328125 0.7080078125 0.2630208328125 0.7216796875 0.2708333328125 0.7431640625 0.2825520828125 0.755859375 0.2890625 0.7548828125 0.2994791671875 0.7412109375 0.2994791671875 0.7333984375 0.2890625 0.7158203125 0.2747395828125 0.705078125
2 0.54296875 0.61328125 0.52734375 0.62109375 0.5078125 0.6376953125 0.5091145828125 0.640625 0.5234375 0.6396484375 0.5533854171875 0.62890625 0.5651041671875 0.6181640625 0.5651041671875 0.6142578125 0.54296875 0.61328125
2 0.4231770828125 0.626953125 0.4088541671875 0.6376953125 0.3932291671875 0.6630859375 0.3932291671875 0.6767578125 0.3984375 0.6787109375 0.4140625 0.6708984375 0.4296875 0.6494140625 0.4322916671875 0.6396484375 0.4231770828125 0.626953125
2 0.5143229171875 0.703125 0.4830729171875 0.703125 0.4661458328125 0.7158203125 0.4661458328125 0.7197265625 0.4752604171875 0.724609375 0.5078125 0.7236328125 0.52734375 0.720703125 0.5364583328125 0.7158203125 0.5364583328125 0.7119140625 0.5143229171875 0.703125
2 0.66796875 0.69140625 0.6614583328125 0.6982421875 0.6614583328125 0.7080078125 0.6692708328125 0.7255859375 0.68359375 0.73828125 0.6901041671875 0.7392578125 0.6927083328125 0.7314453125 0.6848958328125 0.7080078125 0.6770833328125 0.6962890625 0.66796875 0.69140625
2 0.63671875 0.720703125 0.6184895828125 0.7265625 0.5885416671875 0.7451171875 0.5924479171875 0.75390625 0.6119791671875 0.7548828125 0.6432291671875 0.7373046875 0.6510416671875 0.7255859375 0.6471354171875 0.720703125 0.63671875 0.720703125