2 0.3385416671875 0.1337890625 0.34375 0.1416015625 0.3385416671875 0.1455078125 0.3385416671875 0.1572265625 0.3489583328125 0.1728515625 0.3567708328125 0.1748046875 0.359375 0.1455078125 0.3541666671875 0.1357421875 0.33984375 0.126953125 0.3385416671875 0.1337890625
2 0.1731770828125 0.201171875 0.1692708328125 0.2041015625 0.1744791671875 0.2158203125 0.18359375 0.22265625 0.19921875 0.2265625 0.2265625 0.2255859375 0.2265625 0.2158203125 0.20963541718749998 0.20703125 0.1861979171875 0.201171875 0.1731770828125 0.201171875
2 0.2981770828125 0.2265625 0.26953125 0.234375 0.2578125 0.2431640625 0.2721354171875 0.25 0.2916666671875 0.2490234375 0.3190104171875 0.2421875 0.3333333328125 0.2314453125 0.32421875 0.2265625 0.2981770828125 0.2265625
2 0.19140625 0.138671875 0.1848958328125 0.1435546875 0.1940104171875 0.15234375 0.20963541718749998 0.16015625 0.2421875 0.1611328125 0.2578125 0.1494140625 0.24609375 0.142578125 0.23046875 0.138671875 0.19140625 0.138671875
2 0.42578125 0.16796875 0.421875 0.1767578125 0.4270833328125 0.2080078125 0.4361979171875 0.21484375 0.4427083328125 0.2138671875 0.4479166671875 0.2080078125 0.4479166671875 0.1826171875 0.4388020828125 0.171875 0.42578125 0.16796875
2 0.59765625 0.138671875 0.59375 0.1435546875 0.5963541671875 0.1728515625 0.6041666671875 0.1884765625 0.6119791671875 0.1904296875 0.6223958328125 0.1806640625 0.6223958328125 0.1630859375 0.6119791671875 0.1455078125 0.59765625 0.138671875
2 0.6497395828125 0.203125 0.6354166671875 0.2158203125 0.6354166671875 0.2314453125 0.6458333328125 0.2490234375 0.6588541671875 0.2548828125 0.6666666671875 0.2431640625 0.6666666671875 0.2294921875 0.6640625 0.2197265625 0.6497395828125 0.203125
2 0.7669270828125 0.16015625 0.7421875 0.1767578125 0.7434895828125 0.185546875 0.7604166671875 0.1865234375 0.7799479171875 0.181640625 0.796875 0.1708984375 0.7981770828125 0.15234375 0.7669270828125 0.16015625
2 0.50390625 0.14453125 0.4895833328125 0.1572265625 0.4895833328125 0.1708984375 0.5 0.1923828125 0.5065104171875 0.197265625 0.5130208328125 0.1962890625 0.5182291671875 0.1923828125 0.5208333328125 0.1748046875 0.515625 0.1552734375 0.50390625 0.14453125
2 0.3919270828125 0.228515625 0.3802083328125 0.2333984375 0.3723958328125 0.2470703125 0.3697916671875 0.2822265625 0.375 0.2822265625 0.3932291671875 0.2724609375 0.3984375 0.2626953125 0.3984375 0.2392578125 0.3919270828125 0.228515625
2 0.8059895828125001 0.291015625 0.80078125 0.291015625 0.7916666671875 0.2998046875 0.7916666671875 0.3310546875 0.7942708328125 0.3388671875 0.8020833328125001 0.3388671875 0.8125 0.3310546875 0.8177083328125001 0.3193359375 0.8151041671874999 0.2998046875 0.8059895828125001 0.291015625
2 0.51953125 0.275390625 0.5052083328125 0.2822265625 0.5052083328125 0.2861328125 0.5221354171875 0.294921875 0.5598958328125 0.2998046875 0.5716145828125 0.298828125 0.5729166671875 0.2958984375 0.5559895828125 0.279296875 0.51953125 0.275390625
2 0.5859375 0.3193359375 0.5859375 0.3271484375 0.59375 0.3369140625 0.62109375 0.35546875 0.6354166671875 0.3564453125 0.6328125 0.3369140625 0.6028645828125 0.318359375 0.58984375 0.31640625 0.5859375 0.3193359375
2 0.6731770828125 0.294921875 0.6536458328125 0.3017578125 0.6536458328125 0.3056640625 0.6705729171875 0.314453125 0.69140625 0.318359375 0.7083333328125 0.3173828125 0.7174479171875 0.31640625 0.7291666671875 0.3095703125 0.7122395828125 0.296875 0.6731770828125 0.294921875
2 0.2721354171875 0.32421875 0.265625 0.3349609375 0.265625 0.3544921875 0.2708333328125 0.3701171875 0.28125 0.3701171875 0.2916666671875 0.3564453125 0.2916666671875 0.3447265625 0.2838541671875 0.3271484375 0.2721354171875 0.32421875
2 0.3359375 0.3115234375 0.3385416671875 0.3212890625 0.35546875 0.333984375 0.3815104171875 0.345703125 0.3854166671875 0.3447265625 0.3854166671875 0.3291015625 0.3736979171875 0.318359375 0.3528645828125 0.310546875 0.3359375 0.3115234375
2 0.1783854171875 0.310546875 0.1692708328125 0.3173828125 0.1666666671875 0.3251953125 0.1666666671875 0.3486328125 0.17578125 0.357421875 0.1875 0.3564453125 0.1927083328125 0.3505859375 0.1927083328125 0.3271484375 0.1875 0.3154296875 0.1783854171875 0.310546875
2 0.4947916671875 0.3505859375 0.4908854171875 0.34765625 0.4674479171875 0.34765625 0.44921875 0.353515625 0.4348958328125 0.3623046875 0.4296875 0.3720703125 0.43359375 0.375 0.4401041671875 0.3740234375 0.4596354171875 0.37109375 0.48046875 0.36328125 0.4921875 0.3564453125 0.4947916671875 0.3505859375
2 0.36328125 0.42578125 0.3541666671875 0.4287109375 0.359375 0.4404296875 0.37890625 0.45703125 0.4088541671875 0.4580078125 0.4114583328125 0.4560546875 0.40625 0.4501953125 0.3815104171875 0.431640625 0.36328125 0.42578125
2 0.24088541718749998 0.396484375 0.23958333281250002 0.4072265625 0.2552083328125 0.4345703125 0.2643229171875 0.44140625 0.2734375 0.4404296875 0.2760416671875 0.4287109375 0.265625 0.4052734375 0.2565104171875 0.3984375 0.24088541718749998 0.396484375
2 0.20052083281250002 0.5009765625 0.1940104171875 0.494140625 0.1770833328125 0.5029296875 0.1692708328125 0.5146484375 0.1640625 0.5380859375 0.171875 0.5400390625 0.18359375 0.537109375 0.1953125 0.5263671875 0.20052083281250002 0.5146484375 0.20052083281250002 0.5009765625
2 0.29296875 0.462890625 0.2721354171875 0.466796875 0.25 0.4853515625 0.24479166718749998 0.4931640625 0.24479166718749998 0.5048828125 0.24869791718749998 0.509765625 0.2526041671875 0.5087890625 0.26171875 0.505859375 0.2890625 0.4814453125 0.2942708328125 0.4736328125 0.29296875 0.462890625
2 0.5377604171875 0.470703125 0.5338541671875 0.4892578125 0.5442708328125 0.5048828125 0.5533854171875 0.51171875 0.5651041671875 0.5146484375 0.5677083328125 0.4970703125 0.5572916671875 0.4814453125 0.54296875 0.470703125 0.5377604171875 0.470703125
2 0.47265625 0.431640625 0.4635416671875 0.4384765625 0.4635416671875 0.4443359375 0.4700520828125 0.447265625 0.4921875 0.4462890625 0.5169270828125 0.44140625 0.5286458328125 0.4228515625 0.4908854171875 0.42578125 0.47265625 0.431640625
2 0.7252604171875 0.451171875 0.7096354171875 0.455078125 0.703125 0.4599609375 0.7044270828125 0.46484375 0.7278645828125 0.470703125 0.7630208328125 0.4697265625 0.7734375 0.4658203125 0.765625 0.4560546875 0.75390625 0.451171875 0.7252604171875 0.451171875
2 0.64453125 0.4375 0.6328125 0.4443359375 0.6276041671875 0.4541015625 0.6276041671875 0.4833984375 0.6302083328125 0.4892578125 0.6380208328125 0.4912109375 0.6510416671875 0.4833984375 0.65625 0.4716796875 0.65625 0.4541015625 0.64453125 0.4375
2 0.3502604171875 0.572265625 0.3372395828125 0.572265625 0.3255208328125 0.5771484375 0.33203125 0.583984375 0.34765625 0.58984375 0.3854166671875 0.5947265625 0.3880208328125 0.5908203125 0.3828125 0.5830078125 0.3736979171875 0.578125 0.3502604171875 0.572265625
2 0.4596354171875 0.525390625 0.44140625 0.525390625 0.4192708328125 0.5400390625 0.4166666671875 0.5556640625 0.4244791671875 0.5576171875 0.4440104171875 0.548828125 0.4583333328125 0.5380859375 0.4635416671875 0.5302734375 0.4596354171875 0.525390625
2 0.4895833328125 0.5908203125 0.4895833328125 0.6240234375 0.49609375 0.630859375 0.5104166671875 0.6337890625 0.5130208328125 0.5927734375 0.5078125 0.5849609375 0.4986979171875 0.580078125 0.4895833328125 0.5908203125
2 0.4231770828125 0.599609375 0.4192708328125 0.6005859375 0.4114583328125 0.6142578125 0.40625 0.6376953125 0.4088541671875 0.6513671875 0.4153645828125 0.65625 0.4192708328125 0.6552734375 0.4270833328125 0.6494140625 0.4348958328125 0.6337890625 0.4348958328125 0.6103515625 0.4231770828125 0.599609375
2 0.6341145828125 0.615234375 0.6197916671875 0.6220703125 0.6145833328125 0.6357421875 0.6171875 0.6591796875 0.62109375 0.6640625 0.625 0.6630859375 0.6302083328125 0.6591796875 0.6380208328125 0.6337890625 0.6380208328125 0.6181640625 0.6341145828125 0.615234375
2 0.6028645828125 0.53515625 0.5963541671875 0.5419921875 0.5989583328125 0.5634765625 0.6119791671875 0.5810546875 0.6158854171875 0.583984375 0.6223958328125 0.5830078125 0.6276041671875 0.5751953125 0.6276041671875 0.5615234375 0.6171875 0.5439453125 0.6028645828125 0.53515625
2 0.7513020828125 0.537109375 0.7421875 0.5380859375 0.7317708328125 0.5576171875 0.7291666671875 0.5791015625 0.7317708328125 0.5849609375 0.7395833328125 0.5869140625 0.7526041671875 0.5810546875 0.7604166671875 0.5654296875 0.7604166671875 0.5498046875 0.7513020828125 0.537109375
2 0.7721354171875 0.61328125 0.7565104171875 0.6171875 0.7473958328125 0.6279296875 0.7447916671875 0.6552734375 0.7473958328125 0.6611328125 0.7552083328125 0.6630859375 0.7682291671875 0.6552734375 0.7734375 0.6455078125 0.7760416671875 0.6181640625 0.7721354171875 0.61328125
2 0.77734375 0.72265625 0.76953125 0.72265625 0.7421875 0.7490234375 0.734375 0.7646484375 0.73828125 0.767578125 0.7447916671875 0.7666015625 0.7591145828125 0.76171875 0.7734375 0.7490234375 0.78125 0.7353515625 0.77734375 0.72265625
2 0.4609375 0.7431640625 0.4609375 0.7490234375 0.48046875 0.759765625 0.49609375 0.763671875 0.5182291671875 0.7626953125 0.5286458328125 0.7548828125 0.5169270828125 0.748046875 0.4778645828125 0.740234375 0.4609375 0.7431640625
2 0.5768229171875 0.646484375 0.56640625 0.650390625 0.5520833328125 0.6630859375 0.5442708328125 0.6787109375 0.5481770828125 0.681640625 0.5598958328125 0.6806640625 0.59375 0.6591796875 0.5989583328125 0.6513671875 0.5950520828125 0.646484375 0.5768229171875 0.646484375
2 0.4908854171875 0.671875 0.46484375 0.6796875 0.453125 0.6923828125 0.4544270828125 0.697265625 0.4817708328125 0.6962890625 0.5065104171875 0.689453125 0.5182291671875 0.6806640625 0.5013020828125 0.671875 0.4908854171875 0.671875
2 0.21875 0.5751953125 0.21875 0.5986328125 0.2265625 0.6103515625 0.23567708281250002 0.6171875 0.2552083328125 0.6181640625 0.2552083328125 0.6064453125 0.23697916718749998 0.5771484375 0.22265625 0.5703125 0.21875 0.5751953125
2 0.3294270828125 0.67578125 0.3229166671875 0.6787109375 0.3151041671875 0.6904296875 0.3072916671875 0.7138671875 0.3098958328125 0.7236328125 0.31640625 0.728515625 0.3203125 0.7275390625 0.3307291671875 0.7177734375 0.3411458328125 0.6943359375 0.3411458328125 0.6865234375 0.3294270828125 0.67578125