2 0.47265625 0.419921875 0.44921875 0.423828125 0.4361979171875 0.427734375 0.4270833328125 0.4365234375 0.4361979171875 0.443359375 0.4583333328125 0.4423828125 0.4778645828125 0.439453125 0.4895833328125 0.4306640625 0.4947916671875 0.4208984375 0.47265625 0.419921875
2 0.53125 0.4833984375 0.5338541671875 0.4951171875 0.5533854171875 0.515625 0.5651041671875 0.5166015625 0.5651041671875 0.4951171875 0.5494791671875 0.4775390625 0.5377604171875 0.47265625 0.53125 0.4833984375
2 0.57421875 0.37890625 0.5651041671875 0.3818359375 0.5703125 0.3916015625 0.58203125 0.3984375 0.609375 0.3974609375 0.6276041671875 0.3896484375 0.6276041671875 0.3857421875 0.6158854171875 0.37890625 0.57421875 0.37890625
2 0.6575520828125 0.357421875 0.6536458328125 0.3603515625 0.6536458328125 0.3720703125 0.6614583328125 0.3837890625 0.6861979171875 0.404296875 0.6927083328125 0.4033203125 0.6979166671875 0.3935546875 0.6953125 0.3837890625 0.6705729171875 0.361328125 0.6575520828125 0.357421875
2 0.7916666671875 0.2998046875 0.7890625 0.3095703125 0.7890625 0.3291015625 0.7942708328125 0.3408203125 0.7994791671875 0.3408203125 0.8151041671874999 0.3271484375 0.8151041671874999 0.3056640625 0.8033854171874999 0.29296875 0.7916666671875 0.2998046875
2 0.17578125 0.314453125 0.1666666671875 0.3232421875 0.1640625 0.3486328125 0.1705729171875 0.359375 0.1848958328125 0.3603515625 0.1901041671875 0.3564453125 0.1901041671875 0.3251953125 0.1848958328125 0.3173828125 0.17578125 0.314453125
2 0.1744791671875 0.2158203125 0.1796875 0.2236328125 0.1940104171875 0.232421875 0.20963541718749998 0.23828125 0.22916666718749998 0.2373046875 0.2421875 0.2294921875 0.23567708281250002 0.220703125 0.19140625 0.2109375 0.1744791671875 0.2158203125
2 0.3216145828125 0.21875 0.30078125 0.22265625 0.2734375 0.2451171875 0.2682291671875 0.2607421875 0.28125 0.2607421875 0.2903645828125 0.259765625 0.3125 0.2431640625 0.3203125 0.2333984375 0.3216145828125 0.21875
2 0.3333333328125 0.1357421875 0.3359375 0.1630859375 0.34765625 0.177734375 0.3567708328125 0.1767578125 0.3567708328125 0.1435546875 0.3489583328125 0.1337890625 0.3372395828125 0.12890625 0.3333333328125 0.1357421875
2 0.4921875 0.1728515625 0.4895833328125 0.1884765625 0.49609375 0.197265625 0.5026041671875 0.1962890625 0.5286458328125 0.1650390625 0.52734375 0.150390625 0.5143229171875 0.15234375 0.4921875 0.1728515625
2 0.3294270828125 0.298828125 0.3151041671875 0.3017578125 0.3229166671875 0.3154296875 0.3372395828125 0.326171875 0.3502604171875 0.33203125 0.3671875 0.3310546875 0.3763020828125 0.330078125 0.3776041671875 0.3251953125 0.36328125 0.3125 0.3294270828125 0.298828125
2 0.5377604171875 0.306640625 0.51171875 0.306640625 0.4921875 0.3173828125 0.49609375 0.322265625 0.50390625 0.32421875 0.546875 0.3251953125 0.55859375 0.322265625 0.5625 0.3173828125 0.5533854171875 0.310546875 0.5377604171875 0.306640625
2 0.55078125 0.201171875 0.53515625 0.205078125 0.5208333328125 0.2177734375 0.515625 0.2412109375 0.51953125 0.248046875 0.5260416671875 0.2470703125 0.5364583328125 0.2412109375 0.5520833328125 0.2177734375 0.5546875 0.2041015625 0.55078125 0.201171875
2 0.7239583328125 0.1650390625 0.7200520828125 0.162109375 0.70703125 0.1640625 0.6953125 0.1728515625 0.6796875 0.1923828125 0.6770833328125 0.2021484375 0.6809895828125 0.205078125 0.6927083328125 0.2041015625 0.69921875 0.203125 0.7109375 0.1943359375 0.7213541671875 0.1787109375 0.7239583328125 0.1650390625
2 0.67578125 0.296875 0.66015625 0.30078125 0.6536458328125 0.3056640625 0.66796875 0.31640625 0.7057291671875 0.3193359375 0.7265625 0.3134765625 0.7265625 0.3095703125 0.7122395828125 0.298828125 0.67578125 0.296875
2 0.2591145828125 0.447265625 0.24609375 0.44921875 0.234375 0.4638671875 0.22916666718749998 0.4755859375 0.22916666718749998 0.4912109375 0.234375 0.4912109375 0.24348958281250002 0.490234375 0.2604166671875 0.4736328125 0.265625 0.4580078125 0.2591145828125 0.447265625
2 0.3606770828125 0.439453125 0.3528645828125 0.439453125 0.34375 0.4462890625 0.328125 0.4736328125 0.3333333328125 0.4873046875 0.3411458328125 0.4912109375 0.3489583328125 0.4853515625 0.3619791671875 0.4638671875 0.3645833328125 0.4443359375 0.3606770828125 0.439453125
2 0.3359375 0.3583984375 0.3333333328125 0.3720703125 0.3359375 0.3876953125 0.3424479171875 0.39453125 0.3489583328125 0.3935546875 0.3567708328125 0.3818359375 0.3567708328125 0.3525390625 0.3528645828125 0.34765625 0.3359375 0.3583984375
2 0.2721354171875 0.333984375 0.265625 0.3447265625 0.265625 0.3779296875 0.2747395828125 0.38671875 0.2786458328125 0.3857421875 0.2890625 0.3759765625 0.2916666671875 0.3505859375 0.2890625 0.3447265625 0.2721354171875 0.333984375
2 0.4127604171875 0.333984375 0.4036458328125 0.3349609375 0.4036458328125 0.3486328125 0.4153645828125 0.357421875 0.4361979171875 0.3671875 0.4479166671875 0.3662109375 0.4505208328125 0.3642578125 0.4453125 0.3564453125 0.4231770828125 0.337890625 0.4127604171875 0.333984375
2 0.4557291671875 0.2529296875 0.44921875 0.24609375 0.4375 0.2529296875 0.4270833328125 0.2705078125 0.421875 0.2841796875 0.421875 0.2978515625 0.4270833328125 0.2978515625 0.4388020828125 0.294921875 0.4479166671875 0.2880859375 0.453125 0.2783203125 0.4557291671875 0.2529296875
2 0.6536458328125 0.2080078125 0.6471354171875 0.205078125 0.6328125 0.2197265625 0.6328125 0.2333984375 0.640625 0.2490234375 0.65234375 0.2578125 0.6588541671875 0.2568359375 0.6640625 0.2529296875 0.6666666671875 0.2412109375 0.6640625 0.2255859375 0.6536458328125 0.2080078125
2 0.4309895828125 0.171875 0.4205729171875 0.171875 0.4244791671875 0.2080078125 0.43359375 0.21875 0.4401041671875 0.2177734375 0.4479166671875 0.2060546875 0.4479166671875 0.1904296875 0.4427083328125 0.1806640625 0.4309895828125 0.171875
2 0.7747395828125 0.724609375 0.7578125 0.7333984375 0.7421875 0.7509765625 0.734375 0.7666015625 0.73828125 0.76953125 0.7447916671875 0.7685546875 0.7565104171875 0.765625 0.7734375 0.7529296875 0.78125 0.7392578125 0.7747395828125 0.724609375
2 0.6197916671875 0.6259765625 0.6145833328125 0.6376953125 0.6145833328125 0.6572265625 0.6197916671875 0.6669921875 0.625 0.6669921875 0.6354166671875 0.6435546875 0.6380208328125 0.6220703125 0.6341145828125 0.6171875 0.6197916671875 0.6259765625
2 0.5716145828125 0.650390625 0.5520833328125 0.6650390625 0.5442708328125 0.6826171875 0.5481770828125 0.685546875 0.5572916671875 0.6845703125 0.5716145828125 0.6796875 0.5911458328125 0.6650390625 0.59765625 0.650390625 0.5716145828125 0.650390625
2 0.60546875 0.5390625 0.6002604171875 0.5390625 0.5963541671875 0.5439453125 0.5989583328125 0.5673828125 0.6067708328125 0.5791015625 0.6158854171875 0.5859375 0.6223958328125 0.5849609375 0.6276041671875 0.5771484375 0.625 0.5595703125 0.6171875 0.5478515625 0.60546875 0.5390625
2 0.7486979171875 0.5390625 0.7395833328125 0.5439453125 0.734375 0.5517578125 0.7291666671875 0.5712890625 0.7317708328125 0.5869140625 0.7395833328125 0.5888671875 0.7552083328125 0.5791015625 0.7604166671875 0.5634765625 0.7578125 0.5478515625 0.7486979171875 0.5390625
2 0.7721354171875 0.615234375 0.7526041671875 0.6220703125 0.7447916671875 0.6376953125 0.7447916671875 0.6591796875 0.7513020828125 0.666015625 0.7578125 0.6650390625 0.765625 0.6611328125 0.7760416671875 0.6396484375 0.7760416671875 0.6220703125 0.7721354171875 0.615234375
2 0.3268229171875 0.677734375 0.3151041671875 0.6923828125 0.3072916671875 0.7158203125 0.3125 0.7294921875 0.3203125 0.7314453125 0.3307291671875 0.7197265625 0.3411458328125 0.6962890625 0.3385416671875 0.6865234375 0.3268229171875 0.677734375
2 0.3229166671875 0.5810546875 0.3372395828125 0.58984375 0.3580729171875 0.595703125 0.3880208328125 0.5966796875 0.37890625 0.583984375 0.3606770828125 0.578125 0.33203125 0.576171875 0.3229166671875 0.5810546875
2 0.4440104171875 0.52734375 0.4270833328125 0.5361328125 0.4166666671875 0.5478515625 0.4166666671875 0.5595703125 0.4244791671875 0.5595703125 0.4388020828125 0.5546875 0.4583333328125 0.5400390625 0.4596354171875 0.529296875 0.4440104171875 0.52734375
2 0.23567708281250002 0.529296875 0.23177083281250002 0.5322265625 0.234375 0.5439453125 0.24739583281250002 0.5615234375 0.2591145828125 0.5703125 0.2786458328125 0.5732421875 0.28125 0.5673828125 0.2708333328125 0.5517578125 0.24869791718749998 0.533203125 0.23567708281250002 0.529296875
2 0.4231770828125 0.603515625 0.4166666671875 0.6083984375 0.4088541671875 0.6259765625 0.4088541671875 0.6533203125 0.4127604171875 0.658203125 0.421875 0.6572265625 0.4296875 0.6474609375 0.4348958328125 0.6318359375 0.4348958328125 0.6162109375 0.4231770828125 0.603515625
2 0.71484375 0.455078125 0.7005208328125 0.4638671875 0.7096354171875 0.470703125 0.7526041671875 0.4736328125 0.7708333328125 0.4697265625 0.7682291671875 0.4619140625 0.75390625 0.453125 0.71484375 0.455078125
2 0.64453125 0.439453125 0.6302083328125 0.4482421875 0.6276041671875 0.4541015625 0.6276041671875 0.4892578125 0.6315104171875 0.494140625 0.6380208328125 0.4931640625 0.6510416671875 0.4853515625 0.65625 0.4697265625 0.6536458328125 0.4521484375 0.64453125 0.439453125
2 0.1341145828125 0.720703125 0.1145833328125 0.7294921875 0.1145833328125 0.7333984375 0.1315104171875 0.7421875 0.1640625 0.7431640625 0.17578125 0.740234375 0.1875 0.7275390625 0.16015625 0.720703125 0.1341145828125 0.720703125
2 0.4895833328125 0.6220703125 0.4934895828125 0.630859375 0.5065104171875 0.63671875 0.5104166671875 0.6357421875 0.5104166671875 0.5947265625 0.5013020828125 0.583984375 0.4895833328125 0.5966796875 0.4895833328125 0.6220703125
2 0.4856770828125 0.744140625 0.4609375 0.7451171875 0.4609375 0.7529296875 0.47265625 0.759765625 0.5013020828125 0.767578125 0.515625 0.7666015625 0.5286458328125 0.7607421875 0.5286458328125 0.7568359375 0.51953125 0.751953125 0.4856770828125 0.744140625
2 0.4856770828125 0.67578125 0.4674479171875 0.681640625 0.453125 0.6943359375 0.453125 0.6982421875 0.4596354171875 0.701171875 0.4791666671875 0.7001953125 0.5065104171875 0.693359375 0.5182291671875 0.6845703125 0.50390625 0.67578125 0.4856770828125 0.67578125