2 0.5221354171875 0.259765625 0.5130208328125 0.2685546875 0.5130208328125 0.2861328125 0.5208333328125 0.3056640625 0.5286458328125 0.3076171875 0.5390625 0.2978515625 0.5390625 0.2763671875 0.5364583328125 0.2685546875 0.5221354171875 0.259765625
2 0.6080729171875 0.24609375 0.5963541671875 0.2509765625 0.5885416671875 0.2666015625 0.5859375 0.2880859375 0.58984375 0.29296875 0.59375 0.2919921875 0.6067708328125 0.2841796875 0.6119791671875 0.2744140625 0.6119791671875 0.2509765625 0.6080729171875 0.24609375
2 0.61328125 0.169921875 0.5794270828125 0.1796875 0.5729166671875 0.1845703125 0.58203125 0.193359375 0.5989583328125 0.1943359375 0.62109375 0.1875 0.6354166671875 0.1728515625 0.6315104171875 0.169921875 0.61328125 0.169921875
2 0.7044270828125 0.19140625 0.68359375 0.197265625 0.6692708328125 0.2060546875 0.68359375 0.216796875 0.7083333328125 0.2158203125 0.7252604171875 0.2109375 0.734375 0.2041015625 0.7356770828125 0.193359375 0.7044270828125 0.19140625
2 0.7330729171875 0.267578125 0.6888020828125 0.267578125 0.671875 0.2744140625 0.671875 0.2783203125 0.6888020828125 0.2890625 0.7161458328125 0.2880859375 0.7330729171875 0.28515625 0.7447916671875 0.2783203125 0.7447916671875 0.2744140625 0.7330729171875 0.267578125
2 0.1731770828125 0.142578125 0.171875 0.1533203125 0.1822916671875 0.1669921875 0.20182291718749998 0.18359375 0.21614583281250002 0.1884765625 0.21614583281250002 0.1728515625 0.2109375 0.1650390625 0.19140625 0.150390625 0.1731770828125 0.142578125
2 0.1549479171875 0.171875 0.1458333328125 0.1806640625 0.1432291671875 0.2041015625 0.1484375 0.2158203125 0.1666666671875 0.2236328125 0.171875 0.2119140625 0.171875 0.1865234375 0.1666666671875 0.1767578125 0.1549479171875 0.171875
2 0.41015625 0.189453125 0.3893229171875 0.197265625 0.3776041671875 0.2060546875 0.375 0.2158203125 0.3763020828125 0.220703125 0.3880208328125 0.2197265625 0.4127604171875 0.2109375 0.4244791671875 0.2021484375 0.4270833328125 0.1943359375 0.41015625 0.189453125
2 0.4908854171875 0.171875 0.4791666671875 0.1865234375 0.4791666671875 0.2060546875 0.484375 0.2158203125 0.5 0.2216796875 0.5052083328125 0.2138671875 0.5052083328125 0.1845703125 0.5 0.1748046875 0.4908854171875 0.171875
2 0.47265625 0.240234375 0.4596354171875 0.240234375 0.44140625 0.244140625 0.4114583328125 0.2568359375 0.4127604171875 0.263671875 0.4322916671875 0.2685546875 0.4596354171875 0.26171875 0.4739583328125 0.2509765625 0.4765625 0.2431640625 0.47265625 0.240234375
2 0.3059895828125 0.15234375 0.2903645828125 0.15234375 0.2864583328125 0.1552734375 0.2942708328125 0.1669921875 0.30859375 0.177734375 0.32421875 0.185546875 0.34375 0.1845703125 0.3528645828125 0.18359375 0.3567708328125 0.1787109375 0.3346354171875 0.1640625 0.3059895828125 0.15234375
2 0.2877604171875 0.40234375 0.2825520828125 0.40234375 0.2682291671875 0.4111328125 0.2552083328125 0.4287109375 0.2552083328125 0.4443359375 0.2630208328125 0.4462890625 0.28125 0.4326171875 0.2916666671875 0.4169921875 0.2916666671875 0.4052734375 0.2877604171875 0.40234375
2 0.3059895828125 0.294921875 0.29296875 0.298828125 0.2838541671875 0.3115234375 0.2903645828125 0.31640625 0.3203125 0.3154296875 0.33984375 0.310546875 0.3515625 0.2998046875 0.33203125 0.29296875 0.3059895828125 0.294921875
2 0.1705729171875 0.333984375 0.1471354171875 0.333984375 0.1184895828125 0.337890625 0.109375 0.3427734375 0.1184895828125 0.3515625 0.12890625 0.35546875 0.1484375 0.3544921875 0.1653645828125 0.3515625 0.1796875 0.3427734375 0.1796875 0.3388671875 0.1705729171875 0.333984375
2 0.20442708281250002 0.4140625 0.1927083328125 0.4267578125 0.1927083328125 0.4326171875 0.20833333281250002 0.4599609375 0.21484375 0.46484375 0.22395833281250002 0.4638671875 0.2265625 0.4365234375 0.21875 0.4228515625 0.20963541718749998 0.4140625 0.20442708281250002 0.4140625
2 0.2955729171875 0.333984375 0.2864583328125 0.3447265625 0.2864583328125 0.3623046875 0.2942708328125 0.3779296875 0.3059895828125 0.384765625 0.3151041671875 0.3837890625 0.3177083328125 0.3642578125 0.3125 0.3486328125 0.3046875 0.3369140625 0.2955729171875 0.333984375
2 0.21223958281250002 0.6171875 0.1953125 0.6201171875 0.20052083281250002 0.6318359375 0.21484375 0.640625 0.23307291718749998 0.6484375 0.24479166718749998 0.6474609375 0.25 0.6435546875 0.25 0.6357421875 0.23046875 0.623046875 0.21223958281250002 0.6171875
2 0.19140625 0.5546875 0.1731770828125 0.560546875 0.1536458328125 0.5732421875 0.1484375 0.5810546875 0.1497395828125 0.583984375 0.1744791671875 0.5830078125 0.1966145828125 0.576171875 0.20572916718749998 0.5693359375 0.20703125 0.5546875 0.19140625 0.5546875
2 0.20703125 0.505859375 0.1940104171875 0.5078125 0.1796875 0.5146484375 0.19921875 0.525390625 0.23958333281250002 0.5244140625 0.2578125 0.5166015625 0.25390625 0.509765625 0.23567708281250002 0.505859375 0.20703125 0.505859375
2 0.1263020828125 0.6875 0.11328125 0.69140625 0.0859375 0.7138671875 0.07552083281250001 0.7314453125 0.09114583281250001 0.7314453125 0.1145833328125 0.7158203125 0.125 0.7041015625 0.1302083328125 0.6923828125 0.1263020828125 0.6875
2 0.3268229171875 0.6875 0.3059895828125 0.69140625 0.27734375 0.70703125 0.2682291671875 0.7158203125 0.2799479171875 0.720703125 0.2942708328125 0.7197265625 0.30859375 0.71484375 0.3255208328125 0.7021484375 0.3307291671875 0.6943359375 0.3268229171875 0.6875
2 0.24088541718749998 0.6953125 0.23046875 0.697265625 0.203125 0.7236328125 0.1979166671875 0.7412109375 0.21354166718749998 0.7412109375 0.22916666718749998 0.7333984375 0.23958333281250002 0.7197265625 0.24479166718749998 0.7041015625 0.24088541718749998 0.6953125
2 0.3580729171875 0.734375 0.3541666671875 0.7373046875 0.3541666671875 0.7451171875 0.359375 0.7548828125 0.37890625 0.7734375 0.3893229171875 0.779296875 0.3984375 0.7783203125 0.4010416671875 0.7666015625 0.3932291671875 0.7490234375 0.3815104171875 0.73828125 0.3580729171875 0.734375
2 0.5169270828125 0.44921875 0.50390625 0.453125 0.4791666671875 0.4716796875 0.4739583328125 0.4814453125 0.4778645828125 0.484375 0.4947916671875 0.4833984375 0.515625 0.4697265625 0.5234375 0.4580078125 0.5221354171875 0.451171875 0.5169270828125 0.44921875
2 0.4309895828125 0.37109375 0.4192708328125 0.3876953125 0.4192708328125 0.4169921875 0.42578125 0.421875 0.4296875 0.4208984375 0.4375 0.4150390625 0.4453125 0.3994140625 0.4453125 0.3837890625 0.4309895828125 0.37109375
2 0.48046875 0.517578125 0.4635416671875 0.5302734375 0.453125 0.5498046875 0.453125 0.5654296875 0.4609375 0.5673828125 0.46875 0.5634765625 0.4869791671875 0.5419921875 0.4895833328125 0.5283203125 0.48046875 0.517578125
2 0.41015625 0.4765625 0.3919270828125 0.4765625 0.3736979171875 0.484375 0.3567708328125 0.5029296875 0.36328125 0.505859375 0.375 0.5048828125 0.4049479171875 0.49609375 0.4192708328125 0.4853515625 0.4192708328125 0.4814453125 0.41015625 0.4765625
2 0.4153645828125 0.6015625 0.3984375 0.6123046875 0.3984375 0.6162109375 0.4049479171875 0.619140625 0.4375 0.6201171875 0.46484375 0.6171875 0.46875 0.6083984375 0.4544270828125 0.6015625 0.4153645828125 0.6015625
2 0.3372395828125 0.63671875 0.3151041671875 0.6513671875 0.3046875 0.6689453125 0.30859375 0.671875 0.3255208328125 0.6708984375 0.359375 0.6494140625 0.3645833328125 0.6416015625 0.36328125 0.63671875 0.3372395828125 0.63671875
2 0.3997395828125 0.650390625 0.3932291671875 0.6533203125 0.3958333328125 0.6611328125 0.41015625 0.671875 0.4283854171875 0.6796875 0.4453125 0.6806640625 0.4635416671875 0.6748046875 0.4466145828125 0.66015625 0.41796875 0.650390625 0.3997395828125 0.650390625
2 0.6263020828125 0.724609375 0.625 0.7412109375 0.6354166671875 0.7529296875 0.65234375 0.76171875 0.671875 0.7626953125 0.671875 0.7529296875 0.6588541671875 0.7412109375 0.6471354171875 0.732421875 0.6263020828125 0.724609375
2 0.5299479171875 0.69921875 0.5221354171875 0.69921875 0.5104166671875 0.7080078125 0.5026041671875 0.7197265625 0.4973958328125 0.7431640625 0.5052083328125 0.7431640625 0.5169270828125 0.740234375 0.53125 0.7236328125 0.5338541671875 0.7041015625 0.5299479171875 0.69921875
2 0.7356770828125 0.72265625 0.6966145828125 0.724609375 0.6822916671875 0.7333984375 0.6770833328125 0.7431640625 0.68359375 0.74609375 0.703125 0.7451171875 0.7330729171875 0.7421875 0.7473958328125 0.7333984375 0.7473958328125 0.7294921875 0.7356770828125 0.72265625
2 0.7565104171875 0.462890625 0.7356770828125 0.462890625 0.7317708328125 0.4658203125 0.7408854171875 0.474609375 0.75390625 0.48046875 0.7721354171875 0.484375 0.7916666671875 0.4833984375 0.8020833328125001 0.4794921875 0.8020833328125001 0.4755859375 0.79296875 0.470703125 0.7565104171875 0.462890625
2 0.61328125 0.361328125 0.609375 0.3642578125 0.6393229171875 0.396484375 0.6497395828125 0.400390625 0.6614583328125 0.3994140625 0.6640625 0.3955078125 0.65625 0.3818359375 0.6315104171875 0.361328125 0.61328125 0.361328125
2 0.5950520828125 0.486328125 0.5833333328125 0.4912109375 0.5950520828125 0.50390625 0.6080729171875 0.5078125 0.6223958328125 0.5068359375 0.6419270828125 0.50390625 0.6536458328125 0.4951171875 0.63671875 0.486328125 0.5950520828125 0.486328125
2 0.7252604171875 0.369140625 0.7213541671875 0.3916015625 0.7265625 0.4072265625 0.7317708328125 0.4169921875 0.7408854171875 0.423828125 0.7447916671875 0.4228515625 0.75 0.4169921875 0.75 0.3896484375 0.7421875 0.3759765625 0.7252604171875 0.369140625
2 0.7265625 0.5361328125 0.7265625 0.5537109375 0.734375 0.5673828125 0.7434895828125 0.57421875 0.765625 0.5751953125 0.7630208328125 0.5634765625 0.7473958328125 0.5419921875 0.73046875 0.533203125 0.7265625 0.5361328125
2 0.6002604171875 0.58984375 0.5768229171875 0.595703125 0.5651041671875 0.6044921875 0.5651041671875 0.6083984375 0.57421875 0.61328125 0.5989583328125 0.6123046875 0.6184895828125 0.607421875 0.6302083328125 0.5986328125 0.61328125 0.58984375 0.6002604171875 0.58984375
2 0.6927083328125 0.6103515625 0.6927083328125 0.6142578125 0.7122395828125 0.626953125 0.7330729171875 0.6328125 0.7552083328125 0.6337890625 0.7526041671875 0.6220703125 0.73828125 0.611328125 0.71484375 0.60546875 0.6927083328125 0.6103515625