2 0.34765625 0.166015625 0.3359375 0.1787109375 0.3333333328125 0.2041015625 0.33984375 0.2109375 0.3463541671875 0.2099609375 0.3515625 0.2080078125 0.3619791671875 0.1884765625 0.3606770828125 0.162109375 0.34765625 0.166015625
2 0.23958333281250002 0.1611328125 0.22786458281250002 0.158203125 0.21484375 0.16015625 0.19140625 0.169921875 0.1770833328125 0.1826171875 0.1770833328125 0.1943359375 0.1875 0.1943359375 0.20703125 0.189453125 0.23046875 0.177734375 0.23958333281250002 0.1669921875 0.23958333281250002 0.1611328125
2 0.24348958281250002 0.228515625 0.22265625 0.236328125 0.21614583281250002 0.2431640625 0.22005208281250002 0.248046875 0.22786458281250002 0.25 0.25 0.2490234375 0.26953125 0.24609375 0.2838541671875 0.2373046875 0.26953125 0.228515625 0.24348958281250002 0.228515625
2 0.5416666671875 0.1630859375 0.5416666671875 0.1806640625 0.5494791671875 0.1943359375 0.5572916671875 0.1962890625 0.5625 0.1904296875 0.5625 0.1533203125 0.5533854171875 0.150390625 0.5416666671875 0.1630859375
2 0.6028645828125 0.185546875 0.58984375 0.189453125 0.578125 0.2001953125 0.58203125 0.20703125 0.6041666671875 0.2060546875 0.6393229171875 0.19921875 0.6432291671875 0.1904296875 0.62109375 0.18359375 0.6028645828125 0.185546875
2 0.4166666671875 0.1669921875 0.4166666671875 0.1728515625 0.4244791671875 0.1826171875 0.4466145828125 0.19921875 0.4765625 0.2001953125 0.4791666671875 0.1943359375 0.4466145828125 0.171875 0.4309895828125 0.166015625 0.4166666671875 0.1669921875
2 0.7109375 0.1826171875 0.703125 0.1943359375 0.7057291671875 0.2197265625 0.71484375 0.228515625 0.7213541671875 0.2275390625 0.7317708328125 0.2138671875 0.7317708328125 0.1865234375 0.7252604171875 0.17578125 0.7109375 0.1826171875
2 0.6197916671875 0.2626953125 0.6197916671875 0.2861328125 0.625 0.2978515625 0.6302083328125 0.2998046875 0.6432291671875 0.2880859375 0.6432291671875 0.2685546875 0.6315104171875 0.251953125 0.6197916671875 0.2626953125
2 0.3971354171875 0.216796875 0.3958333328125 0.2373046875 0.4010416671875 0.2431640625 0.4205729171875 0.2578125 0.4348958328125 0.2587890625 0.4348958328125 0.2451171875 0.4270833328125 0.2333984375 0.41015625 0.220703125 0.3971354171875 0.216796875
2 0.5390625 0.2783203125 0.5416666671875 0.2939453125 0.55859375 0.3125 0.5729166671875 0.3154296875 0.5729166671875 0.2919921875 0.5625 0.2763671875 0.5481770828125 0.265625 0.5390625 0.2783203125
2 0.3151041671875 0.2587890625 0.3151041671875 0.2666015625 0.3294270828125 0.27734375 0.34765625 0.287109375 0.36328125 0.291015625 0.3723958328125 0.2900390625 0.3723958328125 0.2763671875 0.3606770828125 0.267578125 0.33984375 0.259765625 0.3151041671875 0.2587890625
2 0.4934895828125 0.255859375 0.4791666671875 0.2626953125 0.4713541671875 0.2802734375 0.4713541671875 0.3076171875 0.4791666671875 0.3076171875 0.4973958328125 0.2958984375 0.5 0.2880859375 0.5 0.2666015625 0.4934895828125 0.255859375
2 0.75 0.3681640625 0.7526041671875 0.3818359375 0.7747395828125 0.400390625 0.7890625 0.4033203125 0.7916666671875 0.3916015625 0.78125 0.3720703125 0.7591145828125 0.35546875 0.75 0.3681640625
2 0.7044270828125 0.30859375 0.6875 0.3173828125 0.671875 0.3388671875 0.6692708328125 0.3486328125 0.6744791671875 0.3583984375 0.6822916671875 0.3603515625 0.6979166671875 0.3447265625 0.7057291671875 0.3310546875 0.7083333328125 0.3134765625 0.7044270828125 0.30859375
2 0.7330729171875 0.2421875 0.71875 0.2529296875 0.7200520828125 0.2578125 0.7330729171875 0.26171875 0.765625 0.2626953125 0.7877604171875 0.2578125 0.7916666671875 0.2509765625 0.76953125 0.2421875 0.7330729171875 0.2421875
2 0.1940104171875 0.384765625 0.1796875 0.3955078125 0.171875 0.4072265625 0.1692708328125 0.4287109375 0.1770833328125 0.4306640625 0.1979166671875 0.4072265625 0.203125 0.3955078125 0.20182291718749998 0.384765625 0.1940104171875 0.384765625
2 0.3138020828125 0.333984375 0.2708333328125 0.3544921875 0.2721354171875 0.361328125 0.2994791671875 0.3623046875 0.3255208328125 0.3486328125 0.3307291671875 0.3427734375 0.3294270828125 0.333984375 0.3138020828125 0.333984375
2 0.3841145828125 0.333984375 0.3776041671875 0.3486328125 0.3880208328125 0.3701171875 0.3971354171875 0.376953125 0.4140625 0.3779296875 0.4140625 0.3662109375 0.4036458328125 0.3447265625 0.3893229171875 0.333984375 0.3841145828125 0.333984375
2 0.1940104171875 0.326171875 0.1705729171875 0.326171875 0.1627604171875 0.328125 0.1588541671875 0.3330078125 0.1705729171875 0.341796875 0.1861979171875 0.34765625 0.22395833281250002 0.3486328125 0.2265625 0.3466796875 0.21875 0.3388671875 0.20703125 0.330078125 0.1940104171875 0.326171875
2 0.58203125 0.451171875 0.5755208328125 0.4541015625 0.5677083328125 0.4658203125 0.5625 0.4814453125 0.5625 0.4912109375 0.5690104171875 0.498046875 0.5729166671875 0.4970703125 0.5833333328125 0.4892578125 0.5911458328125 0.4697265625 0.5885416671875 0.4580078125 0.58203125 0.451171875
2 0.4934895828125 0.3984375 0.46484375 0.400390625 0.4505208328125 0.4072265625 0.4544270828125 0.4140625 0.4674479171875 0.41796875 0.4973958328125 0.4169921875 0.5091145828125 0.4140625 0.5130208328125 0.4091796875 0.5065104171875 0.40234375 0.4934895828125 0.3984375
2 0.58203125 0.365234375 0.5638020828125 0.37109375 0.5416666671875 0.3837890625 0.5559895828125 0.392578125 0.5651041671875 0.3916015625 0.5950520828125 0.380859375 0.6067708328125 0.3681640625 0.6028645828125 0.365234375 0.58203125 0.365234375
2 0.4752604171875 0.431640625 0.4635416671875 0.4384765625 0.453125 0.4560546875 0.453125 0.4755859375 0.46484375 0.486328125 0.46875 0.4853515625 0.4791666671875 0.4716796875 0.484375 0.4482421875 0.4817708328125 0.4365234375 0.4752604171875 0.431640625
2 0.7565104171875 0.4375 0.7408854171875 0.439453125 0.7057291671875 0.4521484375 0.7200520828125 0.4609375 0.7395833328125 0.4599609375 0.7565104171875 0.455078125 0.7682291671875 0.4462890625 0.7682291671875 0.4404296875 0.7565104171875 0.4375
2 0.74609375 0.529296875 0.7421875 0.5322265625 0.7447916671875 0.5556640625 0.76171875 0.5703125 0.78125 0.5712890625 0.78125 0.5615234375 0.765625 0.5400390625 0.7591145828125 0.533203125 0.74609375 0.529296875
2 0.30078125 0.4296875 0.3020833328125 0.4423828125 0.3177083328125 0.4619140625 0.33203125 0.47265625 0.3385416671875 0.4716796875 0.3411458328125 0.4541015625 0.3333333328125 0.4443359375 0.3216145828125 0.43359375 0.30078125 0.4296875
2 0.3190104171875 0.533203125 0.3033854171875 0.533203125 0.2669270828125 0.544921875 0.2552083328125 0.5517578125 0.2721354171875 0.560546875 0.28125 0.5595703125 0.3059895828125 0.552734375 0.3177083328125 0.5458984375 0.3229166671875 0.5361328125 0.3190104171875 0.533203125
2 0.25390625 0.458984375 0.25 0.4619140625 0.2526041671875 0.4736328125 0.2630208328125 0.4912109375 0.27734375 0.505859375 0.2864583328125 0.5068359375 0.2890625 0.4873046875 0.2786458328125 0.4697265625 0.26953125 0.462890625 0.25390625 0.458984375
2 0.18359375 0.556640625 0.1705729171875 0.560546875 0.1614583328125 0.5712890625 0.1640625 0.6044921875 0.16796875 0.607421875 0.1744791671875 0.6064453125 0.1822916671875 0.6005859375 0.1901041671875 0.5830078125 0.1901041671875 0.5673828125 0.18359375 0.556640625
2 0.21614583281250002 0.5107421875 0.20833333281250002 0.5283203125 0.20833333281250002 0.5419921875 0.21744791718749998 0.552734375 0.22395833281250002 0.5517578125 0.23958333281250002 0.5244140625 0.23958333281250002 0.5048828125 0.23307291718749998 0.5 0.21614583281250002 0.5107421875
2 0.5651041671875 0.5322265625 0.5651041671875 0.5458984375 0.5846354171875 0.560546875 0.6028645828125 0.568359375 0.6197916671875 0.5673828125 0.6145833328125 0.5537109375 0.5872395828125 0.53515625 0.5690104171875 0.529296875 0.5651041671875 0.5322265625
2 0.51953125 0.599609375 0.515625 0.6025390625 0.515625 0.6103515625 0.5234375 0.6259765625 0.5403645828125 0.640625 0.5598958328125 0.6416015625 0.5598958328125 0.6279296875 0.546875 0.6123046875 0.53515625 0.603515625 0.51953125 0.599609375
2 0.6393229171875 0.587890625 0.6341145828125 0.587890625 0.6197916671875 0.5986328125 0.609375 0.6201171875 0.609375 0.6318359375 0.6184895828125 0.640625 0.6223958328125 0.6396484375 0.6328125 0.6298828125 0.6432291671875 0.6083984375 0.6432291671875 0.5908203125 0.6393229171875 0.587890625
2 0.4205729171875 0.572265625 0.4153645828125 0.572265625 0.40625 0.5830078125 0.4088541671875 0.6123046875 0.4192708328125 0.6259765625 0.4231770828125 0.62890625 0.4296875 0.6279296875 0.4348958328125 0.6181640625 0.4348958328125 0.5986328125 0.4270833328125 0.5791015625 0.4205729171875 0.572265625
2 0.6653645828125 0.775390625 0.6536458328125 0.7822265625 0.6380208328125 0.8095703125 0.6354166671875 0.8232421875 0.6458333328125 0.8232421875 0.6614583328125 0.8154296875 0.671875 0.7978515625 0.671875 0.7822265625 0.6653645828125 0.775390625
2 0.7395833328125 0.7216796875 0.7395833328125 0.7333984375 0.75390625 0.74609375 0.7747395828125 0.75390625 0.7942708328125 0.7529296875 0.7942708328125 0.7470703125 0.78515625 0.73828125 0.7565104171875 0.724609375 0.7395833328125 0.7216796875
2 0.4283854171875 0.66015625 0.4244791671875 0.6630859375 0.4270833328125 0.6806640625 0.4375 0.6962890625 0.44921875 0.705078125 0.453125 0.7041015625 0.4557291671875 0.6865234375 0.4479166671875 0.6689453125 0.4388020828125 0.66015625 0.4283854171875 0.66015625
2 0.3072916671875 0.7060546875 0.3072916671875 0.7294921875 0.3125 0.7412109375 0.3190104171875 0.74609375 0.3229166671875 0.7451171875 0.3333333328125 0.7294921875 0.3333333328125 0.7060546875 0.31640625 0.693359375 0.3072916671875 0.7060546875
2 0.203125 0.6611328125 0.20833333281250002 0.6904296875 0.22005208281250002 0.69921875 0.234375 0.7021484375 0.22916666718749998 0.6630859375 0.22395833281250002 0.6552734375 0.21223958281250002 0.650390625 0.203125 0.6611328125
2 0.48828125 0.736328125 0.47265625 0.740234375 0.4635416671875 0.7470703125 0.4609375 0.7587890625 0.4674479171875 0.76171875 0.4869791671875 0.7607421875 0.51953125 0.75390625 0.53125 0.7431640625 0.51171875 0.736328125 0.48828125 0.736328125