2 0.2825520828125 0.421875 0.2630208328125 0.4365234375 0.2552083328125 0.4482421875 0.2552083328125 0.4599609375 0.2630208328125 0.4599609375 0.2864583328125 0.4443359375 0.2994791671875 0.4267578125 0.2981770828125 0.421875 0.2825520828125 0.421875
2 0.41796875 0.330078125 0.4140625 0.3681640625 0.4244791671875 0.3759765625 0.4375 0.3603515625 0.4375 0.3408203125 0.42578125 0.330078125 0.41796875 0.330078125
2 0.5716145828125 0.4296875 0.5611979171875 0.4296875 0.5572916671875 0.4326171875 0.5598958328125 0.4423828125 0.5716145828125 0.451171875 0.59765625 0.45703125 0.6067708328125 0.4560546875 0.6145833328125 0.4541015625 0.6145833328125 0.4482421875 0.6028645828125 0.439453125 0.5716145828125 0.4296875
2 0.6783854171875 0.41015625 0.6536458328125 0.4208984375 0.6653645828125 0.4296875 0.6979166671875 0.4306640625 0.7200520828125 0.427734375 0.7239583328125 0.4208984375 0.70703125 0.41015625 0.6783854171875 0.41015625
2 0.7747395828125 0.328125 0.7591145828125 0.328125 0.7408854171875 0.33203125 0.7239583328125 0.3427734375 0.7239583328125 0.3466796875 0.73046875 0.349609375 0.7473958328125 0.3486328125 0.7799479171875 0.34375 0.7890625 0.3388671875 0.7890625 0.3349609375 0.7747395828125 0.328125
2 0.3216145828125 0.1328125 0.3151041671875 0.1435546875 0.3177083328125 0.1689453125 0.3255208328125 0.1806640625 0.3359375 0.1826171875 0.34375 0.1728515625 0.34375 0.1572265625 0.3385416671875 0.1435546875 0.3216145828125 0.1328125
2 0.4778645828125 0.251953125 0.4739583328125 0.2548828125 0.4739583328125 0.2626953125 0.4791666671875 0.2685546875 0.5065104171875 0.2890625 0.5208333328125 0.2900390625 0.5234375 0.2822265625 0.5182291671875 0.2685546875 0.5013020828125 0.2578125 0.4778645828125 0.251953125
2 0.5247395828125 0.41015625 0.50390625 0.41015625 0.4921875 0.4169921875 0.4765625 0.4365234375 0.48046875 0.443359375 0.4869791671875 0.4423828125 0.4934895828125 0.44140625 0.5182291671875 0.4248046875 0.5260416671875 0.4150390625 0.5247395828125 0.41015625
2 0.62109375 0.3203125 0.609375 0.3271484375 0.6106770828125 0.33203125 0.6263020828125 0.337890625 0.6666666671875 0.3388671875 0.67578125 0.337890625 0.6796875 0.3330078125 0.6627604171875 0.3203125 0.62109375 0.3203125
2 0.55859375 0.3359375 0.5403645828125 0.33984375 0.5130208328125 0.3583984375 0.5052083328125 0.3681640625 0.5091145828125 0.37109375 0.5234375 0.3720703125 0.5325520828125 0.37109375 0.5520833328125 0.3583984375 0.5598958328125 0.3486328125 0.55859375 0.3359375
2 0.1940104171875 0.2265625 0.18359375 0.2265625 0.1796875 0.2294921875 0.1848958328125 0.2412109375 0.20442708281250002 0.255859375 0.22005208281250002 0.26171875 0.22916666718749998 0.2607421875 0.234375 0.2568359375 0.234375 0.2509765625 0.21744791718749998 0.236328125 0.1940104171875 0.2265625
2 0.76953125 0.181640625 0.7565104171875 0.18359375 0.7447916671875 0.1923828125 0.7265625 0.2158203125 0.73046875 0.224609375 0.7421875 0.2236328125 0.7486979171875 0.22265625 0.7604166671875 0.2138671875 0.7682291671875 0.2021484375 0.76953125 0.181640625
2 0.1940104171875 0.275390625 0.1861979171875 0.275390625 0.1692708328125 0.2919921875 0.1588541671875 0.3095703125 0.1588541671875 0.3212890625 0.1666666671875 0.3212890625 0.1848958328125 0.3134765625 0.1979166671875 0.2939453125 0.1979166671875 0.2802734375 0.1940104171875 0.275390625
2 0.1549479171875 0.40625 0.1471354171875 0.408203125 0.140625 0.4169921875 0.140625 0.4443359375 0.1458333328125 0.4541015625 0.1510416671875 0.4541015625 0.1640625 0.4462890625 0.1666666671875 0.4404296875 0.1640625 0.4130859375 0.1549479171875 0.40625
2 0.3216145828125 0.330078125 0.3177083328125 0.3330078125 0.3177083328125 0.3408203125 0.3385416671875 0.3623046875 0.35546875 0.37109375 0.3645833328125 0.3701171875 0.375 0.3681640625 0.3645833328125 0.3525390625 0.3372395828125 0.333984375 0.3216145828125 0.330078125
2 0.3841145828125 0.23828125 0.3776041671875 0.2529296875 0.3854166671875 0.2646484375 0.4049479171875 0.279296875 0.4153645828125 0.283203125 0.4270833328125 0.2822265625 0.4244791671875 0.2685546875 0.4088541671875 0.2529296875 0.3893229171875 0.23828125 0.3841145828125 0.23828125
2 0.26953125 0.25390625 0.265625 0.2568359375 0.2708333328125 0.2744140625 0.2955729171875 0.294921875 0.3151041671875 0.2998046875 0.3177083328125 0.2919921875 0.3046875 0.2724609375 0.28515625 0.2578125 0.26953125 0.25390625
2 0.53125 0.1416015625 0.52734375 0.138671875 0.5143229171875 0.140625 0.4973958328125 0.1572265625 0.4921875 0.1787109375 0.4947916671875 0.1845703125 0.5026041671875 0.1865234375 0.5143229171875 0.181640625 0.5208333328125 0.1728515625 0.53125 0.1513671875 0.53125 0.1416015625
2 0.7174479171875 0.2421875 0.6888020828125 0.251953125 0.6822916671875 0.2587890625 0.6822916671875 0.2646484375 0.6966145828125 0.26953125 0.7057291671875 0.2685546875 0.7330729171875 0.26171875 0.7421875 0.2548828125 0.7447916671875 0.2412109375 0.7174479171875 0.2421875
2 0.5794270828125 0.201171875 0.5703125 0.2080078125 0.5651041671875 0.2197265625 0.5651041671875 0.2392578125 0.57421875 0.248046875 0.5807291671875 0.2470703125 0.5911458328125 0.2392578125 0.5963541671875 0.2294921875 0.5950520828125 0.197265625 0.5794270828125 0.201171875
2 0.6861979171875 0.15234375 0.6705729171875 0.158203125 0.6458333328125 0.1787109375 0.640625 0.1962890625 0.6484375 0.1982421875 0.66796875 0.19140625 0.6901041671875 0.1728515625 0.6927083328125 0.1630859375 0.6861979171875 0.15234375
2 0.19921875 0.146484375 0.1783854171875 0.146484375 0.1666666671875 0.1513671875 0.1666666671875 0.1552734375 0.18359375 0.166015625 0.20703125 0.171875 0.21614583281250002 0.1708984375 0.22526041718749998 0.169921875 0.23697916718749998 0.1591796875 0.23046875 0.15234375 0.19921875 0.146484375
2 0.43359375 0.162109375 0.4283854171875 0.162109375 0.4244791671875 0.1669921875 0.4244791671875 0.1845703125 0.4296875 0.2001953125 0.4401041671875 0.2158203125 0.4479166671875 0.2177734375 0.4583333328125 0.2060546875 0.4583333328125 0.1904296875 0.4479166671875 0.1728515625 0.43359375 0.162109375
2 0.7591145828125 0.451171875 0.75390625 0.451171875 0.7473958328125 0.4619140625 0.7526041671875 0.4853515625 0.7643229171875 0.498046875 0.7708333328125 0.4970703125 0.7786458328125 0.4853515625 0.7760416671875 0.4677734375 0.7708333328125 0.4599609375 0.7591145828125 0.451171875
2 0.27734375 0.572265625 0.26171875 0.580078125 0.24739583281250002 0.5927734375 0.2513020828125 0.599609375 0.265625 0.5986328125 0.30078125 0.58984375 0.3072916671875 0.5810546875 0.2877604171875 0.5703125 0.27734375 0.572265625
2 0.7408854171875 0.548828125 0.7265625 0.5595703125 0.7265625 0.5810546875 0.7317708328125 0.5947265625 0.73828125 0.599609375 0.7421875 0.5986328125 0.7526041671875 0.5869140625 0.7526041671875 0.5654296875 0.7473958328125 0.5537109375 0.7408854171875 0.548828125
2 0.58984375 0.541015625 0.5833333328125 0.5439453125 0.5729166671875 0.5673828125 0.5729166671875 0.5869140625 0.5794270828125 0.59375 0.5859375 0.5927734375 0.59375 0.5849609375 0.6015625 0.5634765625 0.6015625 0.5537109375 0.58984375 0.541015625
2 0.6627604171875 0.50390625 0.65625 0.5087890625 0.6510416671875 0.5205078125 0.6510416671875 0.5439453125 0.6575520828125 0.5546875 0.6666666671875 0.5537109375 0.6770833328125 0.5458984375 0.6796875 0.5263671875 0.6744791671875 0.5126953125 0.6627604171875 0.50390625
2 0.18359375 0.53515625 0.1692708328125 0.5439453125 0.15625 0.5615234375 0.15625 0.5771484375 0.1614583328125 0.5849609375 0.1692708328125 0.5869140625 0.1770833328125 0.5810546875 0.1901041671875 0.5556640625 0.1901041671875 0.5419921875 0.18359375 0.53515625
2 0.37109375 0.490234375 0.3671875 0.4931640625 0.3776041671875 0.5244140625 0.3919270828125 0.5390625 0.4010416671875 0.5400390625 0.40625 0.5341796875 0.4010416671875 0.5068359375 0.3919270828125 0.49609375 0.37109375 0.490234375
2 0.5221354171875 0.48828125 0.5104166671875 0.4990234375 0.5104166671875 0.5341796875 0.515625 0.5419921875 0.5234375 0.5439453125 0.5390625 0.5302734375 0.5390625 0.5107421875 0.53125 0.4951171875 0.5221354171875 0.48828125
2 0.7174479171875 0.6328125 0.71875 0.6572265625 0.7291666671875 0.6728515625 0.73828125 0.6796875 0.7447916671875 0.6787109375 0.7473958328125 0.6591796875 0.7395833328125 0.6435546875 0.7252604171875 0.6328125 0.7174479171875 0.6328125
2 0.5924479171875 0.63671875 0.5729166671875 0.6416015625 0.5729166671875 0.6455078125 0.5872395828125 0.654296875 0.6223958328125 0.6591796875 0.6354166671875 0.6552734375 0.640625 0.6494140625 0.63671875 0.64453125 0.5924479171875 0.63671875
2 0.4895833328125 0.7333984375 0.4895833328125 0.7412109375 0.5091145828125 0.7578125 0.5221354171875 0.763671875 0.5416666671875 0.7646484375 0.5416666671875 0.7548828125 0.5299479171875 0.7421875 0.4986979171875 0.73046875 0.4895833328125 0.7333984375
2 0.765625 0.7470703125 0.7513020828125 0.7421875 0.7408854171875 0.7421875 0.7174479171875 0.751953125 0.703125 0.7666015625 0.703125 0.7705078125 0.70703125 0.7734375 0.7239583328125 0.7724609375 0.7330729171875 0.771484375 0.75390625 0.76171875 0.765625 0.7529296875 0.765625 0.7470703125
2 0.6419270828125 0.72265625 0.62109375 0.72265625 0.6002604171875 0.724609375 0.5859375 0.7314453125 0.5872395828125 0.736328125 0.60546875 0.744140625 0.6380208328125 0.7431640625 0.64453125 0.7421875 0.6588541671875 0.7314453125 0.6549479171875 0.7265625 0.6419270828125 0.72265625
2 0.49609375 0.59765625 0.47265625 0.60546875 0.4635416671875 0.6123046875 0.4609375 0.6240234375 0.4765625 0.6240234375 0.50390625 0.615234375 0.5130208328125 0.6083984375 0.5130208328125 0.6025390625 0.49609375 0.59765625
2 0.3919270828125 0.611328125 0.3880208328125 0.6142578125 0.3880208328125 0.6240234375 0.40625 0.6455078125 0.4205729171875 0.65234375 0.4348958328125 0.6513671875 0.4375 0.6474609375 0.4244791671875 0.6318359375 0.40234375 0.615234375 0.3919270828125 0.611328125
2 0.31640625 0.71875 0.3059895828125 0.72265625 0.2864583328125 0.7412109375 0.2838541671875 0.7548828125 0.2916666671875 0.7548828125 0.3216145828125 0.73828125 0.3385416671875 0.7216796875 0.33203125 0.71875 0.31640625 0.71875
2 0.22786458281250002 0.73046875 0.2109375 0.7451171875 0.1979166671875 0.7646484375 0.1953125 0.7822265625 0.203125 0.7841796875 0.21875 0.7724609375 0.23177083281250002 0.7529296875 0.23177083281250002 0.7333984375 0.22786458281250002 0.73046875