2 0.3216145828125 0.25390625 0.30078125 0.26171875 0.2708333328125 0.2841796875 0.2708333328125 0.2900390625 0.2786458328125 0.2900390625 0.2981770828125 0.28515625 0.3203125 0.2685546875 0.3255208328125 0.2626953125 0.3216145828125 0.25390625
2 0.5169270828125 0.171875 0.50390625 0.173828125 0.4895833328125 0.1923828125 0.4869791671875 0.2021484375 0.4921875 0.2119140625 0.5 0.2138671875 0.5104166671875 0.2060546875 0.5182291671875 0.1923828125 0.5208333328125 0.1748046875 0.5169270828125 0.171875
2 0.4544270828125 0.3125 0.453125 0.3388671875 0.4609375 0.3564453125 0.4713541671875 0.3623046875 0.4765625 0.3564453125 0.4765625 0.3310546875 0.4713541671875 0.3212890625 0.4544270828125 0.3125
2 0.41015625 0.3203125 0.4049479171875 0.3203125 0.3958333328125 0.3271484375 0.3802083328125 0.3564453125 0.3854166671875 0.3720703125 0.3932291671875 0.3720703125 0.4010416671875 0.3662109375 0.4140625 0.3408203125 0.4140625 0.3232421875 0.41015625 0.3203125
2 0.45703125 0.2421875 0.43359375 0.24609375 0.421875 0.2548828125 0.4309895828125 0.263671875 0.4557291671875 0.2626953125 0.47265625 0.259765625 0.4869791671875 0.2509765625 0.4752604171875 0.244140625 0.45703125 0.2421875
2 0.1966145828125 0.37890625 0.19140625 0.37890625 0.1822916671875 0.3857421875 0.171875 0.4072265625 0.1744791671875 0.4228515625 0.18359375 0.4296875 0.1901041671875 0.4287109375 0.20052083281250002 0.4169921875 0.203125 0.4072265625 0.203125 0.3876953125 0.1966145828125 0.37890625
2 0.20703125 0.2734375 0.203125 0.2744140625 0.1927083328125 0.2939453125 0.1927083328125 0.3173828125 0.19921875 0.322265625 0.20572916718749998 0.3212890625 0.21354166718749998 0.3154296875 0.21875 0.3037109375 0.21875 0.2822265625 0.20703125 0.2734375
2 0.1575520828125 0.212890625 0.1380208328125 0.2197265625 0.14453125 0.228515625 0.1575520828125 0.232421875 0.20572916718749998 0.2333984375 0.20572916718749998 0.2275390625 0.19140625 0.216796875 0.18359375 0.21484375 0.1575520828125 0.212890625
2 0.32421875 0.18359375 0.3138020828125 0.181640625 0.3098958328125 0.1943359375 0.3177083328125 0.2138671875 0.3307291671875 0.2314453125 0.3385416671875 0.2314453125 0.3463541671875 0.2216796875 0.34375 0.2041015625 0.3359375 0.1923828125 0.32421875 0.18359375
2 0.39453125 0.14453125 0.3880208328125 0.1494140625 0.3997395828125 0.16015625 0.4205729171875 0.16796875 0.4453125 0.1689453125 0.4635416671875 0.1591796875 0.4622395828125 0.154296875 0.41015625 0.142578125 0.39453125 0.14453125
2 0.6419270828125 0.259765625 0.63671875 0.259765625 0.6276041671875 0.2705078125 0.6276041671875 0.2939453125 0.6328125 0.3056640625 0.640625 0.3076171875 0.6510416671875 0.2978515625 0.6536458328125 0.2822265625 0.6484375 0.2666015625 0.6419270828125 0.259765625
2 0.61328125 0.193359375 0.59765625 0.197265625 0.5885416671875 0.2060546875 0.5924479171875 0.21484375 0.6145833328125 0.2138671875 0.6393229171875 0.2109375 0.6536458328125 0.2001953125 0.6419270828125 0.193359375 0.61328125 0.193359375
2 0.5377604171875 0.478515625 0.5078125 0.4990234375 0.5052083328125 0.5185546875 0.5130208328125 0.5205078125 0.5390625 0.5048828125 0.5494791671875 0.4931640625 0.55078125 0.478515625 0.5377604171875 0.478515625
2 0.5247395828125 0.3828125 0.5130208328125 0.3876953125 0.5143229171875 0.392578125 0.5325520828125 0.400390625 0.55078125 0.404296875 0.5755208328125 0.4033203125 0.5807291671875 0.4013671875 0.5807291671875 0.3974609375 0.5533854171875 0.384765625 0.5247395828125 0.3828125
2 0.61328125 0.505859375 0.6067708328125 0.5107421875 0.6041666671875 0.5263671875 0.6067708328125 0.5458984375 0.6145833328125 0.5576171875 0.6197916671875 0.5576171875 0.6328125 0.5439453125 0.6328125 0.5263671875 0.6223958328125 0.5087890625 0.61328125 0.505859375
2 0.6263020828125 0.408203125 0.6067708328125 0.4169921875 0.6236979171875 0.4296875 0.640625 0.4287109375 0.6575520828125 0.42578125 0.6744791671875 0.4130859375 0.6627604171875 0.408203125 0.6263020828125 0.408203125
2 0.7122395828125 0.31640625 0.6953125 0.3251953125 0.6796875 0.3466796875 0.6796875 0.3623046875 0.6861979171875 0.369140625 0.6901041671875 0.3681640625 0.703125 0.3564453125 0.7161458328125 0.3330078125 0.7161458328125 0.3212890625 0.7122395828125 0.31640625
2 0.28515625 0.4921875 0.2643229171875 0.498046875 0.2578125 0.5029296875 0.2721354171875 0.51171875 0.3020833328125 0.5107421875 0.32421875 0.505859375 0.3333333328125 0.4970703125 0.32421875 0.4921875 0.28515625 0.4921875
2 0.4791666671875 0.3876953125 0.4752604171875 0.384765625 0.4596354171875 0.38671875 0.4427083328125 0.3994140625 0.4348958328125 0.4130859375 0.4348958328125 0.4248046875 0.4388020828125 0.4296875 0.4427083328125 0.4287109375 0.4518229171875 0.42578125 0.4739583328125 0.4052734375 0.4791666671875 0.3955078125 0.4791666671875 0.3876953125
2 0.5690104171875 0.28515625 0.54296875 0.2890625 0.5338541671875 0.2939453125 0.5338541671875 0.2978515625 0.5455729171875 0.306640625 0.5703125 0.3076171875 0.5872395828125 0.3046875 0.6015625 0.2919921875 0.5846354171875 0.28515625 0.5690104171875 0.28515625
2 0.71875 0.1923828125 0.7109375 0.2080078125 0.7161458328125 0.2314453125 0.7252604171875 0.23828125 0.7291666671875 0.2373046875 0.7421875 0.2197265625 0.7421875 0.1962890625 0.7356770828125 0.185546875 0.71875 0.1923828125
2 0.7877604171875 0.251953125 0.7747395828125 0.25 0.73828125 0.251953125 0.7265625 0.2626953125 0.7434895828125 0.271484375 0.7838541671875 0.2705078125 0.7903645828125 0.26953125 0.7994791671875 0.2626953125 0.7994791671875 0.2587890625 0.7877604171875 0.251953125
2 0.20572916718749998 0.6708984375 0.22135416718749998 0.6962890625 0.23046875 0.701171875 0.25 0.7021484375 0.22916666718749998 0.6650390625 0.21744791718749998 0.658203125 0.20963541718749998 0.658203125 0.20572916718749998 0.6708984375
2 0.4674479171875 0.658203125 0.4518229171875 0.658203125 0.44140625 0.662109375 0.4192708328125 0.6767578125 0.4192708328125 0.6865234375 0.4231770828125 0.689453125 0.4322916671875 0.6884765625 0.4518229171875 0.681640625 0.4661458328125 0.6708984375 0.4713541671875 0.6630859375 0.4674479171875 0.658203125
2 0.74609375 0.728515625 0.7421875 0.7314453125 0.7421875 0.7431640625 0.7565104171875 0.755859375 0.7721354171875 0.76171875 0.796875 0.7607421875 0.796875 0.7529296875 0.78515625 0.744140625 0.75390625 0.73046875 0.74609375 0.728515625
2 0.5872395828125 0.759765625 0.5833333328125 0.7626953125 0.5859375 0.7841796875 0.6041666671875 0.8056640625 0.6119791671875 0.8076171875 0.6197916671875 0.7958984375 0.6171875 0.7802734375 0.59765625 0.76171875 0.5872395828125 0.759765625
2 0.3372395828125 0.732421875 0.3138020828125 0.740234375 0.2994791671875 0.7509765625 0.3033854171875 0.7578125 0.3307291671875 0.7568359375 0.3502604171875 0.751953125 0.3645833328125 0.7353515625 0.3606770828125 0.732421875 0.3372395828125 0.732421875
2 0.5247395828125 0.6796875 0.5104166671875 0.6884765625 0.5104166671875 0.6923828125 0.5221354171875 0.697265625 0.5455729171875 0.703125 0.5677083328125 0.7041015625 0.5794270828125 0.703125 0.5807291671875 0.6962890625 0.55859375 0.68359375 0.5247395828125 0.6796875
2 0.6692708328125 0.6904296875 0.6692708328125 0.7236328125 0.67578125 0.7265625 0.6848958328125 0.7255859375 0.6953125 0.7158203125 0.6979166671875 0.6884765625 0.6783854171875 0.673828125 0.6692708328125 0.6904296875
2 0.4010416671875 0.7529296875 0.4010416671875 0.7685546875 0.4231770828125 0.7890625 0.4427083328125 0.7939453125 0.4453125 0.7822265625 0.4375 0.7685546875 0.41015625 0.744140625 0.4010416671875 0.7529296875
2 0.52734375 0.71875 0.5104166671875 0.7255859375 0.5130208328125 0.7333984375 0.5247395828125 0.7421875 0.5559895828125 0.75390625 0.5703125 0.7548828125 0.578125 0.7490234375 0.5703125 0.7373046875 0.5533854171875 0.724609375 0.52734375 0.71875
2 0.2591145828125 0.396484375 0.2604166671875 0.4091796875 0.2708333328125 0.4208984375 0.29296875 0.435546875 0.3046875 0.4345703125 0.3072916671875 0.4306640625 0.2994791671875 0.4150390625 0.27734375 0.3984375 0.2591145828125 0.396484375
2 0.7513020828125 0.447265625 0.7135416671875 0.4599609375 0.7278645828125 0.46875 0.7421875 0.4677734375 0.7669270828125 0.4609375 0.7760416671875 0.4501953125 0.7721354171875 0.447265625 0.7513020828125 0.447265625
2 0.5638020828125 0.58984375 0.5481770828125 0.59765625 0.5338541671875 0.6142578125 0.53125 0.6279296875 0.5494791671875 0.6279296875 0.5729166671875 0.6044921875 0.5755208328125 0.5927734375 0.5716145828125 0.58984375 0.5638020828125 0.58984375
2 0.7513020828125 0.537109375 0.7473958328125 0.5400390625 0.7473958328125 0.5556640625 0.7552083328125 0.5693359375 0.7669270828125 0.578125 0.7864583328125 0.5791015625 0.7864583328125 0.5693359375 0.7708333328125 0.5478515625 0.7643229171875 0.541015625 0.7513020828125 0.537109375
2 0.7200520828125 0.611328125 0.7161458328125 0.6142578125 0.7161458328125 0.6181640625 0.73046875 0.62890625 0.76171875 0.638671875 0.7760416671875 0.6376953125 0.7734375 0.6259765625 0.76171875 0.6171875 0.74609375 0.611328125 0.7200520828125 0.611328125
2 0.3971354171875 0.515625 0.375 0.5224609375 0.3841145828125 0.529296875 0.4049479171875 0.533203125 0.4296875 0.5322265625 0.4375 0.5283203125 0.4322916671875 0.5205078125 0.4231770828125 0.515625 0.3971354171875 0.515625
2 0.359375 0.6064453125 0.3528645828125 0.59765625 0.3450520828125 0.599609375 0.3359375 0.6083984375 0.3255208328125 0.6337890625 0.3255208328125 0.6455078125 0.3333333328125 0.6455078125 0.33984375 0.64453125 0.3515625 0.6357421875 0.3567708328125 0.6259765625 0.359375 0.6064453125
2 0.1888020828125 0.560546875 0.1783854171875 0.564453125 0.1666666671875 0.5771484375 0.1692708328125 0.6103515625 0.1770833328125 0.6123046875 0.1848958328125 0.6083984375 0.1953125 0.5908203125 0.1953125 0.5693359375 0.1888020828125 0.560546875
2 0.4388020828125 0.587890625 0.41796875 0.58984375 0.40625 0.5966796875 0.4205729171875 0.607421875 0.4440104171875 0.611328125 0.4583333328125 0.6103515625 0.4700520828125 0.607421875 0.4817708328125 0.5966796875 0.4622395828125 0.58984375 0.4388020828125 0.587890625