2 0.1705729171875 0.234375 0.1588541671875 0.2392578125 0.1627604171875 0.24609375 0.1783854171875 0.251953125 0.21614583281250002 0.2568359375 0.22265625 0.255859375 0.2265625 0.2509765625 0.20182291718749998 0.236328125 0.1705729171875 0.234375
2 0.1888020828125 0.404296875 0.1653645828125 0.408203125 0.15625 0.4150390625 0.16015625 0.41796875 0.1653645828125 0.4140625 0.16796875 0.421875 0.20052083281250002 0.4208984375 0.21484375 0.41796875 0.22135416718749998 0.4111328125 0.20963541718749998 0.40625 0.1888020828125 0.404296875
2 0.1640625 0.3349609375 0.1861979171875 0.3515625 0.19921875 0.357421875 0.21354166718749998 0.3583984375 0.21354166718749998 0.3447265625 0.1861979171875 0.322265625 0.1588541671875 0.3212890625 0.1640625 0.3349609375
2 0.2877604171875 0.291015625 0.2669270828125 0.298828125 0.2526041671875 0.3115234375 0.24479166718749998 0.3232421875 0.24479166718749998 0.3330078125 0.24869791718749998 0.33984375 0.2552083328125 0.3388671875 0.2838541671875 0.3154296875 0.2916666671875 0.3017578125 0.2916666671875 0.2939453125 0.2877604171875 0.291015625
2 0.23046875 0.16796875 0.21744791718749998 0.166015625 0.19140625 0.166015625 0.171875 0.1708984375 0.171875 0.1748046875 0.18359375 0.185546875 0.21875 0.1865234375 0.23307291718749998 0.185546875 0.2421875 0.1787109375 0.2421875 0.1748046875 0.23046875 0.16796875
2 0.3372395828125 0.365234375 0.3059895828125 0.376953125 0.28125 0.3974609375 0.29296875 0.40234375 0.3020833328125 0.4013671875 0.30859375 0.400390625 0.3359375 0.3818359375 0.3411458328125 0.3740234375 0.3372395828125 0.365234375
2 0.3580729171875 0.26171875 0.3385416671875 0.2802734375 0.3385416671875 0.2978515625 0.3463541671875 0.2978515625 0.3671875 0.2822265625 0.3776041671875 0.2666015625 0.3736979171875 0.2578125 0.3580729171875 0.26171875
2 0.4075520828125 0.3203125 0.4010416671875 0.3232421875 0.40625 0.3310546875 0.42578125 0.341796875 0.44921875 0.349609375 0.4635416671875 0.3486328125 0.4609375 0.3349609375 0.4518229171875 0.328125 0.4231770828125 0.3203125 0.4075520828125 0.3203125
2 0.3984375 0.2392578125 0.4088541671875 0.2548828125 0.41796875 0.26171875 0.4270833328125 0.2607421875 0.4270833328125 0.2333984375 0.4075520828125 0.212890625 0.3984375 0.2216796875 0.3984375 0.2392578125
2 0.3203125 0.1455078125 0.3229166671875 0.1591796875 0.3372395828125 0.169921875 0.3528645828125 0.177734375 0.3697916671875 0.1806640625 0.3697916671875 0.1650390625 0.3606770828125 0.15625 0.3372395828125 0.14453125 0.3203125 0.1455078125
2 0.4192708328125 0.1650390625 0.421875 0.1787109375 0.4466145828125 0.19921875 0.4791666671875 0.2001953125 0.4791666671875 0.1943359375 0.4518229171875 0.173828125 0.43359375 0.166015625 0.4192708328125 0.1650390625
2 0.5494791671875 0.1552734375 0.5416666671875 0.1689453125 0.5442708328125 0.1904296875 0.55078125 0.197265625 0.5572916671875 0.1962890625 0.5625 0.1865234375 0.5625 0.1533203125 0.55859375 0.150390625 0.5494791671875 0.1552734375
2 0.49609375 0.26171875 0.4791666671875 0.2724609375 0.4908854171875 0.279296875 0.5078125 0.2783203125 0.5364583328125 0.2685546875 0.5390625 0.2568359375 0.53515625 0.25390625 0.49609375 0.26171875
2 0.6263020828125 0.25390625 0.6171875 0.2646484375 0.6171875 0.2861328125 0.6223958328125 0.2998046875 0.6276041671875 0.3017578125 0.6432291671875 0.2861328125 0.640625 0.2666015625 0.6315104171875 0.25390625 0.6263020828125 0.25390625
2 0.63671875 0.166015625 0.60546875 0.177734375 0.5989583328125 0.1845703125 0.5963541671875 0.1982421875 0.6067708328125 0.1982421875 0.6419270828125 0.18359375 0.6536458328125 0.1748046875 0.6536458328125 0.1689453125 0.63671875 0.166015625
2 0.4674479171875 0.369140625 0.453125 0.3720703125 0.453125 0.3779296875 0.46484375 0.38671875 0.4934895828125 0.396484375 0.5078125 0.3955078125 0.5104166671875 0.3916015625 0.5052083328125 0.3818359375 0.4934895828125 0.375 0.4674479171875 0.369140625
2 0.5924479171875 0.318359375 0.58203125 0.3203125 0.5546875 0.3466796875 0.5520833328125 0.3603515625 0.5598958328125 0.3603515625 0.57421875 0.357421875 0.59375 0.3388671875 0.5963541671875 0.3212890625 0.5924479171875 0.318359375
2 0.6184895828125 0.490234375 0.6080729171875 0.4921875 0.59375 0.5029296875 0.6028645828125 0.5078125 0.6432291671875 0.5068359375 0.6575520828125 0.50390625 0.6614583328125 0.4970703125 0.6497395828125 0.4921875 0.6184895828125 0.490234375
2 0.6783854171875 0.38671875 0.66015625 0.392578125 0.6302083328125 0.4111328125 0.6341145828125 0.416015625 0.6419270828125 0.41796875 0.65625 0.4169921875 0.6875 0.3994140625 0.6927083328125 0.3935546875 0.6888020828125 0.388671875 0.6783854171875 0.38671875
2 0.7122395828125 0.29296875 0.703125 0.2998046875 0.6927083328125 0.3251953125 0.6953125 0.3388671875 0.7044270828125 0.34765625 0.7083333328125 0.3466796875 0.7213541671875 0.3193359375 0.7213541671875 0.2978515625 0.7174479171875 0.29296875 0.7122395828125 0.29296875
2 0.7421875 0.2294921875 0.7447916671875 0.2568359375 0.7565104171875 0.267578125 0.7604166671875 0.2666015625 0.7708333328125 0.2529296875 0.7708333328125 0.2294921875 0.76171875 0.21484375 0.7421875 0.2294921875
2 0.1497395828125 0.56640625 0.1432291671875 0.5751953125 0.1432291671875 0.5986328125 0.1484375 0.6103515625 0.1575520828125 0.6171875 0.1614583328125 0.6162109375 0.1692708328125 0.6044921875 0.1692708328125 0.5830078125 0.1666666671875 0.5771484375 0.1497395828125 0.56640625
2 0.1940104171875 0.45703125 0.1705729171875 0.458984375 0.1497395828125 0.46484375 0.1432291671875 0.4736328125 0.1432291671875 0.4775390625 0.1497395828125 0.48046875 0.1744791671875 0.4794921875 0.19921875 0.474609375 0.2109375 0.4677734375 0.2109375 0.4638671875 0.1940104171875 0.45703125
2 0.2721354171875 0.658203125 0.25390625 0.6640625 0.24479166718749998 0.6708984375 0.25390625 0.67578125 0.2942708328125 0.6748046875 0.3111979171875 0.671875 0.3151041671875 0.6669921875 0.2981770828125 0.658203125 0.2721354171875 0.658203125
2 0.2955729171875 0.556640625 0.28125 0.5634765625 0.28515625 0.5703125 0.2981770828125 0.57421875 0.3385416671875 0.5751953125 0.3450520828125 0.57421875 0.3489583328125 0.5693359375 0.3294270828125 0.556640625 0.2955729171875 0.556640625
2 0.37109375 0.509765625 0.3502604171875 0.509765625 0.3463541671875 0.5126953125 0.3489583328125 0.5185546875 0.36328125 0.529296875 0.3815104171875 0.53515625 0.4010416671875 0.5341796875 0.4114583328125 0.5302734375 0.4114583328125 0.5244140625 0.4049479171875 0.51953125 0.37109375 0.509765625
2 0.51953125 0.75390625 0.5052083328125 0.7626953125 0.4921875 0.7841796875 0.4895833328125 0.8037109375 0.4973958328125 0.8056640625 0.5104166671875 0.7998046875 0.5234375 0.7822265625 0.5260416671875 0.7626953125 0.51953125 0.75390625
2 0.1549479171875 0.73046875 0.1432291671875 0.7392578125 0.1653645828125 0.751953125 0.1979166671875 0.7529296875 0.21614583281250002 0.7431640625 0.21484375 0.73828125 0.17578125 0.73046875 0.1549479171875 0.73046875
2 0.4309895828125 0.771484375 0.4205729171875 0.771484375 0.3997395828125 0.775390625 0.3815104171875 0.783203125 0.3697916671875 0.7978515625 0.3763020828125 0.802734375 0.3932291671875 0.8017578125 0.4231770828125 0.79296875 0.4322916671875 0.7841796875 0.4348958328125 0.7744140625 0.4309895828125 0.771484375
2 0.4283854171875 0.68359375 0.40234375 0.69140625 0.3932291671875 0.7001953125 0.390625 0.7119140625 0.39453125 0.71484375 0.4088541671875 0.7138671875 0.4466145828125 0.701171875 0.4583333328125 0.6884765625 0.44140625 0.68359375 0.4283854171875 0.68359375
2 0.7955729171875 0.65234375 0.7838541671875 0.6591796875 0.7734375 0.6767578125 0.7708333328125 0.6923828125 0.7760416671875 0.7041015625 0.78125 0.7041015625 0.7916666671875 0.6904296875 0.7994791671875 0.6708984375 0.7994791671875 0.6552734375 0.7955729171875 0.65234375
2 0.66015625 0.689453125 0.6510416671875 0.7041015625 0.65625 0.7197265625 0.6705729171875 0.734375 0.6822916671875 0.7373046875 0.6848958328125 0.7197265625 0.6796875 0.7080078125 0.6692708328125 0.6943359375 0.66015625 0.689453125
2 0.6640625 0.7685546875 0.6692708328125 0.7841796875 0.6809895828125 0.79296875 0.7096354171875 0.8046875 0.7291666671875 0.8037109375 0.7265625 0.7958984375 0.7122395828125 0.783203125 0.6809895828125 0.76953125 0.6640625 0.7685546875
2 0.4752604171875 0.46875 0.4583333328125 0.4775390625 0.4583333328125 0.4833984375 0.47265625 0.48828125 0.5078125 0.4873046875 0.5234375 0.4794921875 0.5286458328125 0.4736328125 0.52734375 0.46875 0.4752604171875 0.46875
2 0.7408854171875 0.44140625 0.70703125 0.44921875 0.7005208328125 0.4541015625 0.71484375 0.462890625 0.734375 0.4619140625 0.75390625 0.45703125 0.765625 0.4462890625 0.7565104171875 0.44140625 0.7408854171875 0.44140625
2 0.7447916671875 0.3720703125 0.75 0.3857421875 0.7669270828125 0.400390625 0.77734375 0.404296875 0.7864583328125 0.4033203125 0.7864583328125 0.3896484375 0.7734375 0.3720703125 0.75390625 0.359375 0.7447916671875 0.3720703125
2 0.73828125 0.533203125 0.734375 0.5458984375 0.7447916671875 0.5654296875 0.75390625 0.572265625 0.7734375 0.5732421875 0.7760416671875 0.5693359375 0.765625 0.5517578125 0.7486979171875 0.53515625 0.73828125 0.533203125
2 0.4778645828125 0.60546875 0.45703125 0.611328125 0.4505208328125 0.6162109375 0.4505208328125 0.6220703125 0.4622395828125 0.626953125 0.484375 0.6259765625 0.5091145828125 0.62109375 0.5104166671875 0.6103515625 0.4986979171875 0.60546875 0.4778645828125 0.60546875
2 0.5559895828125 0.568359375 0.5325520828125 0.57421875 0.5130208328125 0.5849609375 0.5221354171875 0.591796875 0.5442708328125 0.5927734375 0.5611979171875 0.58984375 0.5729166671875 0.5810546875 0.57421875 0.568359375 0.5559895828125 0.568359375
2 0.7044270828125 0.587890625 0.6861979171875 0.58984375 0.66015625 0.599609375 0.6484375 0.6123046875 0.65234375 0.615234375 0.6692708328125 0.6162109375 0.69921875 0.609375 0.7083333328125 0.6025390625 0.7109375 0.5908203125 0.7044270828125 0.587890625