2 0.28125 0.3291015625 0.2916666671875 0.3505859375 0.3033854171875 0.36328125 0.3125 0.3623046875 0.3125 0.3291015625 0.30078125 0.318359375 0.2825520828125 0.314453125 0.28125 0.3291015625
2 0.4153645828125 0.3046875 0.40625 0.3115234375 0.40625 0.3232421875 0.4010416671875 0.3330078125 0.4036458328125 0.3486328125 0.4075520828125 0.3515625 0.4140625 0.3505859375 0.4244791671875 0.3408203125 0.4270833328125 0.3330078125 0.4270833328125 0.3154296875 0.4153645828125 0.3046875
2 0.4036458328125 0.2314453125 0.3932291671875 0.2529296875 0.3932291671875 0.2666015625 0.3997395828125 0.2734375 0.4036458328125 0.2724609375 0.4166666671875 0.2607421875 0.4244791671875 0.2392578125 0.4153645828125 0.22265625 0.4036458328125 0.2314453125
2 0.4817708328125 0.2646484375 0.51171875 0.287109375 0.5221354171875 0.291015625 0.5286458328125 0.2900390625 0.5286458328125 0.2724609375 0.5091145828125 0.2578125 0.4830729171875 0.25390625 0.4817708328125 0.2646484375
2 0.56640625 0.3359375 0.5533854171875 0.337890625 0.5377604171875 0.345703125 0.5130208328125 0.3681640625 0.5143229171875 0.37109375 0.5338541671875 0.3720703125 0.5481770828125 0.3671875 0.5598958328125 0.3583984375 0.5677083328125 0.3486328125 0.56640625 0.3359375
2 0.5377604171875 0.140625 0.51953125 0.142578125 0.5078125 0.1552734375 0.5026041671875 0.1669921875 0.5026041671875 0.1845703125 0.5104166671875 0.1865234375 0.5234375 0.1806640625 0.5338541671875 0.1669921875 0.5390625 0.1552734375 0.5377604171875 0.140625
2 0.5950520828125 0.283203125 0.5833333328125 0.2880859375 0.5833333328125 0.2919921875 0.5950520828125 0.30078125 0.62109375 0.306640625 0.6484375 0.3056640625 0.6510416671875 0.2998046875 0.63671875 0.287109375 0.6184895828125 0.283203125 0.5950520828125 0.283203125
2 0.67578125 0.1640625 0.6627604171875 0.166015625 0.6302083328125 0.1923828125 0.6276041671875 0.2080078125 0.640625 0.2080078125 0.6497395828125 0.205078125 0.6744791671875 0.1865234375 0.6796875 0.1787109375 0.67578125 0.1640625
2 0.4192708328125 0.1728515625 0.4192708328125 0.1806640625 0.4309895828125 0.193359375 0.45703125 0.20703125 0.4765625 0.2119140625 0.4765625 0.1982421875 0.46484375 0.18359375 0.4388020828125 0.171875 0.4192708328125 0.1728515625
2 0.58203125 0.1953125 0.5768229171875 0.1953125 0.5651041671875 0.2099609375 0.5651041671875 0.2216796875 0.5729166671875 0.2373046875 0.5872395828125 0.248046875 0.59375 0.2470703125 0.5989583328125 0.2412109375 0.5989583328125 0.2197265625 0.5911458328125 0.2041015625 0.58203125 0.1953125
2 0.3268229171875 0.19140625 0.31640625 0.19140625 0.29296875 0.19921875 0.2682291671875 0.2158203125 0.26953125 0.220703125 0.2916666671875 0.2197265625 0.3059895828125 0.21484375 0.3229166671875 0.2021484375 0.328125 0.1962890625 0.3268229171875 0.19140625
2 0.17578125 0.185546875 0.171875 0.1884765625 0.1744791671875 0.1982421875 0.1875 0.2138671875 0.20442708281250002 0.224609375 0.21614583281250002 0.2236328125 0.22135416718749998 0.2197265625 0.21614583281250002 0.2060546875 0.19140625 0.1875 0.17578125 0.185546875
2 0.1393229171875 0.2890625 0.1380208328125 0.2998046875 0.1588541671875 0.3251953125 0.1731770828125 0.333984375 0.1875 0.3349609375 0.1875 0.3232421875 0.1744791671875 0.3076171875 0.1549479171875 0.29296875 0.1393229171875 0.2890625
2 0.24088541718749998 0.390625 0.22916666718749998 0.3955078125 0.22135416718749998 0.4208984375 0.22135416718749998 0.4365234375 0.22786458281250002 0.443359375 0.23177083281250002 0.4423828125 0.24479166718749998 0.4326171875 0.25 0.4169921875 0.25 0.4033203125 0.24088541718749998 0.390625
2 0.3528645828125 0.400390625 0.33203125 0.404296875 0.3177083328125 0.4111328125 0.3268229171875 0.419921875 0.3541666671875 0.4208984375 0.3684895828125 0.419921875 0.3932291671875 0.4072265625 0.37890625 0.400390625 0.3528645828125 0.400390625
2 0.3151041671875 0.5146484375 0.3229166671875 0.5283203125 0.3359375 0.5341796875 0.3359375 0.4990234375 0.32421875 0.486328125 0.3138020828125 0.484375 0.3151041671875 0.5146484375
2 0.20442708281250002 0.552734375 0.1783854171875 0.55859375 0.1614583328125 0.5712890625 0.1653645828125 0.576171875 0.1901041671875 0.5751953125 0.21484375 0.5703125 0.22916666718749998 0.5615234375 0.21744791718749998 0.5546875 0.20442708281250002 0.552734375
2 0.22526041718749998 0.478515625 0.21614583281250002 0.4814453125 0.20833333281250002 0.4970703125 0.2109375 0.5224609375 0.21484375 0.52734375 0.22135416718749998 0.5263671875 0.23177083281250002 0.5205078125 0.23697916718749998 0.5126953125 0.23697916718749998 0.4892578125 0.22526041718749998 0.478515625
2 0.3919270828125 0.52734375 0.3776041671875 0.5361328125 0.3671875 0.5537109375 0.3671875 0.5673828125 0.3802083328125 0.5791015625 0.3932291671875 0.5673828125 0.3984375 0.5517578125 0.3984375 0.5341796875 0.3919270828125 0.52734375
2 0.24609375 0.67578125 0.23177083281250002 0.6865234375 0.21354166718749998 0.7080078125 0.21484375 0.71484375 0.22916666718749998 0.7138671875 0.23958333281250002 0.7080078125 0.2552083328125 0.6865234375 0.25390625 0.673828125 0.24609375 0.67578125
2 0.39453125 0.61328125 0.3958333328125 0.6279296875 0.4166666671875 0.6494140625 0.42578125 0.65234375 0.4401041671875 0.6513671875 0.4401041671875 0.6435546875 0.4270833328125 0.6298828125 0.4075520828125 0.615234375 0.39453125 0.61328125
2 0.41796875 0.693359375 0.3919270828125 0.693359375 0.37890625 0.697265625 0.3671875 0.7060546875 0.3815104171875 0.71484375 0.4088541671875 0.7138671875 0.4231770828125 0.712890625 0.4348958328125 0.7080078125 0.4322916671875 0.7021484375 0.41796875 0.693359375
2 0.2825520828125 0.611328125 0.2630208328125 0.6181640625 0.2825520828125 0.630859375 0.3177083328125 0.6298828125 0.3372395828125 0.623046875 0.3385416671875 0.6181640625 0.32421875 0.611328125 0.2825520828125 0.611328125
2 0.4947916671875 0.7333984375 0.4947916671875 0.7412109375 0.5065104171875 0.75390625 0.5247395828125 0.763671875 0.5442708328125 0.7646484375 0.5442708328125 0.7529296875 0.53515625 0.744140625 0.5169270828125 0.734375 0.4947916671875 0.7333984375
2 0.64453125 0.724609375 0.62890625 0.724609375 0.60546875 0.7265625 0.5911458328125 0.7333984375 0.6106770828125 0.744140625 0.6302083328125 0.7451171875 0.6497395828125 0.7421875 0.6614583328125 0.7333984375 0.6614583328125 0.7294921875 0.64453125 0.724609375
2 0.7565104171875 0.744140625 0.7434895828125 0.744140625 0.7252604171875 0.751953125 0.7083333328125 0.7685546875 0.7096354171875 0.7734375 0.7239583328125 0.7744140625 0.7513020828125 0.767578125 0.765625 0.7587890625 0.7708333328125 0.7490234375 0.7565104171875 0.744140625
2 0.5377604171875 0.6171875 0.51171875 0.62109375 0.4869791671875 0.6357421875 0.4986979171875 0.64453125 0.5104166671875 0.6435546875 0.52734375 0.638671875 0.5390625 0.6298828125 0.5416666671875 0.6201171875 0.5377604171875 0.6171875
2 0.7252604171875 0.6328125 0.71875 0.6435546875 0.7213541671875 0.6552734375 0.7317708328125 0.6708984375 0.7434895828125 0.6796875 0.75 0.6787109375 0.7552083328125 0.6650390625 0.7473958328125 0.6494140625 0.7369791671875 0.6376953125 0.7252604171875 0.6328125
2 0.5950520828125 0.54296875 0.5859375 0.5498046875 0.5755208328125 0.5791015625 0.5807291671875 0.5908203125 0.5885416671875 0.5947265625 0.5989583328125 0.5869140625 0.6067708328125 0.5673828125 0.6067708328125 0.5517578125 0.5950520828125 0.54296875
2 0.5846354171875 0.623046875 0.5755208328125 0.6279296875 0.5924479171875 0.640625 0.6106770828125 0.64453125 0.6354166671875 0.6435546875 0.6484375 0.6357421875 0.6471354171875 0.630859375 0.6080729171875 0.623046875 0.5846354171875 0.623046875
2 0.66796875 0.505859375 0.6588541671875 0.5166015625 0.65625 0.5439453125 0.6588541671875 0.5517578125 0.6653645828125 0.556640625 0.671875 0.5556640625 0.6848958328125 0.5439453125 0.6848958328125 0.5244140625 0.6770833328125 0.5107421875 0.66796875 0.505859375
2 0.5143229171875 0.521484375 0.5026041671875 0.5263671875 0.4921875 0.5517578125 0.4947916671875 0.5732421875 0.5026041671875 0.5732421875 0.515625 0.5673828125 0.5208333328125 0.5576171875 0.5208333328125 0.5322265625 0.5143229171875 0.521484375
2 0.7513020828125 0.55078125 0.73828125 0.5546875 0.7317708328125 0.5615234375 0.7317708328125 0.5849609375 0.7369791671875 0.5966796875 0.7434895828125 0.6015625 0.7473958328125 0.6005859375 0.7578125 0.5908203125 0.7604166671875 0.5791015625 0.7578125 0.5615234375 0.7513020828125 0.55078125
2 0.4518229171875 0.4453125 0.4348958328125 0.4658203125 0.4388020828125 0.470703125 0.4453125 0.4697265625 0.4674479171875 0.4609375 0.4869791671875 0.4404296875 0.4622395828125 0.439453125 0.4518229171875 0.4453125
2 0.7669270828125 0.453125 0.7591145828125 0.453125 0.7552083328125 0.4580078125 0.7578125 0.4814453125 0.765625 0.4951171875 0.7721354171875 0.5 0.7760416671875 0.4990234375 0.7838541671875 0.4892578125 0.7838541671875 0.4716796875 0.7786458328125 0.4619140625 0.7669270828125 0.453125
2 0.5872395828125 0.431640625 0.5651041671875 0.4326171875 0.5651041671875 0.4423828125 0.5768229171875 0.451171875 0.59765625 0.45703125 0.6171875 0.4560546875 0.6223958328125 0.4541015625 0.6223958328125 0.4501953125 0.61328125 0.44140625 0.5872395828125 0.431640625
2 0.7096354171875 0.41015625 0.68359375 0.412109375 0.6614583328125 0.4208984375 0.66796875 0.4296875 0.6783854171875 0.431640625 0.71875 0.4306640625 0.73046875 0.427734375 0.7317708328125 0.4228515625 0.7252604171875 0.416015625 0.7096354171875 0.41015625
2 0.78515625 0.330078125 0.7643229171875 0.330078125 0.7486979171875 0.333984375 0.7317708328125 0.3447265625 0.7330729171875 0.349609375 0.7447916671875 0.3505859375 0.78515625 0.345703125 0.7955729171875 0.341796875 0.796875 0.3369140625 0.78515625 0.330078125
2 0.7747395828125 0.181640625 0.7604166671875 0.1884765625 0.734375 0.2197265625 0.7356770828125 0.224609375 0.7552083328125 0.2236328125 0.765625 0.2177734375 0.7786458328125 0.2001953125 0.7786458328125 0.1845703125 0.7747395828125 0.181640625
2 0.7747395828125 0.228515625 0.7421875 0.2568359375 0.7434895828125 0.267578125 0.7604166671875 0.2666015625 0.7890625 0.2451171875 0.7890625 0.2275390625 0.78515625 0.224609375 0.7747395828125 0.228515625