2 0.21744791718749998 0.248046875 0.1770833328125 0.2685546875 0.1809895828125 0.27734375 0.20572916718749998 0.2763671875 0.23046875 0.267578125 0.2421875 0.2548828125 0.22786458281250002 0.248046875 0.21744791718749998 0.248046875
2 0.3255208328125 0.3701171875 0.3424479171875 0.3828125 0.3619791671875 0.3876953125 0.3619791671875 0.3720703125 0.33984375 0.353515625 0.32421875 0.349609375 0.3255208328125 0.3701171875
2 0.1940104171875 0.36328125 0.18359375 0.365234375 0.1692708328125 0.3759765625 0.1783854171875 0.380859375 0.1940104171875 0.3828125 0.21875 0.3818359375 0.23567708281250002 0.37890625 0.23958333281250002 0.3720703125 0.22265625 0.365234375 0.1940104171875 0.36328125
2 0.3502604171875 0.255859375 0.32421875 0.2578125 0.30078125 0.265625 0.2942708328125 0.2724609375 0.2981770828125 0.279296875 0.3229166671875 0.2802734375 0.3450520828125 0.27734375 0.3541666671875 0.2705078125 0.359375 0.2587890625 0.3502604171875 0.255859375
2 0.1861979171875 0.158203125 0.1822916671875 0.1669921875 0.1979166671875 0.1904296875 0.21223958281250002 0.19921875 0.234375 0.2001953125 0.234375 0.1923828125 0.22395833281250002 0.1787109375 0.19921875 0.16015625 0.1861979171875 0.158203125
2 0.3346354171875 0.18359375 0.3268229171875 0.18359375 0.31640625 0.189453125 0.3020833328125 0.2041015625 0.2916666671875 0.2255859375 0.2916666671875 0.2314453125 0.296875 0.2333984375 0.31640625 0.2265625 0.328125 0.2138671875 0.3359375 0.2001953125 0.3346354171875 0.18359375
2 0.4596354171875 0.25 0.4401041671875 0.2646484375 0.4322916671875 0.2880859375 0.4322916671875 0.2998046875 0.4361979171875 0.3046875 0.4401041671875 0.3037109375 0.4583333328125 0.2939453125 0.4661458328125 0.2802734375 0.4661458328125 0.2587890625 0.4596354171875 0.25
2 0.4830729171875 0.16015625 0.4713541671875 0.1708984375 0.4752604171875 0.177734375 0.515625 0.1767578125 0.5338541671875 0.1708984375 0.5338541671875 0.1650390625 0.51953125 0.158203125 0.4830729171875 0.16015625
2 0.4348958328125 0.1416015625 0.4283854171875 0.138671875 0.4127604171875 0.138671875 0.38671875 0.1484375 0.375 0.1591796875 0.375 0.1669921875 0.3854166671875 0.1669921875 0.41015625 0.162109375 0.4231770828125 0.15625 0.4322916671875 0.1494140625 0.4348958328125 0.1416015625
2 0.5690104171875 0.2578125 0.55859375 0.255859375 0.5546875 0.2587890625 0.5546875 0.2724609375 0.5729166671875 0.3017578125 0.5768229171875 0.3046875 0.5833333328125 0.3037109375 0.5911458328125 0.2919921875 0.5885416671875 0.2783203125 0.5807291671875 0.2666015625 0.5690104171875 0.2578125
2 0.6106770828125 0.150390625 0.5950520828125 0.154296875 0.5755208328125 0.1767578125 0.5755208328125 0.1923828125 0.5859375 0.1982421875 0.5963541671875 0.1904296875 0.6119791671875 0.1669921875 0.6145833328125 0.1533203125 0.6106770828125 0.150390625
2 0.66796875 0.33984375 0.63671875 0.345703125 0.6223958328125 0.3525390625 0.62890625 0.359375 0.6484375 0.3623046875 0.67578125 0.35546875 0.6848958328125 0.3486328125 0.6848958328125 0.3447265625 0.66796875 0.33984375
2 0.7044270828125 0.234375 0.671875 0.2353515625 0.6744791671875 0.2451171875 0.6888020828125 0.25390625 0.7200520828125 0.26171875 0.7291666671875 0.2607421875 0.73828125 0.259765625 0.7395833328125 0.2548828125 0.7278645828125 0.2421875 0.7044270828125 0.234375
2 0.6848958328125 0.1533203125 0.6822916671875 0.1787109375 0.6901041671875 0.1923828125 0.6940104171875 0.1953125 0.703125 0.1943359375 0.7109375 0.1845703125 0.7109375 0.1552734375 0.69921875 0.142578125 0.6848958328125 0.1533203125
2 0.7513020828125 0.271484375 0.7473958328125 0.2783203125 0.7526041671875 0.2919921875 0.7669270828125 0.302734375 0.7916666671875 0.3076171875 0.7994791671875 0.3037109375 0.7890625 0.2880859375 0.7721354171875 0.27734375 0.7513020828125 0.271484375
2 0.3255208328125 0.4794921875 0.3229166671875 0.4970703125 0.3255208328125 0.5068359375 0.3372395828125 0.515625 0.3489583328125 0.5166015625 0.3489583328125 0.4775390625 0.34375 0.4677734375 0.3372395828125 0.46484375 0.3255208328125 0.4794921875
2 0.4700520828125 0.48828125 0.4401041671875 0.5048828125 0.4348958328125 0.5146484375 0.4388020828125 0.517578125 0.453125 0.5166015625 0.47265625 0.51171875 0.4947916671875 0.4990234375 0.49609375 0.482421875 0.4700520828125 0.48828125
2 0.53515625 0.3984375 0.5286458328125 0.4013671875 0.54296875 0.4140625 0.5559895828125 0.419921875 0.5716145828125 0.42578125 0.5911458328125 0.4267578125 0.5911458328125 0.4169921875 0.5768229171875 0.40625 0.5559895828125 0.3984375 0.53515625 0.3984375
2 0.7395833328125 0.3388671875 0.7447916671875 0.3466796875 0.76953125 0.365234375 0.7825520828125 0.37109375 0.7890625 0.3701171875 0.7890625 0.3525390625 0.76171875 0.333984375 0.7408854171875 0.330078125 0.7395833328125 0.3388671875
2 0.1796875 0.4814453125 0.1901041671875 0.5126953125 0.20182291718749998 0.5234375 0.2109375 0.5224609375 0.2109375 0.4931640625 0.1966145828125 0.478515625 0.18359375 0.474609375 0.1796875 0.4814453125
2 0.2981770828125 0.40234375 0.2942708328125 0.4111328125 0.3046875 0.4287109375 0.31640625 0.439453125 0.328125 0.4423828125 0.3385416671875 0.4365234375 0.3359375 0.4267578125 0.30859375 0.40234375 0.2981770828125 0.40234375
2 0.43359375 0.3515625 0.4244791671875 0.3583984375 0.4388020828125 0.369140625 0.4622395828125 0.373046875 0.4765625 0.3720703125 0.4947916671875 0.3603515625 0.4908854171875 0.357421875 0.4622395828125 0.3515625 0.43359375 0.3515625
2 0.3385416671875 0.7607421875 0.34375 0.7685546875 0.3658854171875 0.783203125 0.3854166671875 0.7841796875 0.3828125 0.7724609375 0.3606770828125 0.75390625 0.3424479171875 0.74609375 0.3385416671875 0.7607421875
2 0.5247395828125 0.642578125 0.5130208328125 0.6572265625 0.515625 0.6728515625 0.5208333328125 0.6826171875 0.5325520828125 0.69140625 0.5390625 0.6904296875 0.5442708328125 0.6787109375 0.5390625 0.6572265625 0.53125 0.6435546875 0.5247395828125 0.642578125
2 0.3984375 0.6220703125 0.4010416671875 0.6337890625 0.4127604171875 0.64453125 0.4361979171875 0.65234375 0.4583333328125 0.6533203125 0.4635416671875 0.6494140625 0.4440104171875 0.634765625 0.41796875 0.625 0.3984375 0.6220703125
2 0.52734375 0.53515625 0.5221354171875 0.53515625 0.5130208328125 0.5458984375 0.5104166671875 0.5810546875 0.5143229171875 0.5859375 0.5182291671875 0.5849609375 0.53125 0.5771484375 0.5364583328125 0.5693359375 0.5364583328125 0.5478515625 0.52734375 0.53515625
2 0.6484375 0.4736328125 0.6627604171875 0.484375 0.6927083328125 0.4833984375 0.7083333328125 0.4716796875 0.69921875 0.466796875 0.66015625 0.466796875 0.6484375 0.4736328125
2 0.5768229171875 0.53515625 0.5651041671875 0.5419921875 0.5768229171875 0.55078125 0.6067708328125 0.5537109375 0.6302083328125 0.5478515625 0.625 0.5400390625 0.6106770828125 0.533203125 0.5768229171875 0.53515625
2 0.7330729171875 0.509765625 0.7109375 0.5263671875 0.7057291671875 0.5361328125 0.7083333328125 0.5458984375 0.7122395828125 0.55078125 0.71875 0.5498046875 0.7447916671875 0.5283203125 0.75 0.5185546875 0.7486979171875 0.5078125 0.7330729171875 0.509765625
2 0.4466145828125 0.70703125 0.4427083328125 0.7197265625 0.4479166671875 0.7353515625 0.4583333328125 0.7509765625 0.4674479171875 0.7578125 0.4713541671875 0.7568359375 0.4817708328125 0.7431640625 0.4791666671875 0.7294921875 0.4622395828125 0.7109375 0.4466145828125 0.70703125
2 0.6145833328125 0.6416015625 0.6197916671875 0.6494140625 0.6341145828125 0.662109375 0.6536458328125 0.6650390625 0.6536458328125 0.6552734375 0.6432291671875 0.6416015625 0.6184895828125 0.623046875 0.6145833328125 0.6416015625
2 0.6940104171875 0.56640625 0.6848958328125 0.5732421875 0.6744791671875 0.5927734375 0.671875 0.6083984375 0.6744791671875 0.6142578125 0.6822916671875 0.6162109375 0.6953125 0.6103515625 0.703125 0.5966796875 0.703125 0.5751953125 0.6940104171875 0.56640625
2 0.2565104171875 0.75 0.22526041718749998 0.75 0.20052083281250002 0.7587890625 0.22005208281250002 0.771484375 0.234375 0.7705078125 0.25390625 0.767578125 0.2643229171875 0.763671875 0.2708333328125 0.7568359375 0.2565104171875 0.75
2 0.16015625 0.65625 0.15625 0.6591796875 0.1588541671875 0.6669921875 0.1783854171875 0.6796875 0.1940104171875 0.685546875 0.21614583281250002 0.6845703125 0.2265625 0.6787109375 0.20963541718749998 0.66796875 0.17578125 0.65625 0.16015625 0.65625
2 0.5768229171875 0.732421875 0.5520833328125 0.7392578125 0.5520833328125 0.7431640625 0.5611979171875 0.75 0.578125 0.7529296875 0.60546875 0.748046875 0.6223958328125 0.7392578125 0.6080729171875 0.73046875 0.5768229171875 0.732421875
2 0.7057291671875 0.6787109375 0.7109375 0.6943359375 0.7356770828125 0.71484375 0.7630208328125 0.7158203125 0.7578125 0.7041015625 0.7330729171875 0.68359375 0.7096354171875 0.67578125 0.7057291671875 0.6787109375
2 0.7252604171875 0.75390625 0.7044270828125 0.76171875 0.6953125 0.7685546875 0.6901041671875 0.7822265625 0.6966145828125 0.78515625 0.7057291671875 0.7841796875 0.74609375 0.76953125 0.7552083328125 0.7587890625 0.7408854171875 0.75390625 0.7252604171875 0.75390625
2 0.2591145828125 0.599609375 0.234375 0.6103515625 0.234375 0.6162109375 0.24609375 0.62109375 0.265625 0.6201171875 0.2877604171875 0.615234375 0.2942708328125 0.6103515625 0.2994791671875 0.5986328125 0.2591145828125 0.599609375
2 0.3763020828125 0.57421875 0.3658854171875 0.57421875 0.3463541671875 0.5908203125 0.3359375 0.6103515625 0.34375 0.6123046875 0.3580729171875 0.609375 0.3723958328125 0.5966796875 0.3802083328125 0.5849609375 0.3763020828125 0.57421875
2 0.4153645828125 0.669921875 0.4049479171875 0.671875 0.3932291671875 0.6806640625 0.3802083328125 0.6982421875 0.375 0.7138671875 0.37890625 0.716796875 0.3932291671875 0.7158203125 0.40625 0.7080078125 0.4140625 0.6962890625 0.4192708328125 0.6806640625 0.4153645828125 0.669921875