2 0.78125 0.4853515625 0.7838541671875 0.4990234375 0.7916666671875 0.5048828125 0.796875 0.5166015625 0.8033854171874999 0.521484375 0.8072916671874999 0.5205078125 0.8098958328125001 0.4990234375 0.7994791671875 0.4814453125 0.7877604171875 0.47265625 0.78125 0.4853515625
2 0.5442708328125 0.5029296875 0.5442708328125 0.5087890625 0.5559895828125 0.515625 0.5885416671875 0.5146484375 0.6015625 0.5048828125 0.59765625 0.498046875 0.5638020828125 0.49609375 0.5442708328125 0.5029296875
2 0.3307291671875 0.4951171875 0.3333333328125 0.5068359375 0.3450520828125 0.517578125 0.3580729171875 0.5234375 0.3828125 0.5244140625 0.3802083328125 0.5146484375 0.36328125 0.501953125 0.3424479171875 0.494140625 0.3307291671875 0.4951171875
2 0.46484375 0.494140625 0.4388020828125 0.49609375 0.4348958328125 0.4990234375 0.44921875 0.513671875 0.4765625 0.5146484375 0.49609375 0.509765625 0.5 0.5048828125 0.4856770828125 0.49609375 0.46484375 0.494140625
2 0.5872395828125 0.775390625 0.578125 0.7822265625 0.5794270828125 0.7890625 0.6067708328125 0.7880859375 0.6315104171875 0.78125 0.6432291671875 0.7666015625 0.6315104171875 0.76171875 0.5872395828125 0.775390625
2 0.1966145828125 0.591796875 0.1783854171875 0.595703125 0.1588541671875 0.6123046875 0.1510416671875 0.6259765625 0.1549479171875 0.62890625 0.1666666671875 0.6279296875 0.1809895828125 0.623046875 0.20052083281250002 0.6064453125 0.20052083281250002 0.5947265625 0.1966145828125 0.591796875
2 0.7122395828125 0.44140625 0.7083333328125 0.4541015625 0.7213541671875 0.4794921875 0.7330729171875 0.48828125 0.7447916671875 0.4892578125 0.75 0.4853515625 0.7369791671875 0.4580078125 0.7252604171875 0.447265625 0.7122395828125 0.44140625
2 0.2786458328125 0.5205078125 0.2747395828125 0.51171875 0.2565104171875 0.51953125 0.23958333281250002 0.5341796875 0.23697916718749998 0.5517578125 0.2421875 0.5595703125 0.24739583281250002 0.5595703125 0.2604166671875 0.5517578125 0.265625 0.5439453125 0.265625 0.5380859375 0.2786458328125 0.5205078125
2 0.4921875 0.5537109375 0.4921875 0.5634765625 0.5143229171875 0.580078125 0.5325520828125 0.5859375 0.5442708328125 0.5849609375 0.5442708328125 0.5732421875 0.5325520828125 0.5625 0.5169270828125 0.5546875 0.4921875 0.5537109375
2 0.4166666671875 0.6435546875 0.4166666671875 0.6572265625 0.4283854171875 0.669921875 0.4544270828125 0.6796875 0.46875 0.6787109375 0.4635416671875 0.6650390625 0.4440104171875 0.650390625 0.4283854171875 0.642578125 0.4166666671875 0.6435546875
2 0.7434895828125 0.54296875 0.7317708328125 0.5537109375 0.7265625 0.5693359375 0.7265625 0.5888671875 0.734375 0.5947265625 0.75 0.5869140625 0.7552083328125 0.5771484375 0.7552083328125 0.5556640625 0.7434895828125 0.54296875
2 0.7278645828125 0.751953125 0.7044270828125 0.759765625 0.6796875 0.7783203125 0.6940104171875 0.78515625 0.7057291671875 0.7841796875 0.7395833328125 0.7666015625 0.7447916671875 0.7587890625 0.7408854171875 0.75390625 0.7278645828125 0.751953125
2 0.7526041671875 0.7119140625 0.7552083328125 0.7236328125 0.7669270828125 0.732421875 0.7903645828125 0.73828125 0.8177083328125001 0.7373046875 0.8151041671874999 0.7294921875 0.8033854171874999 0.720703125 0.76953125 0.7109375 0.7526041671875 0.7119140625
2 0.6575520828125 0.564453125 0.6341145828125 0.56640625 0.609375 0.5810546875 0.6067708328125 0.5986328125 0.6197916671875 0.5986328125 0.6393229171875 0.591796875 0.6588541671875 0.5771484375 0.6614583328125 0.5673828125 0.6575520828125 0.564453125
2 0.6940104171875 0.634765625 0.6796875 0.6494140625 0.6692708328125 0.6689453125 0.6692708328125 0.6865234375 0.6822916671875 0.6865234375 0.6979166671875 0.6728515625 0.7083333328125 0.6533203125 0.69921875 0.634765625 0.6940104171875 0.634765625
2 0.7278645828125 0.640625 0.7239583328125 0.6435546875 0.7239583328125 0.6552734375 0.7317708328125 0.6748046875 0.7408854171875 0.68359375 0.75390625 0.6875 0.7630208328125 0.6865234375 0.7630208328125 0.6767578125 0.7552083328125 0.6591796875 0.73828125 0.642578125 0.7278645828125 0.640625
2 0.3658854171875 0.77734375 0.33203125 0.77734375 0.3177083328125 0.7861328125 0.3294270828125 0.794921875 0.3424479171875 0.798828125 0.3697916671875 0.7978515625 0.37890625 0.794921875 0.3880208328125 0.7861328125 0.3841145828125 0.78125 0.3658854171875 0.77734375
2 0.30078125 0.607421875 0.28515625 0.609375 0.2604166671875 0.6240234375 0.2552083328125 0.6318359375 0.2552083328125 0.6416015625 0.2591145828125 0.650390625 0.2682291671875 0.6494140625 0.2838541671875 0.6396484375 0.296875 0.6240234375 0.3046875 0.6103515625 0.30078125 0.607421875
2 0.6341145828125 0.701171875 0.6184895828125 0.705078125 0.5859375 0.7314453125 0.5833333328125 0.7392578125 0.5872395828125 0.7421875 0.6015625 0.7412109375 0.62109375 0.734375 0.6354166671875 0.7216796875 0.6380208328125 0.7041015625 0.6341145828125 0.701171875
2 0.3802083328125 0.6103515625 0.3763020828125 0.60546875 0.37109375 0.60546875 0.3463541671875 0.6259765625 0.3359375 0.6416015625 0.3359375 0.6533203125 0.3411458328125 0.6552734375 0.3528645828125 0.65234375 0.3697916671875 0.6396484375 0.3802083328125 0.6240234375 0.3802083328125 0.6103515625
2 0.5013020828125 0.6796875 0.4752604171875 0.6796875 0.46484375 0.68359375 0.453125 0.6923828125 0.4479166671875 0.7041015625 0.45703125 0.70703125 0.4713541671875 0.7060546875 0.5013020828125 0.69921875 0.5130208328125 0.6923828125 0.5130208328125 0.6865234375 0.5013020828125 0.6796875
2 0.6484375 0.3994140625 0.6653645828125 0.412109375 0.67578125 0.416015625 0.6848958328125 0.4150390625 0.6822916671875 0.4033203125 0.6627604171875 0.38671875 0.6471354171875 0.380859375 0.6484375 0.3994140625
2 0.4127604171875 0.150390625 0.4114583328125 0.1552734375 0.4296875 0.1806640625 0.4440104171875 0.189453125 0.4505208328125 0.1884765625 0.453125 0.1787109375 0.4401041671875 0.1591796875 0.4283854171875 0.150390625 0.4127604171875 0.150390625
2 0.74609375 0.330078125 0.7317708328125 0.3310546875 0.734375 0.3447265625 0.7486979171875 0.35546875 0.7669270828125 0.36328125 0.7786458328125 0.3623046875 0.7838541671875 0.3603515625 0.7838541671875 0.3564453125 0.7643229171875 0.337890625 0.74609375 0.330078125
2 0.2747395828125 0.1484375 0.2630208328125 0.1533203125 0.2747395828125 0.162109375 0.2955729171875 0.169921875 0.3255208328125 0.1708984375 0.3307291671875 0.1689453125 0.3255208328125 0.1591796875 0.3059895828125 0.150390625 0.2747395828125 0.1484375
2 0.5768229171875 0.326171875 0.5598958328125 0.3349609375 0.5611979171875 0.33984375 0.5768229171875 0.34375 0.6171875 0.3427734375 0.6236979171875 0.341796875 0.6302083328125 0.3330078125 0.61328125 0.326171875 0.5768229171875 0.326171875
2 0.17578125 0.400390625 0.1744791671875 0.4052734375 0.1901041671875 0.4267578125 0.20703125 0.44140625 0.21614583281250002 0.4423828125 0.21875 0.4248046875 0.2109375 0.4130859375 0.19140625 0.400390625 0.17578125 0.400390625
2 0.3216145828125 0.330078125 0.3177083328125 0.3427734375 0.3255208328125 0.3642578125 0.3372395828125 0.373046875 0.3489583328125 0.3720703125 0.3541666671875 0.3662109375 0.3489583328125 0.3486328125 0.33203125 0.330078125 0.3216145828125 0.330078125
2 0.5026041671875 0.1552734375 0.4921875 0.1748046875 0.4921875 0.1904296875 0.50390625 0.19921875 0.5104166671875 0.1982421875 0.5208333328125 0.1728515625 0.5208333328125 0.1533203125 0.5169270828125 0.1484375 0.5026041671875 0.1552734375
2 0.6692708328125 0.3505859375 0.671875 0.3603515625 0.6861979171875 0.37109375 0.7096354171875 0.3828125 0.7239583328125 0.3837890625 0.7239583328125 0.3701171875 0.7122395828125 0.359375 0.6940104171875 0.3515625 0.6692708328125 0.3505859375
2 0.4557291671875 0.3388671875 0.46875 0.3583984375 0.4830729171875 0.3671875 0.5026041671875 0.3662109375 0.4791666671875 0.3310546875 0.4596354171875 0.32421875 0.4557291671875 0.3271484375 0.4557291671875 0.3388671875
2 0.22786458281250002 0.25 0.21614583281250002 0.2607421875 0.21354166718749998 0.2880859375 0.22786458281250002 0.30078125 0.23697916718749998 0.2998046875 0.2421875 0.2919921875 0.2421875 0.2626953125 0.23697916718749998 0.2548828125 0.22786458281250002 0.25
2 0.5299479171875 0.208984375 0.5130208328125 0.2275390625 0.5104166671875 0.2470703125 0.5143229171875 0.25390625 0.5234375 0.2529296875 0.5364583328125 0.2431640625 0.546875 0.2255859375 0.5481770828125 0.205078125 0.5299479171875 0.208984375
2 0.5455729171875 0.361328125 0.5234375 0.3798828125 0.5130208328125 0.3935546875 0.5143229171875 0.3984375 0.5364583328125 0.3974609375 0.5598958328125 0.3818359375 0.5677083328125 0.3662109375 0.56640625 0.357421875 0.5455729171875 0.361328125
2 0.6315104171875 0.16015625 0.6171875 0.1767578125 0.6197916671875 0.1923828125 0.6276041671875 0.2060546875 0.6341145828125 0.2109375 0.6432291671875 0.2119140625 0.6510416671875 0.2001953125 0.6510416671875 0.1865234375 0.6432291671875 0.1689453125 0.6315104171875 0.16015625
2 0.1783854171875 0.158203125 0.1744791671875 0.1611328125 0.1770833328125 0.1708984375 0.1901041671875 0.1904296875 0.20963541718749998 0.201171875 0.22916666718749998 0.2001953125 0.22916666718749998 0.1943359375 0.21354166718749998 0.1748046875 0.19140625 0.16015625 0.1783854171875 0.158203125
2 0.4205729171875 0.228515625 0.4114583328125 0.2392578125 0.4114583328125 0.2646484375 0.4166666671875 0.2822265625 0.4205729171875 0.287109375 0.4244791671875 0.2861328125 0.4401041671875 0.2705078125 0.4401041671875 0.2529296875 0.4322916671875 0.2353515625 0.4205729171875 0.228515625
2 0.6393229171875 0.25390625 0.62109375 0.25390625 0.6145833328125 0.2568359375 0.6145833328125 0.2607421875 0.6263020828125 0.271484375 0.66015625 0.283203125 0.6770833328125 0.2841796875 0.6822916671875 0.2822265625 0.6796875 0.2705078125 0.6627604171875 0.259765625 0.6393229171875 0.25390625
2 0.3307291671875 0.1865234375 0.3268229171875 0.18359375 0.31640625 0.185546875 0.3020833328125 0.1962890625 0.2864583328125 0.2177734375 0.2838541671875 0.2314453125 0.2877604171875 0.234375 0.296875 0.2333984375 0.3059895828125 0.23046875 0.3255208328125 0.2119140625 0.3307291671875 0.1962890625 0.3307291671875 0.1865234375
2 0.8033854171874999 0.146484375 0.7890625 0.1572265625 0.7864583328125 0.1669921875 0.7942708328125 0.1904296875 0.8072916671874999 0.2001953125 0.8177083328125001 0.1904296875 0.8203125 0.1767578125 0.8151041671874999 0.1591796875 0.8033854171874999 0.146484375