0 0.2119140625 0.24739583281250002 0.21875 0.24869791718749998 0.220703125 0.21484375 0.2080078125 0.21354166718749998 0.20703125 0.23828125 0.2119140625 0.24739583281250002
0 0.314453125 0.1627604171875 0.30859375 0.18359375 0.30859375 0.1940104171875 0.3203125 0.19921875 0.326171875 0.18359375 0.326171875 0.16796875 0.3212890625 0.15625 0.314453125 0.1627604171875
0 0.2373046875 0.3932291671875 0.244140625 0.3919270828125 0.25 0.3736979171875 0.2373046875 0.3645833328125 0.23046875 0.38671875 0.2373046875 0.3932291671875
0 0.21875 0.4908854171875 0.2275390625 0.5052083328125 0.23046875 0.50390625 0.240234375 0.48828125 0.2373046875 0.4765625 0.2314453125 0.4765625 0.21875 0.4908854171875
0 0.265625 0.64453125 0.251953125 0.6731770828125 0.2548828125 0.6822916671875 0.263671875 0.68359375 0.28125 0.6497395828125 0.28125 0.64453125 0.2744140625 0.6380208328125 0.265625 0.64453125
0 0.314453125 0.58984375 0.32421875 0.58984375 0.32421875 0.57421875 0.3154296875 0.5677083328125 0.3125 0.57421875 0.314453125 0.58984375
0 0.36328125 0.5013020828125 0.3671875 0.5143229171875 0.3720703125 0.5234375 0.37890625 0.5221354171875 0.384765625 0.5169270828125 0.375 0.4934895828125 0.3662109375 0.4869791671875 0.36328125 0.5013020828125
0 0.4091796875 0.6458333328125 0.3994140625 0.6536458328125 0.39453125 0.6627604171875 0.3994140625 0.671875 0.40234375 0.6705729171875 0.4150390625 0.6614583328125 0.421875 0.6497395828125 0.4189453125 0.6458333328125 0.4091796875 0.6458333328125
0 0.35546875 0.4231770828125 0.3642578125 0.4296875 0.369140625 0.4283854171875 0.37109375 0.4127604171875 0.369140625 0.4049479171875 0.3642578125 0.4036458328125 0.35546875 0.4231770828125
0 0.4404296875 0.4270833328125 0.4296875 0.43359375 0.431640625 0.44140625 0.4375 0.4466145828125 0.439453125 0.4440104171875 0.4365234375 0.4375 0.443359375 0.44140625 0.4404296875 0.4270833328125
0 0.4970703125 0.625 0.50390625 0.6236979171875 0.50390625 0.6080729171875 0.4970703125 0.6067708328125 0.4921875 0.62109375 0.4970703125 0.625
0 0.4638671875 0.578125 0.4765625 0.5768229171875 0.48828125 0.5716145828125 0.4853515625 0.5546875 0.4609375 0.5690104171875 0.4638671875 0.578125
0 0.4990234375 0.5078125 0.49609375 0.51171875 0.5068359375 0.5260416671875 0.5146484375 0.53125 0.51953125 0.5299479171875 0.5234375 0.51953125 0.5205078125 0.5130208328125 0.5126953125 0.5078125 0.4990234375 0.5078125
0 0.3984375 0.22786458281250002 0.390625 0.24869791718749998 0.3935546875 0.2604166671875 0.404296875 0.26171875 0.41015625 0.24088541718749998 0.41015625 0.22786458281250002 0.4052734375 0.22395833281250002 0.3984375 0.22786458281250002
0 0.328125 0.7721354171875 0.3349609375 0.78125 0.33984375 0.7799479171875 0.345703125 0.7643229171875 0.3408203125 0.7578125 0.3349609375 0.7578125 0.328125 0.7721354171875
0 0.67578125 0.6002604171875 0.6806640625 0.6067708328125 0.685546875 0.60546875 0.693359375 0.5950520828125 0.6884765625 0.5833333328125 0.67578125 0.5924479171875 0.67578125 0.6002604171875
0 0.5498046875 0.6848958328125 0.5341796875 0.6927083328125 0.53125 0.6966145828125 0.533203125 0.70703125 0.5361328125 0.7109375 0.541015625 0.7096354171875 0.5595703125 0.7005208328125 0.560546875 0.69140625 0.5556640625 0.6848958328125 0.5498046875 0.6848958328125
0 0.5703125 0.60546875 0.56640625 0.62890625 0.5693359375 0.6328125 0.580078125 0.6341145828125 0.583984375 0.6080729171875 0.5791015625 0.5989583328125 0.5751953125 0.5989583328125 0.5703125 0.60546875
0 0.6064453125 0.5755208328125 0.603515625 0.5794270828125 0.6015625 0.6080729171875 0.607421875 0.61328125 0.615234375 0.6028645828125 0.6171875 0.5794270828125 0.6142578125 0.5755208328125 0.6064453125 0.5755208328125
0 0.6171875 0.7330729171875 0.62890625 0.73828125 0.634765625 0.71484375 0.6318359375 0.7109375 0.6240234375 0.7109375 0.6171875 0.7330729171875
0 0.6923828125 0.7109375 0.6865234375 0.7109375 0.681640625 0.7200520828125 0.681640625 0.73046875 0.6845703125 0.734375 0.689453125 0.7330729171875 0.6962890625 0.7317708328125 0.69921875 0.7252604171875 0.69921875 0.7174479171875 0.6923828125 0.7109375
0 0.75 0.7200520828125 0.751953125 0.73046875 0.7568359375 0.7369791671875 0.763671875 0.7356770828125 0.767578125 0.73046875 0.763671875 0.7122395828125 0.7529296875 0.7109375 0.75 0.7200520828125
0 0.7607421875 0.6510416671875 0.7578125 0.6549479171875 0.7578125 0.6653645828125 0.7626953125 0.671875 0.771484375 0.6705729171875 0.77734375 0.6627604171875 0.77734375 0.6549479171875 0.7724609375 0.6484375 0.7607421875 0.6510416671875
0 0.556640625 0.2513020828125 0.5595703125 0.2552083328125 0.564453125 0.25390625 0.5703125 0.24348958281250002 0.5634765625 0.23177083281250002 0.556640625 0.23828125 0.556640625 0.2513020828125
0 0.46875 0.21484375 0.4736328125 0.22395833281250002 0.48046875 0.22265625 0.484375 0.20963541718749998 0.4794921875 0.203125 0.4736328125 0.203125 0.46875 0.21484375
0 0.5224609375 0.2421875 0.517578125 0.24609375 0.509765625 0.26953125 0.509765625 0.2799479171875 0.515625 0.2825520828125 0.521484375 0.27734375 0.53125 0.2565104171875 0.53125 0.2513020828125 0.5224609375 0.2421875
0 0.5546875 0.45703125 0.5576171875 0.4609375 0.56640625 0.4596354171875 0.5703125 0.44921875 0.5615234375 0.4427083328125 0.5546875 0.4518229171875 0.5546875 0.45703125
0 0.6015625 0.41015625 0.6083984375 0.4166666671875 0.615234375 0.4153645828125 0.6171875 0.3997395828125 0.6142578125 0.3958333328125 0.6044921875 0.3984375 0.6015625 0.41015625
0 0.6484375 0.3684895828125 0.6572265625 0.3802083328125 0.662109375 0.37890625 0.666015625 0.3684895828125 0.6513671875 0.3567708328125 0.646484375 0.36328125 0.6484375 0.3684895828125
0 0.572265625 0.3528645828125 0.572265625 0.3658854171875 0.578125 0.3684895828125 0.587890625 0.34765625 0.5830078125 0.3411458328125 0.5771484375 0.3411458328125 0.572265625 0.3528645828125
0 0.7109375 0.5065104171875 0.7138671875 0.5182291671875 0.724609375 0.5169270828125 0.728515625 0.5143229171875 0.7275390625 0.5026041671875 0.7177734375 0.5 0.7109375 0.5065104171875
0 0.6728515625 0.4947916671875 0.66796875 0.5013020828125 0.669921875 0.5091145828125 0.6748046875 0.515625 0.677734375 0.5143229171875 0.685546875 0.5091145828125 0.685546875 0.5013020828125 0.6806640625 0.4921875 0.6728515625 0.4947916671875
0 0.626953125 0.47265625 0.626953125 0.48046875 0.6318359375 0.4869791671875 0.638671875 0.4856770828125 0.6494140625 0.4791666671875 0.65234375 0.4700520828125 0.6376953125 0.4661458328125 0.626953125 0.47265625
0 0.7763671875 0.4973958328125 0.7734375 0.5013020828125 0.7822265625 0.5182291671875 0.7978515625 0.5260416671875 0.806640625 0.5247395828125 0.810546875 0.5143229171875 0.8076171875 0.5078125 0.7841796875 0.4973958328125 0.7763671875 0.4973958328125
0 0.63671875 0.29296875 0.6376953125 0.2994791671875 0.6494140625 0.3072916671875 0.66015625 0.3059895828125 0.66796875 0.30078125 0.6650390625 0.2838541671875 0.6474609375 0.2864583328125 0.63671875 0.29296875
0 0.73046875 0.2955729171875 0.732421875 0.3111979171875 0.7421875 0.3111979171875 0.744140625 0.2955729171875 0.7412109375 0.2916666671875 0.7333984375 0.2916666671875 0.73046875 0.2955729171875
0 0.7353515625 0.4192708328125 0.734375 0.43359375 0.7373046875 0.4375 0.7421875 0.4361979171875 0.74609375 0.43359375 0.748046875 0.4231770828125 0.7451171875 0.4192708328125 0.7353515625 0.4192708328125
0 0.76171875 0.33203125 0.763671875 0.3450520828125 0.771484375 0.34765625 0.77734375 0.33984375 0.7763671875 0.3255208328125 0.7666015625 0.3255208328125 0.76171875 0.33203125
0 0.595703125 0.20963541718749998 0.603515625 0.20963541718749998 0.60546875 0.1940104171875 0.5986328125 0.1927083328125 0.595703125 0.1966145828125 0.595703125 0.20963541718749998
0 0.630859375 0.23567708281250002 0.6337890625 0.23958333281250002 0.6484375 0.23828125 0.658203125 0.22786458281250002 0.6552734375 0.22135416718749998 0.6328125 0.22005208281250002 0.630859375 0.23567708281250002