0 0.20703125 0.22526041718749998 0.20703125 0.24609375 0.208984375 0.25390625 0.216796875 0.2591145828125 0.22265625 0.25390625 0.22265625 0.22526041718749998 0.2099609375 0.22135416718749998 0.20703125 0.22526041718749998
0 0.3193359375 0.1692708328125 0.30859375 0.20442708281250002 0.3154296875 0.2109375 0.322265625 0.20963541718749998 0.328125 0.19140625 0.328125 0.1809895828125 0.326171875 0.1731770828125 0.3193359375 0.1692708328125
0 0.3056640625 0.3385416671875 0.302734375 0.3528645828125 0.3076171875 0.359375 0.31640625 0.3580729171875 0.3212890625 0.3567708328125 0.32421875 0.34765625 0.3173828125 0.3411458328125 0.3056640625 0.3385416671875
0 0.228515625 0.3971354171875 0.2373046875 0.4036458328125 0.244140625 0.40234375 0.248046875 0.39453125 0.248046875 0.3815104171875 0.2353515625 0.375 0.228515625 0.3971354171875
0 0.349609375 0.5690104171875 0.3603515625 0.5833333328125 0.376953125 0.58203125 0.37890625 0.5690104171875 0.3759765625 0.5651041671875 0.3525390625 0.5651041671875 0.349609375 0.5690104171875
0 0.2021484375 0.546875 0.193359375 0.55859375 0.193359375 0.5638020828125 0.2001953125 0.5729166671875 0.20703125 0.5716145828125 0.21484375 0.55859375 0.21484375 0.5481770828125 0.2119140625 0.5442708328125 0.2021484375 0.546875
0 0.2890625 0.6653645828125 0.2919921875 0.6744791671875 0.306640625 0.67578125 0.30859375 0.6627604171875 0.3056640625 0.6588541671875 0.2958984375 0.6588541671875 0.2890625 0.6653645828125
0 0.376953125 0.69921875 0.376953125 0.7096354171875 0.3837890625 0.7239583328125 0.39453125 0.7278645828125 0.396484375 0.71484375 0.38671875 0.6940104171875 0.3818359375 0.6927083328125 0.376953125 0.69921875
0 0.322265625 0.7799479171875 0.322265625 0.7877604171875 0.3271484375 0.7916666671875 0.333984375 0.7903645828125 0.337890625 0.77734375 0.3330078125 0.7708333328125 0.3271484375 0.7708333328125 0.322265625 0.7799479171875
0 0.2197265625 0.7369791671875 0.212890625 0.7486979171875 0.212890625 0.7565104171875 0.2177734375 0.7604166671875 0.248046875 0.7643229171875 0.251953125 0.7565104171875 0.251953125 0.74609375 0.2470703125 0.7421875 0.2197265625 0.7369791671875
0 0.4736328125 0.23697916718749998 0.478515625 0.23828125 0.484375 0.22786458281250002 0.4775390625 0.21875 0.470703125 0.23046875 0.4736328125 0.23697916718749998
0 0.4140625 0.35546875 0.4169921875 0.3645833328125 0.439453125 0.36328125 0.443359375 0.3528645828125 0.4384765625 0.3463541671875 0.416015625 0.34765625 0.4140625 0.35546875
0 0.390625 0.2643229171875 0.3916015625 0.2734375 0.3994140625 0.2786458328125 0.404296875 0.27734375 0.412109375 0.2513020828125 0.4091796875 0.23958333281250002 0.3994140625 0.2421875 0.390625 0.2643229171875
0 0.443359375 0.43359375 0.44921875 0.4361979171875 0.453125 0.43359375 0.453125 0.42578125 0.4462890625 0.421875 0.443359375 0.43359375
0 0.4892578125 0.5052083328125 0.484375 0.5091145828125 0.484375 0.5143229171875 0.4892578125 0.5260416671875 0.494140625 0.5247395828125 0.5 0.5169270828125 0.5 0.51171875 0.4951171875 0.5052083328125 0.4892578125 0.5052083328125
0 0.4140625 0.5924479171875 0.4140625 0.6002604171875 0.423828125 0.60546875 0.4296875 0.59765625 0.4296875 0.58984375 0.4189453125 0.5833333328125 0.4140625 0.5924479171875
0 0.5380859375 0.5755208328125 0.552734375 0.5794270828125 0.55078125 0.56640625 0.5400390625 0.5494791671875 0.529296875 0.5611979171875 0.5380859375 0.5755208328125
0 0.482421875 0.68359375 0.482421875 0.69140625 0.4853515625 0.6979166671875 0.48828125 0.6966145828125 0.4931640625 0.6953125 0.49609375 0.6861979171875 0.4873046875 0.6796875 0.482421875 0.68359375
0 0.5625 0.6549479171875 0.568359375 0.6783854171875 0.578125 0.6809895828125 0.580078125 0.66796875 0.576171875 0.6497395828125 0.5654296875 0.6484375 0.5625 0.6549479171875
0 0.513671875 0.7486979171875 0.513671875 0.7591145828125 0.5185546875 0.7630208328125 0.541015625 0.7643229171875 0.54296875 0.75390625 0.5361328125 0.7473958328125 0.5185546875 0.7421875 0.513671875 0.7486979171875
0 0.560546875 0.2565104171875 0.56640625 0.2591145828125 0.5703125 0.2565104171875 0.5673828125 0.23958333281250002 0.55859375 0.24609375 0.560546875 0.2565104171875
0 0.595703125 0.21744791718749998 0.59765625 0.23046875 0.6015625 0.23046875 0.607421875 0.22526041718749998 0.607421875 0.21484375 0.6044921875 0.2109375 0.595703125 0.21744791718749998
0 0.6328125 0.24348958281250002 0.6337890625 0.2604166671875 0.6484375 0.2591145828125 0.658203125 0.24869791718749998 0.6552734375 0.2421875 0.6357421875 0.23958333281250002 0.6328125 0.24348958281250002
0 0.7314453125 0.3151041671875 0.73046875 0.33203125 0.73828125 0.3346354171875 0.744140625 0.3294270828125 0.744140625 0.3190104171875 0.7412109375 0.3151041671875 0.7314453125 0.3151041671875
0 0.7685546875 0.3489583328125 0.76171875 0.35546875 0.76171875 0.3658854171875 0.7666015625 0.3723958328125 0.76953125 0.37109375 0.775390625 0.3658854171875 0.77734375 0.3580729171875 0.7744140625 0.3489583328125 0.7685546875 0.3489583328125
0 0.7216796875 0.2708333328125 0.73828125 0.26953125 0.7392578125 0.25 0.7158203125 0.25 0.708984375 0.2565104171875 0.7216796875 0.2708333328125
0 0.6533203125 0.3984375 0.66015625 0.3997395828125 0.6640625 0.38671875 0.6494140625 0.3776041671875 0.646484375 0.3893229171875 0.6533203125 0.3984375
0 0.6083984375 0.3776041671875 0.60546875 0.38671875 0.60546875 0.3971354171875 0.611328125 0.4049479171875 0.615234375 0.40234375 0.62109375 0.3841145828125 0.6162109375 0.3776041671875 0.6083984375 0.3776041671875
0 0.51953125 0.3580729171875 0.525390625 0.37890625 0.53125 0.3841145828125 0.537109375 0.3606770828125 0.5302734375 0.34375 0.5205078125 0.3489583328125 0.51953125 0.3580729171875
0 0.7333984375 0.4401041671875 0.73046875 0.4518229171875 0.7353515625 0.4609375 0.740234375 0.4596354171875 0.74609375 0.4518229171875 0.74609375 0.4466145828125 0.7431640625 0.4401041671875 0.7333984375 0.4401041671875
0 0.708984375 0.5377604171875 0.71875 0.5403645828125 0.7265625 0.5325520828125 0.724609375 0.5247395828125 0.7099609375 0.5234375 0.708984375 0.5377604171875
0 0.6640625 0.5247395828125 0.6708984375 0.5364583328125 0.67578125 0.53515625 0.68359375 0.52734375 0.6796875 0.5169270828125 0.6728515625 0.5130208328125 0.6640625 0.5247395828125
0 0.623046875 0.4934895828125 0.6279296875 0.5078125 0.634765625 0.5065104171875 0.6484375 0.49609375 0.6455078125 0.4869791671875 0.6318359375 0.4869791671875 0.623046875 0.4934895828125
0 0.669921875 0.6158854171875 0.6748046875 0.6276041671875 0.6796875 0.6263020828125 0.689453125 0.6158854171875 0.6845703125 0.6041666671875 0.6767578125 0.6067708328125 0.669921875 0.6158854171875
0 0.599609375 0.59765625 0.59765625 0.62890625 0.603515625 0.6315104171875 0.607421875 0.62890625 0.611328125 0.61328125 0.6103515625 0.5963541671875 0.599609375 0.59765625
0 0.767578125 0.6002604171875 0.767578125 0.6106770828125 0.7783203125 0.625 0.7900390625 0.6328125 0.796875 0.6315104171875 0.80078125 0.6263020828125 0.7978515625 0.6145833328125 0.7783203125 0.5989583328125 0.767578125 0.6002604171875
0 0.673828125 0.7513020828125 0.6767578125 0.7552083328125 0.689453125 0.75390625 0.693359375 0.7408854171875 0.6845703125 0.7317708328125 0.6787109375 0.7317708328125 0.673828125 0.7513020828125
0 0.609375 0.7513020828125 0.6162109375 0.7578125 0.625 0.7565104171875 0.62890625 0.7356770828125 0.6201171875 0.7291666671875 0.615234375 0.7330729171875 0.609375 0.7513020828125
0 0.73828125 0.80078125 0.7412109375 0.8125 0.751953125 0.8111979171874999 0.755859375 0.80078125 0.7509765625 0.7942708328125 0.7431640625 0.7942708328125 0.73828125 0.80078125
0 0.7431640625 0.6875 0.73828125 0.7044270828125 0.7412109375 0.7083333328125 0.751953125 0.70703125 0.755859375 0.7018229171875 0.75390625 0.69140625 0.7490234375 0.6848958328125 0.7431640625 0.6875