0 0.3935546875 0.2526041671875 0.388671875 0.2591145828125 0.392578125 0.2721354171875 0.3984375 0.2721354171875 0.404296875 0.2669270828125 0.404296875 0.26171875 0.3994140625 0.2526041671875 0.3935546875 0.2526041671875
0 0.234375 0.3815104171875 0.2392578125 0.3932291671875 0.25 0.39453125 0.25390625 0.3893229171875 0.2529296875 0.3776041671875 0.2412109375 0.375 0.234375 0.3815104171875
0 0.3310546875 0.2682291671875 0.328125 0.2721354171875 0.3369140625 0.2890625 0.3486328125 0.296875 0.35546875 0.2955729171875 0.357421875 0.2799479171875 0.3544921875 0.2760416671875 0.3388671875 0.2682291671875 0.3310546875 0.2682291671875
0 0.2294921875 0.2864583328125 0.224609375 0.29296875 0.224609375 0.30078125 0.232421875 0.31640625 0.2392578125 0.3255208328125 0.2421875 0.32421875 0.248046875 0.3216145828125 0.248046875 0.3111979171875 0.23828125 0.2903645828125 0.2294921875 0.2864583328125
0 0.271484375 0.22265625 0.26953125 0.23307291718749998 0.2724609375 0.23958333281250002 0.2900390625 0.24739583281250002 0.3046875 0.24869791718749998 0.30859375 0.24348958281250002 0.3056640625 0.22916666718749998 0.2861328125 0.22135416718749998 0.271484375 0.22265625
0 0.287109375 0.3815104171875 0.28515625 0.3919270828125 0.2900390625 0.3984375 0.294921875 0.3971354171875 0.30078125 0.38671875 0.2958984375 0.3776041671875 0.2919921875 0.3776041671875 0.287109375 0.3815104171875
0 0.208984375 0.4361979171875 0.2294921875 0.4661458328125 0.236328125 0.46484375 0.236328125 0.4440104171875 0.2197265625 0.4192708328125 0.212890625 0.42578125 0.208984375 0.4361979171875
0 0.3515625 0.43359375 0.3544921875 0.4375 0.36328125 0.4361979171875 0.361328125 0.4231770828125 0.3544921875 0.4192708328125 0.3515625 0.4231770828125 0.3515625 0.43359375
0 0.318359375 0.4544270828125 0.3212890625 0.4583333328125 0.33203125 0.45703125 0.3330078125 0.4427083328125 0.3212890625 0.4401041671875 0.318359375 0.4440104171875 0.318359375 0.4544270828125
0 0.197265625 0.62109375 0.208984375 0.62109375 0.21484375 0.60546875 0.2001953125 0.6015625 0.1953125 0.6106770828125 0.197265625 0.62109375
0 0.2607421875 0.5130208328125 0.25390625 0.5299479171875 0.2607421875 0.5364583328125 0.279296875 0.54296875 0.283203125 0.5403645828125 0.279296875 0.52734375 0.2724609375 0.5182291671875 0.2607421875 0.5130208328125
0 0.2822265625 0.6822916671875 0.287109375 0.6809895828125 0.294921875 0.67578125 0.2900390625 0.6614583328125 0.27734375 0.6705729171875 0.2822265625 0.6822916671875
0 0.275390625 0.7252604171875 0.275390625 0.7356770828125 0.2783203125 0.7395833328125 0.287109375 0.73828125 0.291015625 0.7356770828125 0.291015625 0.7252604171875 0.2880859375 0.7213541671875 0.275390625 0.7252604171875
0 0.2197265625 0.6822916671875 0.21484375 0.6888020828125 0.21484375 0.7044270828125 0.2177734375 0.7083333328125 0.224609375 0.70703125 0.23046875 0.7044270828125 0.23046875 0.69140625 0.2275390625 0.6848958328125 0.2197265625 0.6822916671875
0 0.4814453125 0.4296875 0.490234375 0.4309895828125 0.494140625 0.4153645828125 0.4912109375 0.4088541671875 0.48046875 0.4231770828125 0.4814453125 0.4296875
0 0.3984375 0.4830729171875 0.3984375 0.4908854171875 0.4052734375 0.5 0.41015625 0.4986979171875 0.4140625 0.4856770828125 0.4072265625 0.4765625 0.4033203125 0.4765625 0.3984375 0.4830729171875
0 0.419921875 0.43359375 0.421875 0.4518229171875 0.4287109375 0.4635416671875 0.43359375 0.46484375 0.435546875 0.4361979171875 0.4326171875 0.4296875 0.4228515625 0.4296875 0.419921875 0.43359375
0 0.4248046875 0.3515625 0.421875 0.35546875 0.419921875 0.3815104171875 0.4228515625 0.3880208328125 0.4296875 0.38671875 0.435546875 0.3736979171875 0.435546875 0.35546875 0.4326171875 0.3515625 0.4248046875 0.3515625
0 0.3681640625 0.5651041671875 0.3671875 0.5716145828125 0.376953125 0.5924479171875 0.3828125 0.5924479171875 0.388671875 0.5872395828125 0.388671875 0.5768229171875 0.3798828125 0.5651041671875 0.3681640625 0.5651041671875
0 0.4384765625 0.546875 0.443359375 0.5455729171875 0.443359375 0.53515625 0.4365234375 0.53125 0.43359375 0.5403645828125 0.4384765625 0.546875
0 0.462890625 0.5143229171875 0.462890625 0.52734375 0.466796875 0.54296875 0.4697265625 0.5494791671875 0.4765625 0.5481770828125 0.482421875 0.54296875 0.478515625 0.52734375 0.4658203125 0.5104166671875 0.462890625 0.5143229171875
0 0.3544921875 0.6822916671875 0.349609375 0.6888020828125 0.349609375 0.6966145828125 0.359375 0.69921875 0.365234375 0.6940104171875 0.365234375 0.6888020828125 0.3603515625 0.6822916671875 0.3544921875 0.6822916671875
0 0.33984375 0.7486979171875 0.341796875 0.7591145828125 0.34765625 0.76171875 0.357421875 0.75390625 0.3505859375 0.7395833328125 0.3427734375 0.7421875 0.33984375 0.7486979171875
0 0.37109375 0.6653645828125 0.3759765625 0.6692708328125 0.388671875 0.66796875 0.390625 0.6549479171875 0.3857421875 0.6484375 0.37109375 0.6575520828125 0.37109375 0.6653645828125
0 0.3740234375 0.6848958328125 0.37109375 0.6966145828125 0.37890625 0.7122395828125 0.3837890625 0.71875 0.390625 0.7174479171875 0.392578125 0.70703125 0.38671875 0.6861979171875 0.3837890625 0.6822916671875 0.3740234375 0.6848958328125
0 0.564453125 0.28515625 0.5712890625 0.2942708328125 0.57421875 0.29296875 0.580078125 0.2825520828125 0.5732421875 0.2734375 0.5693359375 0.2734375 0.564453125 0.28515625
0 0.5810546875 0.3515625 0.576171875 0.3606770828125 0.576171875 0.3736979171875 0.578125 0.3841145828125 0.5810546875 0.3880208328125 0.5859375 0.38671875 0.5908203125 0.3854166671875 0.591796875 0.37890625 0.587890625 0.3580729171875 0.5810546875 0.3515625
0 0.63671875 0.3190104171875 0.634765625 0.3268229171875 0.6376953125 0.3333333328125 0.654296875 0.3346354171875 0.658203125 0.33203125 0.6572265625 0.3151041671875 0.6416015625 0.3151041671875 0.63671875 0.3190104171875
0 0.61328125 0.41015625 0.6162109375 0.4192708328125 0.63671875 0.41796875 0.638671875 0.4127604171875 0.6318359375 0.4036458328125 0.6201171875 0.4010416671875 0.61328125 0.41015625
0 0.5361328125 0.5416666671875 0.546875 0.5403645828125 0.5439453125 0.53125 0.5361328125 0.53125 0.533203125 0.53515625 0.5361328125 0.5416666671875
0 0.5146484375 0.4635416671875 0.509765625 0.4674479171875 0.509765625 0.4752604171875 0.513671875 0.48828125 0.521484375 0.4908854171875 0.525390625 0.4856770828125 0.525390625 0.47265625 0.5224609375 0.4635416671875 0.5146484375 0.4635416671875
0 0.5615234375 0.5052083328125 0.552734375 0.51171875 0.5556640625 0.5234375 0.56640625 0.5221354171875 0.5791015625 0.5182291671875 0.580078125 0.5091145828125 0.5751953125 0.5052083328125 0.5615234375 0.5052083328125
0 0.587890625 0.5716145828125 0.5888671875 0.578125 0.599609375 0.5768229171875 0.615234375 0.5611979171875 0.6103515625 0.5494791671875 0.6044921875 0.5494791671875 0.587890625 0.5716145828125
0 0.533203125 0.5872395828125 0.5341796875 0.5963541671875 0.5478515625 0.6015625 0.560546875 0.6002604171875 0.560546875 0.58984375 0.5498046875 0.5807291671875 0.5380859375 0.578125 0.533203125 0.5872395828125
0 0.6875 0.50390625 0.69140625 0.5143229171875 0.701171875 0.5169270828125 0.705078125 0.5013020828125 0.6943359375 0.4921875 0.6884765625 0.4921875 0.6875 0.50390625
0 0.6865234375 0.5416666671875 0.681640625 0.5481770828125 0.6796875 0.5768229171875 0.689453125 0.5794270828125 0.693359375 0.5768229171875 0.6953125 0.55078125 0.6904296875 0.5416666671875 0.6865234375 0.5416666671875
0 0.7001953125 0.6927083328125 0.693359375 0.7018229171875 0.693359375 0.70703125 0.6982421875 0.7161458328125 0.705078125 0.71484375 0.7109375 0.7096354171875 0.7109375 0.7044270828125 0.7041015625 0.6927083328125 0.7001953125 0.6927083328125
0 0.42578125 0.6731770828125 0.43359375 0.68359375 0.443359375 0.67578125 0.4384765625 0.6640625 0.4326171875 0.6640625 0.42578125 0.6731770828125
0 0.455078125 0.6966145828125 0.4619140625 0.7083333328125 0.466796875 0.70703125 0.478515625 0.6966145828125 0.4716796875 0.6848958328125 0.4658203125 0.6848958328125 0.455078125 0.6966145828125
0 0.5498046875 0.7057291671875 0.5546875 0.7044270828125 0.5546875 0.6861979171875 0.5478515625 0.6770833328125 0.5390625 0.6888020828125 0.5498046875 0.7057291671875