0 0.4365234375 0.2786458328125 0.453125 0.2799479171875 0.4521484375 0.2630208328125 0.4326171875 0.2604166671875 0.4296875 0.2643229171875 0.4365234375 0.2786458328125
0 0.5302734375 0.23958333281250002 0.515625 0.2513020828125 0.517578125 0.2669270828125 0.525390625 0.2669270828125 0.537109375 0.2565104171875 0.54296875 0.24348958281250002 0.5419921875 0.23958333281250002 0.5302734375 0.23958333281250002
0 0.33984375 0.5221354171875 0.341796875 0.5299479171875 0.3466796875 0.5338541671875 0.359375 0.5325520828125 0.359375 0.5221354171875 0.3544921875 0.515625 0.3447265625 0.515625 0.33984375 0.5221354171875
0 0.3857421875 0.4479166671875 0.39453125 0.4466145828125 0.396484375 0.43359375 0.3837890625 0.4296875 0.380859375 0.4440104171875 0.3857421875 0.4479166671875
0 0.3330078125 0.4140625 0.330078125 0.41796875 0.330078125 0.4283854171875 0.3349609375 0.4322916671875 0.341796875 0.4309895828125 0.345703125 0.42578125 0.345703125 0.4153645828125 0.3388671875 0.4114583328125 0.3330078125 0.4140625
0 0.236328125 0.4049479171875 0.2412109375 0.4166666671875 0.251953125 0.41796875 0.255859375 0.41015625 0.2529296875 0.3984375 0.2412109375 0.3984375 0.236328125 0.4049479171875
0 0.34765625 0.6236979171875 0.34765625 0.62890625 0.3603515625 0.6510416671875 0.365234375 0.6497395828125 0.3671875 0.6315104171875 0.36328125 0.62109375 0.3564453125 0.6145833328125 0.34765625 0.6236979171875
0 0.224609375 0.6002604171875 0.224609375 0.6106770828125 0.23046875 0.6263020828125 0.2333984375 0.6302083328125 0.23828125 0.62890625 0.24609375 0.62109375 0.23828125 0.6002604171875 0.2294921875 0.5885416671875 0.224609375 0.6002604171875
0 0.3935546875 0.7708333328125 0.40234375 0.7721354171875 0.408203125 0.7565104171875 0.3916015625 0.7473958328125 0.38671875 0.7643229171875 0.3935546875 0.7708333328125
0 0.4443359375 0.7682291671875 0.43359375 0.7799479171875 0.4365234375 0.7890625 0.447265625 0.7877604171875 0.4609375 0.7799479171875 0.4609375 0.7721354171875 0.4560546875 0.765625 0.4443359375 0.7682291671875
0 0.279296875 0.7330729171875 0.27734375 0.7408854171875 0.2822265625 0.7473958328125 0.2919921875 0.7552083328125 0.30078125 0.75390625 0.306640625 0.74609375 0.2998046875 0.7369791671875 0.2861328125 0.7265625 0.279296875 0.7330729171875
0 0.474609375 0.3971354171875 0.4775390625 0.40625 0.482421875 0.4049479171875 0.4921875 0.3919270828125 0.4853515625 0.3802083328125 0.478515625 0.3815104171875 0.474609375 0.3971354171875
0 0.5478515625 0.4270833328125 0.560546875 0.4283854171875 0.560546875 0.4205729171875 0.5478515625 0.4010416671875 0.5390625 0.41015625 0.5478515625 0.4270833328125
0 0.41796875 0.66796875 0.4208984375 0.671875 0.427734375 0.6705729171875 0.4296875 0.6549479171875 0.4248046875 0.6510416671875 0.41796875 0.6575520828125 0.41796875 0.66796875
0 0.470703125 0.59765625 0.4775390625 0.6041666671875 0.48046875 0.6028645828125 0.486328125 0.5924479171875 0.4775390625 0.5807291671875 0.470703125 0.58984375 0.470703125 0.59765625
0 0.560546875 0.58984375 0.5654296875 0.5963541671875 0.568359375 0.5950520828125 0.576171875 0.5846354171875 0.5712890625 0.578125 0.5634765625 0.578125 0.560546875 0.58984375
0 0.5654296875 0.5130208328125 0.55859375 0.5247395828125 0.5595703125 0.53125 0.56640625 0.5325520828125 0.5751953125 0.53125 0.578125 0.5247395828125 0.5732421875 0.5104166671875 0.5654296875 0.5130208328125
0 0.564453125 0.7122395828125 0.564453125 0.7200520828125 0.5732421875 0.7317708328125 0.580078125 0.7330729171875 0.583984375 0.7278645828125 0.583984375 0.7200520828125 0.5712890625 0.703125 0.564453125 0.7122395828125
0 0.53515625 0.76953125 0.5390625 0.78515625 0.546875 0.78515625 0.564453125 0.7643229171875 0.5654296875 0.75 0.5615234375 0.7473958328125 0.53515625 0.76953125
0 0.6953125 0.63671875 0.6953125 0.6471354171875 0.7001953125 0.6536458328125 0.7109375 0.6575520828125 0.716796875 0.6419270828125 0.7099609375 0.6354166671875 0.6982421875 0.6328125 0.6953125 0.63671875
0 0.6435546875 0.6614583328125 0.640625 0.66796875 0.640625 0.6966145828125 0.6484375 0.69921875 0.654296875 0.6888020828125 0.65625 0.6653645828125 0.6533203125 0.6614583328125 0.6435546875 0.6614583328125
0 0.6591796875 0.5885416671875 0.65234375 0.6106770828125 0.650390625 0.6315104171875 0.6552734375 0.6354166671875 0.662109375 0.6341145828125 0.671875 0.60546875 0.673828125 0.5924479171875 0.6708984375 0.5885416671875 0.6591796875 0.5885416671875
0 0.7236328125 0.734375 0.720703125 0.7513020828125 0.73046875 0.75390625 0.736328125 0.74609375 0.736328125 0.7408854171875 0.7314453125 0.734375 0.7236328125 0.734375
0 0.7001953125 0.7786458328125 0.6904296875 0.7838541671875 0.69140625 0.7981770828125 0.697265625 0.80078125 0.7158203125 0.7942708328125 0.71875 0.78515625 0.7119140625 0.7786458328125 0.7001953125 0.7786458328125
0 0.783203125 0.3111979171875 0.7890625 0.3268229171875 0.8017578125 0.3411458328125 0.806640625 0.33984375 0.8125 0.32421875 0.7919921875 0.3072916671875 0.7861328125 0.3072916671875 0.783203125 0.3111979171875
0 0.794921875 0.22526041718749998 0.80078125 0.22786458281250002 0.810546875 0.22005208281250002 0.8056640625 0.20833333281250002 0.79296875 0.21484375 0.794921875 0.22526041718749998
0 0.673828125 0.33203125 0.673828125 0.3450520828125 0.6767578125 0.3489583328125 0.685546875 0.34765625 0.689453125 0.3450520828125 0.689453125 0.33203125 0.6806640625 0.3255208328125 0.673828125 0.33203125
0 0.7265625 0.2565104171875 0.7265625 0.2669270828125 0.7314453125 0.2734375 0.73828125 0.2721354171875 0.740234375 0.2591145828125 0.7353515625 0.2526041671875 0.7294921875 0.2526041671875 0.7265625 0.2565104171875
0 0.62890625 0.2877604171875 0.62890625 0.30078125 0.6318359375 0.3046875 0.638671875 0.3033854171875 0.6484375 0.2981770828125 0.654296875 0.2877604171875 0.6513671875 0.28125 0.62890625 0.2877604171875
0 0.642578125 0.22005208281250002 0.642578125 0.23046875 0.6455078125 0.234375 0.666015625 0.24348958281250002 0.671875 0.23307291718749998 0.6669921875 0.22395833281250002 0.6513671875 0.21614583281250002 0.642578125 0.22005208281250002
0 0.67578125 0.5013020828125 0.681640625 0.5143229171875 0.6845703125 0.5182291671875 0.69140625 0.5169270828125 0.6953125 0.51171875 0.6953125 0.50390625 0.6787109375 0.4921875 0.67578125 0.5013020828125
0 0.8017578125 0.4869791671875 0.81640625 0.48828125 0.8134765625 0.4713541671875 0.8017578125 0.4713541671875 0.798828125 0.4752604171875 0.8017578125 0.4869791671875
0 0.759765625 0.59765625 0.7666015625 0.6041666671875 0.775390625 0.6028645828125 0.775390625 0.5846354171875 0.7666015625 0.5807291671875 0.76171875 0.5872395828125 0.759765625 0.59765625
0 0.7646484375 0.4973958328125 0.779296875 0.49609375 0.78125 0.4830729171875 0.7783203125 0.4791666671875 0.765625 0.48046875 0.7646484375 0.4973958328125
0 0.701171875 0.4361979171875 0.703125 0.4440104171875 0.708984375 0.4466145828125 0.712890625 0.44140625 0.712890625 0.4309895828125 0.7060546875 0.4270833328125 0.701171875 0.4361979171875
0 0.6474609375 0.4453125 0.6328125 0.4544270828125 0.6328125 0.4622395828125 0.6376953125 0.46875 0.64453125 0.4674479171875 0.6591796875 0.4583333328125 0.662109375 0.44921875 0.6591796875 0.4453125 0.6474609375 0.4453125
0 0.7998046875 0.7135416671875 0.791015625 0.72265625 0.8017578125 0.7369791671875 0.80859375 0.7356770828125 0.8125 0.73046875 0.8125 0.72265625 0.8076171875 0.7161458328125 0.7998046875 0.7135416671875
0 0.8076171875 0.6328125 0.802734375 0.6393229171875 0.8076171875 0.6510416671875 0.81640625 0.6497395828125 0.8203125 0.64453125 0.8203125 0.63671875 0.8154296875 0.6302083328125 0.8076171875 0.6328125
0 0.6708984375 0.375 0.654296875 0.3893229171875 0.6591796875 0.4036458328125 0.666015625 0.40234375 0.6796875 0.3893229171875 0.681640625 0.37890625 0.6787109375 0.375 0.6708984375 0.375
0 0.802734375 0.3919270828125 0.8056640625 0.3958333328125 0.8203125 0.3971354171875 0.8212890625 0.3802083328125 0.8115234375 0.3776041671875 0.802734375 0.3815104171875 0.802734375 0.3919270828125