0 0.400390625 0.23828125 0.400390625 0.24609375 0.4052734375 0.2526041671875 0.419921875 0.25390625 0.419921875 0.24348958281250002 0.4111328125 0.23177083281250002 0.4052734375 0.23177083281250002 0.400390625 0.23828125
0 0.2978515625 0.3958333328125 0.29296875 0.3997395828125 0.29296875 0.4075520828125 0.2978515625 0.4192708328125 0.302734375 0.41796875 0.30859375 0.4127604171875 0.30859375 0.3997395828125 0.3056640625 0.3958333328125 0.2978515625 0.3958333328125
0 0.4501953125 0.2734375 0.44921875 0.2799479171875 0.45703125 0.2955729171875 0.4619140625 0.3020833328125 0.46875 0.30078125 0.470703125 0.2877604171875 0.46484375 0.2747395828125 0.4599609375 0.2682291671875 0.4501953125 0.2734375
0 0.578125 0.23828125 0.578125 0.2513020828125 0.5810546875 0.2552083328125 0.5859375 0.25390625 0.58984375 0.2513020828125 0.58984375 0.23828125 0.5849609375 0.234375 0.578125 0.23828125
0 0.3466796875 0.2552083328125 0.345703125 0.2721354171875 0.349609375 0.2825520828125 0.3564453125 0.2942708328125 0.36328125 0.29296875 0.369140625 0.28515625 0.369140625 0.2799479171875 0.3544921875 0.2578125 0.3466796875 0.2552083328125
0 0.513671875 0.2825520828125 0.5166015625 0.2864583328125 0.525390625 0.28515625 0.529296875 0.2799479171875 0.529296875 0.2721354171875 0.5185546875 0.265625 0.513671875 0.2825520828125
0 0.5087890625 0.4791666671875 0.515625 0.4778645828125 0.515625 0.46484375 0.5068359375 0.4609375 0.50390625 0.47265625 0.5087890625 0.4791666671875
0 0.41796875 0.6158854171875 0.41796875 0.62109375 0.42578125 0.6393229171875 0.43359375 0.6419270828125 0.435546875 0.62109375 0.4306640625 0.609375 0.4248046875 0.609375 0.41796875 0.6158854171875
0 0.40625 0.7747395828125 0.4091796875 0.78125 0.412109375 0.7799479171875 0.419921875 0.77734375 0.419921875 0.7643229171875 0.4072265625 0.7604166671875 0.40625 0.7747395828125
0 0.3349609375 0.7708333328125 0.328125 0.7747395828125 0.326171875 0.78515625 0.3310546875 0.796875 0.3359375 0.7955729171875 0.3427734375 0.7916666671875 0.345703125 0.78515625 0.34375 0.77734375 0.3349609375 0.7708333328125
0 0.443359375 0.69140625 0.443359375 0.69921875 0.4501953125 0.7083333328125 0.4599609375 0.7135416671875 0.466796875 0.7122395828125 0.470703125 0.7044270828125 0.4677734375 0.6953125 0.4501953125 0.6875 0.443359375 0.69140625
0 0.5634765625 0.6822916671875 0.576171875 0.6809895828125 0.5654296875 0.6614583328125 0.55078125 0.66015625 0.5498046875 0.6770833328125 0.5634765625 0.6822916671875
0 0.5771484375 0.6145833328125 0.587890625 0.61328125 0.58984375 0.60546875 0.5810546875 0.5963541671875 0.57421875 0.6106770828125 0.5771484375 0.6145833328125
0 0.494140625 0.6158854171875 0.5 0.6341145828125 0.5087890625 0.6432291671875 0.513671875 0.6419270828125 0.5078125 0.6080729171875 0.5048828125 0.6041666671875 0.4951171875 0.6067708328125 0.494140625 0.6158854171875
0 0.591796875 0.5091145828125 0.5986328125 0.5234375 0.607421875 0.5247395828125 0.611328125 0.51953125 0.6083984375 0.5078125 0.5947265625 0.5052083328125 0.591796875 0.5091145828125
0 0.654296875 0.4153645828125 0.66015625 0.4153645828125 0.669921875 0.3997395828125 0.6689453125 0.3880208328125 0.658203125 0.3893229171875 0.654296875 0.4153645828125
0 0.6845703125 0.3359375 0.6796875 0.3450520828125 0.68359375 0.3502604171875 0.6826171875 0.3567708328125 0.689453125 0.35546875 0.69921875 0.34765625 0.697265625 0.3372395828125 0.6923828125 0.3307291671875 0.6845703125 0.3359375
0 0.630859375 0.27734375 0.625 0.2955729171875 0.625 0.30859375 0.6279296875 0.3125 0.6328125 0.3111979171875 0.63671875 0.30859375 0.64453125 0.2877604171875 0.6357421875 0.2760416671875 0.630859375 0.27734375
0 0.431640625 0.4388020828125 0.4345703125 0.4427083328125 0.439453125 0.44140625 0.44921875 0.4309895828125 0.4462890625 0.4270833328125 0.431640625 0.4309895828125 0.431640625 0.4388020828125
0 0.34765625 0.6315104171875 0.349609375 0.62109375 0.3408203125 0.6171875 0.34375 0.6315104171875 0.34765625 0.6315104171875
0 0.3388671875 0.6197916671875 0.3359375 0.62890625 0.341796875 0.62890625 0.3388671875 0.6197916671875
0 0.40625 0.4856770828125 0.408203125 0.5013020828125 0.4150390625 0.515625 0.419921875 0.5143229171875 0.427734375 0.5065104171875 0.421875 0.4934895828125 0.4091796875 0.4791666671875 0.40625 0.4856770828125
0 0.572265625 0.37890625 0.5703125 0.3971354171875 0.5751953125 0.40625 0.58203125 0.4049479171875 0.5859375 0.39453125 0.587890625 0.37109375 0.5791015625 0.3645833328125 0.572265625 0.37890625
0 0.3779296875 0.4557291671875 0.3828125 0.4544270828125 0.384765625 0.4309895828125 0.3759765625 0.4296875 0.369140625 0.44921875 0.3779296875 0.4557291671875
0 0.5537109375 0.2890625 0.5390625 0.3111979171875 0.537109375 0.3190104171875 0.548828125 0.32421875 0.564453125 0.3033854171875 0.564453125 0.2981770828125 0.5576171875 0.2890625 0.5537109375 0.2890625
0 0.6240234375 0.7421875 0.62890625 0.7408854171875 0.630859375 0.72265625 0.6142578125 0.71875 0.611328125 0.7356770828125 0.6240234375 0.7421875
0 0.716796875 0.7018229171875 0.72265625 0.7018229171875 0.728515625 0.6966145828125 0.7236328125 0.6796875 0.712890625 0.6861979171875 0.716796875 0.7018229171875
0 0.7197265625 0.6067708328125 0.716796875 0.61328125 0.71875 0.6184895828125 0.7236328125 0.625 0.73046875 0.6236979171875 0.734375 0.6184895828125 0.732421875 0.6080729171875 0.7294921875 0.6041666671875 0.7197265625 0.6067708328125
0 0.7578125 0.69140625 0.7607421875 0.703125 0.771484375 0.7018229171875 0.78515625 0.69140625 0.7841796875 0.6822916671875 0.7705078125 0.6822916671875 0.7578125 0.69140625
0 0.6767578125 0.5390625 0.673828125 0.5455729171875 0.677734375 0.5559895828125 0.6884765625 0.5703125 0.693359375 0.5690104171875 0.69921875 0.5611979171875 0.69921875 0.5559895828125 0.6923828125 0.546875 0.6767578125 0.5390625
0 0.7353515625 0.5260416671875 0.732421875 0.5299479171875 0.732421875 0.5403645828125 0.7373046875 0.546875 0.740234375 0.5455729171875 0.7666015625 0.5416666671875 0.76953125 0.5377604171875 0.76953125 0.5247395828125 0.7353515625 0.5260416671875
0 0.2607421875 0.4583333328125 0.240234375 0.4752604171875 0.2421875 0.4856770828125 0.248046875 0.4908854171875 0.271484375 0.47265625 0.2734375 0.4596354171875 0.2705078125 0.4557291671875 0.2607421875 0.4583333328125
0 0.32421875 0.3502604171875 0.3291015625 0.3619791671875 0.337890625 0.3606770828125 0.341796875 0.35546875 0.3349609375 0.34375 0.3291015625 0.34375 0.32421875 0.3502604171875
0 0.2197265625 0.3203125 0.212890625 0.3268229171875 0.2138671875 0.3385416671875 0.2265625 0.33984375 0.23046875 0.3372395828125 0.23046875 0.3268229171875 0.2255859375 0.3203125 0.2197265625 0.3203125
0 0.291015625 0.2565104171875 0.291015625 0.2643229171875 0.298828125 0.2877604171875 0.30859375 0.2903645828125 0.310546875 0.2721354171875 0.3046875 0.25390625 0.2978515625 0.25 0.291015625 0.2565104171875
0 0.2958984375 0.5260416671875 0.3046875 0.5247395828125 0.302734375 0.5143229171875 0.2958984375 0.5104166671875 0.29296875 0.5221354171875 0.2958984375 0.5260416671875
0 0.2177734375 0.6432291671875 0.212890625 0.65234375 0.212890625 0.6627604171875 0.21875 0.6627604171875 0.2265625 0.66015625 0.2265625 0.6471354171875 0.2236328125 0.6432291671875 0.2177734375 0.6432291671875
0 0.2734375 0.6184895828125 0.2763671875 0.6223958328125 0.283203125 0.62109375 0.2890625 0.60546875 0.2783203125 0.5963541671875 0.2734375 0.60546875 0.2734375 0.6184895828125
0 0.236328125 0.5481770828125 0.2431640625 0.5598958328125 0.248046875 0.55859375 0.255859375 0.5481770828125 0.2509765625 0.5390625 0.2412109375 0.5364583328125 0.236328125 0.5481770828125
0 0.267578125 0.7591145828125 0.2705078125 0.7630208328125 0.283203125 0.76171875 0.2841796875 0.7447916671875 0.2705078125 0.7447916671875 0.267578125 0.7486979171875 0.267578125 0.7591145828125
0 0.384765625 0.64453125 0.3916015625 0.65625 0.3984375 0.6549479171875 0.40234375 0.64453125 0.3896484375 0.6302083328125 0.3857421875 0.6302083328125 0.384765625 0.64453125