0 0.2333984375 0.3151041671875 0.2265625 0.3268229171875 0.2353515625 0.3359375 0.240234375 0.3346354171875 0.24609375 0.3294270828125 0.24609375 0.3190104171875 0.2431640625 0.3151041671875 0.2333984375 0.3151041671875
0 0.1953125 0.4596354171875 0.193359375 0.47265625 0.1962890625 0.4765625 0.2197265625 0.4869791671875 0.228515625 0.4856770828125 0.23046875 0.4778645828125 0.2216796875 0.4661458328125 0.2001953125 0.4557291671875 0.1953125 0.4596354171875
0 0.255859375 0.5481770828125 0.255859375 0.5611979171875 0.2587890625 0.5651041671875 0.263671875 0.5638020828125 0.26953125 0.5533854171875 0.2626953125 0.5442708328125 0.2587890625 0.5442708328125 0.255859375 0.5481770828125
0 0.25 0.5325520828125 0.2529296875 0.5364583328125 0.26171875 0.53515625 0.263671875 0.51953125 0.2607421875 0.515625 0.2509765625 0.515625 0.25 0.5325520828125
0 0.2294921875 0.6380208328125 0.224609375 0.6575520828125 0.236328125 0.6575520828125 0.240234375 0.6549479171875 0.240234375 0.6419270828125 0.2373046875 0.6380208328125 0.2294921875 0.6380208328125
0 0.2578125 0.67578125 0.2578125 0.69140625 0.2607421875 0.6953125 0.267578125 0.6940104171875 0.271484375 0.69140625 0.271484375 0.67578125 0.2626953125 0.671875 0.2578125 0.67578125
0 0.384765625 0.57421875 0.384765625 0.5872395828125 0.3876953125 0.5911458328125 0.396484375 0.58984375 0.400390625 0.5846354171875 0.400390625 0.57421875 0.3876953125 0.5703125 0.384765625 0.57421875
0 0.349609375 0.5872395828125 0.3515625 0.6002604171875 0.359375 0.6002604171875 0.369140625 0.58984375 0.3642578125 0.578125 0.3583984375 0.578125 0.349609375 0.5872395828125
0 0.3466796875 0.6119791671875 0.33984375 0.62109375 0.33984375 0.6263020828125 0.3447265625 0.6302083328125 0.353515625 0.62890625 0.359375 0.6236979171875 0.359375 0.61328125 0.3564453125 0.609375 0.3466796875 0.6119791671875
0 0.3701171875 0.390625 0.375 0.3893229171875 0.375 0.3763020828125 0.3642578125 0.3697916671875 0.359375 0.3841145828125 0.3701171875 0.390625
0 0.3583984375 0.4088541671875 0.35546875 0.4127604171875 0.357421875 0.4231770828125 0.3642578125 0.4322916671875 0.37109375 0.4309895828125 0.373046875 0.4205729171875 0.369140625 0.41015625 0.3662109375 0.40625 0.3583984375 0.4088541671875
0 0.482421875 0.37109375 0.4853515625 0.375 0.494140625 0.3736979171875 0.49609375 0.3580729171875 0.4912109375 0.3541666671875 0.4833984375 0.3567708328125 0.482421875 0.37109375
0 0.451171875 0.3606770828125 0.4560546875 0.3723958328125 0.462890625 0.37109375 0.4765625 0.3502604171875 0.4736328125 0.3411458328125 0.4619140625 0.3463541671875 0.451171875 0.3606770828125
0 0.513671875 0.5690104171875 0.5166015625 0.578125 0.529296875 0.5768229171875 0.5390625 0.5690104171875 0.5390625 0.5611979171875 0.5341796875 0.5520833328125 0.513671875 0.5690104171875
0 0.474609375 0.49609375 0.4794921875 0.5052083328125 0.486328125 0.50390625 0.494140625 0.4752604171875 0.4873046875 0.4661458328125 0.482421875 0.4700520828125 0.474609375 0.49609375
0 0.4970703125 0.71875 0.490234375 0.7278645828125 0.4951171875 0.7421875 0.501953125 0.7408854171875 0.5107421875 0.734375 0.515625 0.7252604171875 0.5126953125 0.71875 0.4970703125 0.71875
0 0.4580078125 0.734375 0.447265625 0.7513020828125 0.4482421875 0.7578125 0.4560546875 0.765625 0.458984375 0.7643229171875 0.46875 0.7486979171875 0.470703125 0.73046875 0.4677734375 0.7265625 0.4580078125 0.734375
0 0.486328125 0.6705729171875 0.4873046875 0.6822916671875 0.49609375 0.6809895828125 0.498046875 0.6731770828125 0.4951171875 0.6692708328125 0.4912109375 0.6666666671875 0.486328125 0.6705729171875
0 0.41796875 0.64453125 0.4248046875 0.6510416671875 0.4296875 0.6497395828125 0.431640625 0.6236979171875 0.4267578125 0.6197916671875 0.419921875 0.6315104171875 0.41796875 0.64453125
0 0.412109375 0.68359375 0.4189453125 0.6953125 0.42578125 0.6966145828125 0.435546875 0.6705729171875 0.4345703125 0.6588541671875 0.4208984375 0.6666666671875 0.412109375 0.68359375
0 0.39453125 0.7825520828125 0.39453125 0.79296875 0.40234375 0.7955729171875 0.40625 0.7903645828125 0.40625 0.7799479171875 0.3994140625 0.7760416671875 0.39453125 0.7825520828125
0 0.416015625 0.7643229171875 0.4208984375 0.7760416671875 0.431640625 0.7747395828125 0.431640625 0.7643229171875 0.4287109375 0.7604166671875 0.4189453125 0.7604166671875 0.416015625 0.7643229171875
0 0.517578125 0.7721354171875 0.517578125 0.7799479171875 0.5224609375 0.7864583328125 0.52734375 0.78515625 0.533203125 0.7747395828125 0.5263671875 0.765625 0.5224609375 0.765625 0.517578125 0.7721354171875
0 0.642578125 0.4466145828125 0.6494140625 0.4557291671875 0.658203125 0.45703125 0.66015625 0.4466145828125 0.6572265625 0.4427083328125 0.642578125 0.44140625 0.642578125 0.4466145828125
0 0.615234375 0.4153645828125 0.6201171875 0.421875 0.62890625 0.4231770828125 0.6328125 0.41015625 0.6279296875 0.4036458328125 0.6201171875 0.4010416671875 0.615234375 0.4153645828125
0 0.5673828125 0.4140625 0.5791015625 0.421875 0.587890625 0.4205729171875 0.58984375 0.4127604171875 0.5830078125 0.4010416671875 0.568359375 0.3997395828125 0.5673828125 0.4140625
0 0.6611328125 0.296875 0.6572265625 0.296875 0.65234375 0.30859375 0.65625 0.3216145828125 0.662109375 0.3268229171875 0.6689453125 0.3229166671875 0.671875 0.31640625 0.669921875 0.30859375 0.6611328125 0.296875
0 0.5888671875 0.4791666671875 0.5791015625 0.484375 0.576171875 0.4908854171875 0.580078125 0.5013020828125 0.5859375 0.5013020828125 0.5966796875 0.4947916671875 0.603515625 0.4830729171875 0.6005859375 0.4791666671875 0.5888671875 0.4791666671875
0 0.54296875 0.42578125 0.5478515625 0.4375 0.568359375 0.4388020828125 0.5703125 0.42578125 0.5673828125 0.421875 0.5498046875 0.4192708328125 0.54296875 0.42578125
0 0.5732421875 0.3098958328125 0.5703125 0.3138020828125 0.5712890625 0.328125 0.591796875 0.3294270828125 0.599609375 0.3216145828125 0.5966796875 0.3151041671875 0.5830078125 0.3098958328125 0.5732421875 0.3098958328125
0 0.66015625 0.22526041718749998 0.6669921875 0.234375 0.671875 0.23307291718749998 0.677734375 0.21744791718749998 0.6728515625 0.2109375 0.6669921875 0.2109375 0.66015625 0.22526041718749998
0 0.7705078125 0.3229166671875 0.7568359375 0.3229166671875 0.75390625 0.3268229171875 0.7587890625 0.3411458328125 0.7890625 0.3450520828125 0.79296875 0.3424479171875 0.79296875 0.33203125 0.7900390625 0.328125 0.7705078125 0.3229166671875
0 0.548828125 0.64453125 0.546875 0.6575520828125 0.5498046875 0.6614583328125 0.56640625 0.66015625 0.56640625 0.6549479171875 0.5576171875 0.6432291671875 0.5517578125 0.640625 0.548828125 0.64453125
0 0.5927734375 0.6041666671875 0.59765625 0.6028645828125 0.5986328125 0.5885416671875 0.5859375 0.58984375 0.5869140625 0.5989583328125 0.5927734375 0.6041666671875
0 0.638671875 0.5794270828125 0.6416015625 0.5833333328125 0.650390625 0.58203125 0.65234375 0.5533854171875 0.6435546875 0.5442708328125 0.638671875 0.55859375 0.638671875 0.5794270828125
0 0.6162109375 0.7395833328125 0.603515625 0.7565104171875 0.603515625 0.7643229171875 0.6083984375 0.7708333328125 0.615234375 0.76953125 0.626953125 0.7513020828125 0.626953125 0.7408854171875 0.6240234375 0.7369791671875 0.6162109375 0.7395833328125
0 0.642578125 0.79296875 0.6552734375 0.8151041671874999 0.669921875 0.81640625 0.66796875 0.8033854171874999 0.6552734375 0.7838541671875 0.6494140625 0.7838541671875 0.642578125 0.79296875
0 0.736328125 0.5091145828125 0.73828125 0.5247395828125 0.748046875 0.5247395828125 0.7578125 0.51953125 0.7548828125 0.5026041671875 0.7392578125 0.5052083328125 0.736328125 0.5091145828125
0 0.6884765625 0.6432291671875 0.685546875 0.6549479171875 0.69140625 0.6705729171875 0.703125 0.6783854171875 0.705078125 0.6627604171875 0.69921875 0.6471354171875 0.6962890625 0.6432291671875 0.6884765625 0.6432291671875
0 0.259765625 0.3138020828125 0.2646484375 0.3229166671875 0.271484375 0.32421875 0.279296875 0.3138020828125 0.2744140625 0.3072916671875 0.2666015625 0.3046875 0.259765625 0.3138020828125