0 0.251953125 0.34765625 0.2548828125 0.3567708328125 0.265625 0.3580729171875 0.26953125 0.3528645828125 0.2666015625 0.3411458328125 0.2568359375 0.3411458328125 0.251953125 0.34765625
0 0.3544921875 0.2526041671875 0.3515625 0.2565104171875 0.353515625 0.2721354171875 0.3642578125 0.2916666671875 0.369140625 0.2903645828125 0.375 0.2825520828125 0.375 0.27734375 0.3583984375 0.2526041671875 0.3544921875 0.2526041671875
0 0.220703125 0.3294270828125 0.2236328125 0.3411458328125 0.236328125 0.3424479171875 0.240234375 0.3346354171875 0.2373046875 0.3229166671875 0.2275390625 0.3229166671875 0.220703125 0.3294270828125
0 0.3037109375 0.24739583281250002 0.298828125 0.2513020828125 0.298828125 0.2643229171875 0.3046875 0.2825520828125 0.3095703125 0.2890625 0.314453125 0.2877604171875 0.318359375 0.2825520828125 0.31640625 0.2669270828125 0.310546875 0.2513020828125 0.3037109375 0.24739583281250002
0 0.2109375 0.24869791718749998 0.208984375 0.2565104171875 0.220703125 0.2669270828125 0.24609375 0.24348958281250002 0.24609375 0.23828125 0.2392578125 0.22916666718749998 0.2109375 0.24869791718749998
0 0.2646484375 0.4895833328125 0.2734375 0.48828125 0.27734375 0.48046875 0.2724609375 0.4713541671875 0.26171875 0.4778645828125 0.2646484375 0.4895833328125
0 0.1865234375 0.4609375 0.18359375 0.46484375 0.1953125 0.4908854171875 0.2060546875 0.5 0.2109375 0.4986979171875 0.212890625 0.4908854171875 0.201171875 0.4622395828125 0.1962890625 0.4557291671875 0.1865234375 0.4609375
0 0.294921875 0.3971354171875 0.294921875 0.4049479171875 0.2978515625 0.4088541671875 0.306640625 0.4075520828125 0.3125 0.4049479171875 0.310546875 0.3893229171875 0.2998046875 0.3880208328125 0.294921875 0.3971354171875
0 0.19921875 0.6236979171875 0.19921875 0.63671875 0.2021484375 0.640625 0.20703125 0.6393229171875 0.212890625 0.6341145828125 0.21484375 0.6236979171875 0.2021484375 0.6197916671875 0.19921875 0.6236979171875
0 0.23046875 0.57421875 0.236328125 0.5872395828125 0.2451171875 0.5989583328125 0.251953125 0.6002604171875 0.251953125 0.5768229171875 0.2431640625 0.5625 0.2353515625 0.5651041671875 0.23046875 0.57421875
0 0.283203125 0.7018229171875 0.287109375 0.7018229171875 0.294921875 0.6966145828125 0.2919921875 0.6822916671875 0.279296875 0.69140625 0.283203125 0.7018229171875
0 0.2763671875 0.7421875 0.275390625 0.7565104171875 0.2783203125 0.7604166671875 0.28515625 0.7591145828125 0.291015625 0.7565104171875 0.291015625 0.74609375 0.2880859375 0.7421875 0.2763671875 0.7421875
0 0.216796875 0.7044270828125 0.216796875 0.72265625 0.2265625 0.72265625 0.23046875 0.7200520828125 0.228515625 0.7044270828125 0.2197265625 0.7005208328125 0.216796875 0.7044270828125
0 0.3369140625 0.7708333328125 0.333984375 0.7747395828125 0.333984375 0.7877604171875 0.3388671875 0.7942708328125 0.341796875 0.79296875 0.349609375 0.78515625 0.349609375 0.7799479171875 0.3427734375 0.7708333328125 0.3369140625 0.7708333328125
0 0.41015625 0.48828125 0.41796875 0.48828125 0.423828125 0.4830729171875 0.4169921875 0.4765625 0.4111328125 0.4765625 0.41015625 0.48828125
0 0.34765625 0.4674479171875 0.3564453125 0.4583333328125 0.3603515625 0.4661458328125 0.365234375 0.4596354171875 0.36328125 0.4544270828125 0.3525390625 0.4505208328125 0.341796875 0.4700520828125 0.34375 0.4778645828125 0.3486328125 0.4713541671875 0.3544921875 0.4739583328125 0.3564453125 0.4661458328125 0.34765625 0.4674479171875
0 0.32421875 0.59765625 0.3369140625 0.6197916671875 0.349609375 0.62109375 0.34765625 0.6080729171875 0.3369140625 0.5885416671875 0.3310546875 0.5885416671875 0.32421875 0.59765625
0 0.4287109375 0.5130208328125 0.419921875 0.5221354171875 0.4228515625 0.53125 0.43359375 0.5325520828125 0.44140625 0.5299479171875 0.44140625 0.5169270828125 0.4384765625 0.5130208328125 0.4287109375 0.5130208328125
0 0.4345703125 0.65625 0.435546875 0.66796875 0.4404296875 0.6744791671875 0.443359375 0.6731770828125 0.44921875 0.6653645828125 0.44921875 0.6575520828125 0.4443359375 0.6536458328125 0.4345703125 0.65625
0 0.501953125 0.6705729171875 0.501953125 0.6940104171875 0.5048828125 0.6979166671875 0.515625 0.6966145828125 0.515625 0.6731770828125 0.513671875 0.6627604171875 0.5087890625 0.6588541671875 0.501953125 0.6705729171875
0 0.4365234375 0.7083333328125 0.4306640625 0.7083333328125 0.427734375 0.7122395828125 0.4296875 0.7434895828125 0.4326171875 0.7473958328125 0.439453125 0.74609375 0.4453125 0.7434895828125 0.4453125 0.7278645828125 0.44140625 0.71484375 0.4365234375 0.7083333328125
0 0.6953125 0.7591145828125 0.7021484375 0.765625 0.708984375 0.7643229171875 0.712890625 0.7486979171875 0.7021484375 0.7421875 0.6982421875 0.7447916671875 0.6953125 0.7591145828125
0 0.55078125 0.7252604171875 0.552734375 0.7356770828125 0.560546875 0.7356770828125 0.564453125 0.7278645828125 0.5625 0.7200520828125 0.5537109375 0.71875 0.55078125 0.7252604171875
0 0.6337890625 0.6927083328125 0.630859375 0.6966145828125 0.6328125 0.7122395828125 0.6376953125 0.7213541671875 0.642578125 0.7200520828125 0.6484375 0.71484375 0.6484375 0.7096354171875 0.6396484375 0.6953125 0.6337890625 0.6927083328125
0 0.537109375 0.6158854171875 0.5439453125 0.625 0.5546875 0.62890625 0.556640625 0.6236979171875 0.5478515625 0.5989583328125 0.53515625 0.60546875 0.537109375 0.6158854171875
0 0.5234375 0.5533854171875 0.5283203125 0.5598958328125 0.533203125 0.55859375 0.53515625 0.5455729171875 0.5302734375 0.5416666671875 0.5244140625 0.5442708328125 0.5234375 0.5533854171875
0 0.484375 0.4518229171875 0.4873046875 0.4583333328125 0.49609375 0.4596354171875 0.5 0.44921875 0.5 0.4388020828125 0.4970703125 0.4348958328125 0.484375 0.4518229171875
0 0.521484375 0.4596354171875 0.521484375 0.46484375 0.5283203125 0.4765625 0.53515625 0.4752604171875 0.53515625 0.45703125 0.5322265625 0.4505208328125 0.5283203125 0.4505208328125 0.521484375 0.4596354171875
0 0.466796875 0.20963541718749998 0.466796875 0.21744791718749998 0.4736328125 0.22395833281250002 0.478515625 0.22265625 0.482421875 0.21484375 0.482421875 0.20442708281250002 0.4716796875 0.20052083281250002 0.466796875 0.20963541718749998
0 0.462890625 0.2825520828125 0.46484375 0.3111979171875 0.4677734375 0.3151041671875 0.474609375 0.3138020828125 0.478515625 0.3033854171875 0.4765625 0.2799479171875 0.4658203125 0.2786458328125 0.462890625 0.2825520828125
0 0.572265625 0.3138020828125 0.5791015625 0.3229166671875 0.583984375 0.3216145828125 0.587890625 0.3138020828125 0.5830078125 0.3046875 0.5791015625 0.3046875 0.572265625 0.3138020828125
0 0.6435546875 0.3567708328125 0.642578125 0.3684895828125 0.6513671875 0.3802083328125 0.66015625 0.3815104171875 0.6640625 0.3763020828125 0.6640625 0.3684895828125 0.6513671875 0.3567708328125 0.6435546875 0.3567708328125
0 0.662109375 0.3138020828125 0.6630859375 0.3229166671875 0.6796875 0.3268229171875 0.68359375 0.3216145828125 0.6826171875 0.3072916671875 0.6669921875 0.3072916671875 0.662109375 0.3138020828125
0 0.6279296875 0.2994791671875 0.650390625 0.30078125 0.6513671875 0.2838541671875 0.6337890625 0.28125 0.625 0.2903645828125 0.6279296875 0.2994791671875
0 0.6640625 0.4049479171875 0.6669921875 0.4140625 0.671875 0.4127604171875 0.68359375 0.40234375 0.6767578125 0.3880208328125 0.6728515625 0.3880208328125 0.6640625 0.4049479171875
0 0.7373046875 0.4192708328125 0.720703125 0.4440104171875 0.7275390625 0.453125 0.73046875 0.4518229171875 0.7421875 0.4361979171875 0.744140625 0.4231770828125 0.7412109375 0.4192708328125 0.7373046875 0.4192708328125
0 0.6103515625 0.5286458328125 0.623046875 0.52734375 0.63671875 0.5169270828125 0.6357421875 0.5078125 0.609375 0.5143229171875 0.6103515625 0.5286458328125
0 0.7138671875 0.6223958328125 0.720703125 0.62109375 0.724609375 0.6080729171875 0.7158203125 0.6015625 0.708984375 0.6158854171875 0.7138671875 0.6223958328125
0 0.6484375 0.64453125 0.6513671875 0.6614583328125 0.662109375 0.66015625 0.66796875 0.6575520828125 0.66796875 0.6497395828125 0.6630859375 0.640625 0.6484375 0.64453125
0 0.658203125 0.5690104171875 0.658203125 0.5794270828125 0.6630859375 0.5859375 0.681640625 0.5924479171875 0.685546875 0.58203125 0.6826171875 0.5729166671875 0.6689453125 0.5677083328125 0.658203125 0.5690104171875