0 0.2080078125 0.40625 0.205078125 0.41015625 0.20703125 0.4231770828125 0.2099609375 0.4270833328125 0.21875 0.42578125 0.22265625 0.4205729171875 0.22265625 0.41015625 0.2197265625 0.40625 0.2080078125 0.40625
0 0.421875 0.2981770828125 0.423828125 0.31640625 0.4296875 0.31640625 0.439453125 0.29296875 0.4345703125 0.2864583328125 0.4267578125 0.2864583328125 0.421875 0.2981770828125
0 0.2919921875 0.2994791671875 0.2890625 0.3111979171875 0.2939453125 0.3177083328125 0.30078125 0.31640625 0.3046875 0.30859375 0.302734375 0.3033854171875 0.2998046875 0.2994791671875 0.2919921875 0.2994791671875
0 0.31640625 0.24609375 0.3173828125 0.2630208328125 0.33984375 0.2643229171875 0.34375 0.2591145828125 0.3427734375 0.25 0.3349609375 0.24479166718749998 0.31640625 0.24609375
0 0.4033203125 0.2265625 0.42578125 0.23046875 0.4267578125 0.2109375 0.4091796875 0.20833333281250002 0.3984375 0.21484375 0.4033203125 0.2265625
0 0.349609375 0.4153645828125 0.3515625 0.4283854171875 0.361328125 0.4283854171875 0.365234375 0.4231770828125 0.361328125 0.4127604171875 0.3525390625 0.4114583328125 0.349609375 0.4153645828125
0 0.2294921875 0.59375 0.2265625 0.6158854171875 0.232421875 0.6315104171875 0.236328125 0.6341145828125 0.2431640625 0.6302083328125 0.24609375 0.62109375 0.23828125 0.6002604171875 0.2294921875 0.59375
0 0.388671875 0.76953125 0.404296875 0.7747395828125 0.41015625 0.7591145828125 0.4033203125 0.7526041671875 0.3935546875 0.7526041671875 0.388671875 0.76953125
0 0.4443359375 0.7708333328125 0.435546875 0.7825520828125 0.4365234375 0.7890625 0.455078125 0.7877604171875 0.462890625 0.7825520828125 0.462890625 0.7747395828125 0.4580078125 0.7682291671875 0.4443359375 0.7708333328125
0 0.279296875 0.7434895828125 0.2939453125 0.7578125 0.302734375 0.7565104171875 0.30859375 0.7513020828125 0.2978515625 0.7369791671875 0.2861328125 0.7291666671875 0.279296875 0.7434895828125
0 0.349609375 0.6263020828125 0.349609375 0.6315104171875 0.3603515625 0.6536458328125 0.369140625 0.65234375 0.369140625 0.6341145828125 0.365234375 0.6236979171875 0.3583984375 0.6171875 0.349609375 0.6263020828125
0 0.341796875 0.5221354171875 0.341796875 0.5299479171875 0.3466796875 0.5364583328125 0.361328125 0.53515625 0.361328125 0.5247395828125 0.3583984375 0.5208333328125 0.3466796875 0.5182291671875 0.341796875 0.5221354171875
0 0.4228515625 0.6744791671875 0.4296875 0.6731770828125 0.431640625 0.66015625 0.4228515625 0.65625 0.419921875 0.6705729171875 0.4228515625 0.6744791671875
0 0.5625 0.2721354171875 0.5673828125 0.28125 0.576171875 0.2825520828125 0.580078125 0.26953125 0.5732421875 0.2604166671875 0.5693359375 0.2604166671875 0.5625 0.2721354171875
0 0.5205078125 0.40625 0.53515625 0.4075520828125 0.5341796875 0.3932291671875 0.5244140625 0.3932291671875 0.517578125 0.3997395828125 0.5205078125 0.40625
0 0.52734375 0.3138020828125 0.52734375 0.3346354171875 0.5390625 0.3346354171875 0.541015625 0.3216145828125 0.5341796875 0.3098958328125 0.5302734375 0.3098958328125 0.52734375 0.3138020828125
0 0.498046875 0.2565104171875 0.4990234375 0.265625 0.5126953125 0.2760416671875 0.51953125 0.2747395828125 0.51953125 0.2643229171875 0.5107421875 0.2526041671875 0.5029296875 0.25 0.498046875 0.2565104171875
0 0.6220703125 0.23177083281250002 0.619140625 0.24088541718749998 0.623046875 0.25390625 0.634765625 0.2643229171875 0.638671875 0.2565104171875 0.634765625 0.23307291718749998 0.6318359375 0.22916666718749998 0.6220703125 0.23177083281250002
0 0.5625 0.56640625 0.5654296875 0.5729166671875 0.57421875 0.5716145828125 0.578125 0.56640625 0.5732421875 0.5572916671875 0.564453125 0.5611979171875 0.5625 0.56640625
0 0.615234375 0.66015625 0.61328125 0.66796875 0.6162109375 0.6744791671875 0.6337890625 0.6822916671875 0.640625 0.6809895828125 0.642578125 0.6731770828125 0.6337890625 0.6614583328125 0.6220703125 0.65625 0.615234375 0.66015625
0 0.6416015625 0.5572916671875 0.615234375 0.57421875 0.6181640625 0.5859375 0.626953125 0.5846354171875 0.6474609375 0.5755208328125 0.65234375 0.5690104171875 0.650390625 0.5638020828125 0.6416015625 0.5572916671875
0 0.517578125 0.55078125 0.5185546875 0.5572916671875 0.529296875 0.5611979171875 0.53515625 0.5481770828125 0.5341796875 0.5338541671875 0.5263671875 0.5338541671875 0.517578125 0.55078125
0 0.62890625 0.49609375 0.62890625 0.5091145828125 0.6318359375 0.5130208328125 0.6484375 0.51171875 0.650390625 0.5013020828125 0.6474609375 0.4973958328125 0.6376953125 0.4921875 0.62890625 0.49609375
0 0.5322265625 0.4479166671875 0.5224609375 0.4479166671875 0.51953125 0.4518229171875 0.51953125 0.4856770828125 0.5244140625 0.4947916671875 0.52734375 0.4934895828125 0.533203125 0.48828125 0.53515625 0.48046875 0.53515625 0.45703125 0.5322265625 0.4479166671875
0 0.572265625 0.8033854171874999 0.5810546875 0.8098958328125001 0.5859375 0.80859375 0.587890625 0.7903645828125 0.5751953125 0.7890625 0.572265625 0.79296875 0.572265625 0.8033854171874999
0 0.646484375 0.7747395828125 0.6494140625 0.7786458328125 0.658203125 0.77734375 0.66015625 0.7643229171875 0.6572265625 0.7604166671875 0.6494140625 0.7604166671875 0.646484375 0.7747395828125
0 0.640625 0.71484375 0.64453125 0.73046875 0.6474609375 0.734375 0.654296875 0.7330729171875 0.658203125 0.7278645828125 0.65625 0.7174479171875 0.6435546875 0.7057291671875 0.640625 0.71484375
0 0.6767578125 0.7369791671875 0.671875 0.7408854171875 0.671875 0.7513020828125 0.6748046875 0.7552083328125 0.69140625 0.75390625 0.701171875 0.7513020828125 0.701171875 0.73828125 0.6982421875 0.734375 0.6767578125 0.7369791671875
0 0.6943359375 0.671875 0.705078125 0.6705729171875 0.720703125 0.6549479171875 0.7119140625 0.6432291671875 0.69140625 0.6653645828125 0.6943359375 0.671875
0 0.666015625 0.4466145828125 0.666015625 0.45703125 0.671875 0.4596354171875 0.6796875 0.4544270828125 0.6796875 0.4440104171875 0.6767578125 0.4401041671875 0.666015625 0.4466145828125
0 0.615234375 0.4205729171875 0.615234375 0.4309895828125 0.6181640625 0.4348958328125 0.626953125 0.43359375 0.6328125 0.42578125 0.630859375 0.41796875 0.6181640625 0.4166666671875 0.615234375 0.4205729171875
0 0.677734375 0.2799479171875 0.677734375 0.2877604171875 0.6923828125 0.3098958328125 0.6953125 0.30859375 0.703125 0.2955729171875 0.6865234375 0.2734375 0.6826171875 0.2734375 0.677734375 0.2799479171875
0 0.80859375 0.2877604171875 0.80859375 0.29296875 0.8173828125 0.3072916671875 0.8203125 0.3059895828125 0.828125 0.2955729171875 0.8193359375 0.28125 0.8154296875 0.28125 0.80859375 0.2877604171875
0 0.771484375 0.3111979171875 0.763671875 0.3372395828125 0.7666015625 0.34375 0.771484375 0.3424479171875 0.783203125 0.33203125 0.7890625 0.31640625 0.7783203125 0.3046875 0.771484375 0.3111979171875
0 0.76171875 0.22265625 0.76171875 0.23307291718749998 0.771484375 0.23567708281250002 0.77734375 0.22786458281250002 0.77734375 0.21744791718749998 0.7724609375 0.21354166718749998 0.76171875 0.22265625
0 0.798828125 0.48046875 0.8076171875 0.4921875 0.81640625 0.4908854171875 0.81640625 0.4778645828125 0.8115234375 0.4713541671875 0.8037109375 0.4739583328125 0.798828125 0.48046875
0 0.763671875 0.58984375 0.76171875 0.6002604171875 0.7685546875 0.6067708328125 0.775390625 0.60546875 0.77734375 0.58984375 0.7744140625 0.5833333328125 0.7685546875 0.5833333328125 0.763671875 0.58984375
0 0.765625 0.49609375 0.7685546875 0.5 0.78125 0.4986979171875 0.783203125 0.4856770828125 0.7802734375 0.4817708328125 0.765625 0.4830729171875 0.765625 0.49609375
0 0.7958984375 0.71875 0.79296875 0.7252604171875 0.8017578125 0.7369791671875 0.80859375 0.73828125 0.814453125 0.73046875 0.814453125 0.7252604171875 0.8056640625 0.7161458328125 0.7958984375 0.71875
0 0.8046875 0.6419270828125 0.8046875 0.6471354171875 0.8095703125 0.6536458328125 0.81640625 0.65234375 0.822265625 0.6419270828125 0.8173828125 0.6328125 0.8115234375 0.6328125 0.8046875 0.6419270828125