0 0.220703125 0.31640625 0.2255859375 0.328125 0.234375 0.3268229171875 0.23828125 0.3216145828125 0.2353515625 0.3098958328125 0.2255859375 0.3098958328125 0.220703125 0.31640625
0 0.2880859375 0.4609375 0.296875 0.4622395828125 0.298828125 0.4518229171875 0.2958984375 0.4479166671875 0.28515625 0.44921875 0.2880859375 0.4609375
0 0.306640625 0.35546875 0.306640625 0.36328125 0.3134765625 0.3723958328125 0.31640625 0.37109375 0.3203125 0.3658854171875 0.3203125 0.3528645828125 0.3115234375 0.3489583328125 0.306640625 0.35546875
0 0.396484375 0.2825520828125 0.4013671875 0.2890625 0.416015625 0.2877604171875 0.41796875 0.2799479171875 0.4150390625 0.2708333328125 0.4072265625 0.2708333328125 0.396484375 0.2825520828125
0 0.455078125 0.28515625 0.455078125 0.29296875 0.4580078125 0.296875 0.462890625 0.2955729171875 0.474609375 0.2721354171875 0.474609375 0.2669270828125 0.4658203125 0.2604166671875 0.455078125 0.28515625
0 0.345703125 0.30859375 0.3603515625 0.3229166671875 0.376953125 0.3216145828125 0.376953125 0.3059895828125 0.3740234375 0.3020833328125 0.3486328125 0.3020833328125 0.345703125 0.30859375
0 0.3017578125 0.2421875 0.298828125 0.2513020828125 0.306640625 0.27734375 0.314453125 0.2799479171875 0.3203125 0.2721354171875 0.3125 0.24348958281250002 0.3076171875 0.23958333281250002 0.3017578125 0.2421875
0 0.2314453125 0.375 0.216796875 0.3841145828125 0.2197265625 0.4010416671875 0.23046875 0.3997395828125 0.2490234375 0.390625 0.25390625 0.3815104171875 0.2490234375 0.375 0.2314453125 0.375
0 0.5 0.3190104171875 0.513671875 0.3294270828125 0.515625 0.3138020828125 0.5107421875 0.3046875 0.5048828125 0.3046875 0.5 0.3190104171875
0 0.4404296875 0.5182291671875 0.4248046875 0.5182291671875 0.41796875 0.52734375 0.4326171875 0.5390625 0.453125 0.5403645828125 0.44921875 0.5299479171875 0.4501953125 0.5208333328125 0.4482421875 0.5234375 0.4404296875 0.5182291671875
0 0.4375 0.4205729171875 0.4375 0.4309895828125 0.4404296875 0.4348958328125 0.455078125 0.43359375 0.45703125 0.4205729171875 0.4541015625 0.4166666671875 0.4423828125 0.4166666671875 0.4375 0.4205729171875
0 0.51171875 0.55078125 0.515625 0.55859375 0.5234375 0.55859375 0.525390625 0.5455729171875 0.5224609375 0.5416666671875 0.5146484375 0.5442708328125 0.51171875 0.55078125
0 0.5146484375 0.46875 0.521484375 0.4674479171875 0.521484375 0.45703125 0.5126953125 0.453125 0.509765625 0.4622395828125 0.5146484375 0.46875
0 0.5849609375 0.4791666671875 0.595703125 0.48046875 0.591796875 0.4674479171875 0.5791015625 0.4505208328125 0.5703125 0.4596354171875 0.5849609375 0.4791666671875
0 0.5625 0.37109375 0.5693359375 0.3854166671875 0.57421875 0.3841145828125 0.576171875 0.36328125 0.5693359375 0.359375 0.5625 0.3658854171875 0.5625 0.37109375
0 0.4150390625 0.7682291671875 0.423828125 0.7669270828125 0.42578125 0.7565104171875 0.4228515625 0.7526041671875 0.41015625 0.75390625 0.4150390625 0.7682291671875
0 0.5224609375 0.703125 0.51953125 0.71484375 0.5234375 0.73046875 0.5302734375 0.7395833328125 0.5390625 0.7408854171875 0.5390625 0.7278645828125 0.533203125 0.7044270828125 0.5302734375 0.7005208328125 0.5224609375 0.703125
0 0.6376953125 0.6536458328125 0.62890625 0.6653645828125 0.6318359375 0.671875 0.63671875 0.6705729171875 0.642578125 0.6627604171875 0.6416015625 0.6588541671875 0.638671875 0.66015625 0.6376953125 0.6536458328125
0 0.7109375 0.68359375 0.7177734375 0.6927083328125 0.72265625 0.69140625 0.7265625 0.6809895828125 0.7197265625 0.6692708328125 0.7109375 0.67578125 0.7109375 0.68359375
0 0.763671875 0.6861979171875 0.7685546875 0.6979166671875 0.7734375 0.6966145828125 0.7861328125 0.6927083328125 0.791015625 0.6783854171875 0.7802734375 0.6770833328125 0.763671875 0.6861979171875
0 0.630859375 0.5611979171875 0.630859375 0.5716145828125 0.6337890625 0.5755208328125 0.650390625 0.57421875 0.658203125 0.5690104171875 0.6572265625 0.5598958328125 0.6337890625 0.5572916671875 0.630859375 0.5611979171875
0 0.3369140625 0.7630208328125 0.33203125 0.7669270828125 0.33203125 0.77734375 0.3369140625 0.7864583328125 0.341796875 0.78515625 0.349609375 0.77734375 0.349609375 0.7721354171875 0.3447265625 0.7630208328125 0.3369140625 0.7630208328125
0 0.44921875 0.67578125 0.44921875 0.6809895828125 0.455078125 0.6966145828125 0.4599609375 0.703125 0.462890625 0.7018229171875 0.466796875 0.6809895828125 0.4619140625 0.6692708328125 0.4560546875 0.6692708328125 0.44921875 0.67578125
0 0.3916015625 0.6223958328125 0.388671875 0.6263020828125 0.392578125 0.6419270828125 0.3994140625 0.6484375 0.40234375 0.6471354171875 0.408203125 0.6393229171875 0.408203125 0.6341145828125 0.4013671875 0.625 0.3916015625 0.6223958328125
0 0.46875 0.62109375 0.4755859375 0.6328125 0.48046875 0.6315104171875 0.490234375 0.6080729171875 0.4873046875 0.5963541671875 0.4814453125 0.5963541671875 0.46875 0.62109375
0 0.55078125 0.7747395828125 0.5517578125 0.7942708328125 0.5703125 0.79296875 0.5791015625 0.7890625 0.580078125 0.7825520828125 0.5693359375 0.7734375 0.55078125 0.7747395828125
0 0.21875 0.6393229171875 0.21875 0.65234375 0.224609375 0.65234375 0.234375 0.6471354171875 0.2314453125 0.6302083328125 0.2236328125 0.6302083328125 0.21875 0.6393229171875
0 0.251953125 0.5924479171875 0.2568359375 0.6067708328125 0.263671875 0.60546875 0.2734375 0.5924479171875 0.2685546875 0.5833333328125 0.2626953125 0.5833333328125 0.251953125 0.5924479171875
0 0.2578125 0.7643229171875 0.2607421875 0.7682291671875 0.267578125 0.7669270828125 0.2734375 0.75390625 0.2646484375 0.7447916671875 0.2578125 0.7565104171875 0.2578125 0.7643229171875
0 0.2509765625 0.5234375 0.2421875 0.53515625 0.2490234375 0.546875 0.25390625 0.5481770828125 0.26171875 0.5403645828125 0.26171875 0.5325520828125 0.2548828125 0.5234375 0.2509765625 0.5234375
0 0.296875 0.51171875 0.296875 0.5247395828125 0.2998046875 0.5286458328125 0.3125 0.5299479171875 0.314453125 0.5143229171875 0.3095703125 0.5078125 0.2998046875 0.5078125 0.296875 0.51171875
0 0.328125 0.6705729171875 0.3310546875 0.6822916671875 0.341796875 0.6809895828125 0.34375 0.66796875 0.3408203125 0.6640625 0.3330078125 0.6640625 0.328125 0.6705729171875
0 0.3740234375 0.4869791671875 0.369140625 0.4986979171875 0.3779296875 0.515625 0.3828125 0.5143229171875 0.388671875 0.5091145828125 0.388671875 0.4986979171875 0.3818359375 0.4895833328125 0.3740234375 0.4869791671875
0 0.7021484375 0.3854166671875 0.6953125 0.39453125 0.697265625 0.40234375 0.703125 0.4075520828125 0.7109375 0.40234375 0.7109375 0.39453125 0.7060546875 0.3854166671875 0.7021484375 0.3854166671875
0 0.6962890625 0.2552083328125 0.68359375 0.2669270828125 0.6865234375 0.2786458328125 0.69921875 0.27734375 0.705078125 0.2721354171875 0.705078125 0.2591145828125 0.7021484375 0.2552083328125 0.6962890625 0.2552083328125
0 0.65625 0.4231770828125 0.6572265625 0.4322916671875 0.66796875 0.4361979171875 0.673828125 0.4283854171875 0.6728515625 0.3984375 0.662109375 0.4075520828125 0.65625 0.4231770828125
0 0.6162109375 0.3411458328125 0.607421875 0.3606770828125 0.607421875 0.37109375 0.6142578125 0.3776041671875 0.6171875 0.3763020828125 0.62109375 0.3736979171875 0.625 0.3606770828125 0.6220703125 0.3411458328125 0.6162109375 0.3411458328125
0 0.6376953125 0.34375 0.634765625 0.34765625 0.6357421875 0.3645833328125 0.65625 0.3658854171875 0.66015625 0.36328125 0.66015625 0.3580729171875 0.6533203125 0.3463541671875 0.6376953125 0.34375
0 0.70703125 0.3372395828125 0.7275390625 0.3697916671875 0.736328125 0.3684895828125 0.7421875 0.36328125 0.7421875 0.3580729171875 0.7197265625 0.328125 0.70703125 0.3372395828125
0 0.7314453125 0.4635416671875 0.728515625 0.4674479171875 0.728515625 0.4830729171875 0.73828125 0.4830729171875 0.7451171875 0.4817708328125 0.748046875 0.4752604171875 0.7451171875 0.4609375 0.7314453125 0.4635416671875