0 0.55078125 0.22526041718749998 0.5537109375 0.22916666718749998 0.560546875 0.22786458281250002 0.564453125 0.21744791718749998 0.5595703125 0.2109375 0.5517578125 0.21354166718749998 0.55078125 0.22526041718749998
0 0.60546875 0.25390625 0.6123046875 0.2630208328125 0.615234375 0.26171875 0.62109375 0.2513020828125 0.6162109375 0.2421875 0.6123046875 0.2421875 0.60546875 0.25390625
0 0.6455078125 0.3203125 0.634765625 0.3294270828125 0.63671875 0.33984375 0.6396484375 0.34375 0.64453125 0.3424479171875 0.6494140625 0.3411458328125 0.654296875 0.33203125 0.6513671875 0.3203125 0.6455078125 0.3203125
0 0.5810546875 0.3098958328125 0.572265625 0.32421875 0.572265625 0.3294270828125 0.58203125 0.33984375 0.591796875 0.32421875 0.591796875 0.3190104171875 0.5849609375 0.3098958328125 0.5810546875 0.3098958328125
0 0.494140625 0.2669270828125 0.498046875 0.2799479171875 0.501953125 0.2799479171875 0.5078125 0.2643229171875 0.509765625 0.24348958281250002 0.4951171875 0.23958333281250002 0.494140625 0.2669270828125
0 0.505859375 0.3372395828125 0.509765625 0.3450520828125 0.5224609375 0.3619791671875 0.525390625 0.3606770828125 0.533203125 0.34765625 0.529296875 0.33984375 0.5087890625 0.328125 0.505859375 0.3372395828125
0 0.369140625 0.24869791718749998 0.3798828125 0.265625 0.390625 0.26953125 0.390625 0.2513020828125 0.3779296875 0.234375 0.369140625 0.24348958281250002 0.369140625 0.24869791718749998
0 0.40625 0.3658854171875 0.4111328125 0.375 0.41796875 0.3736979171875 0.421875 0.3684895828125 0.419921875 0.3580729171875 0.4130859375 0.3567708328125 0.40625 0.3658854171875
0 0.244140625 0.3346354171875 0.2470703125 0.3463541671875 0.265625 0.34765625 0.271484375 0.3450520828125 0.2705078125 0.328125 0.2607421875 0.3255208328125 0.244140625 0.3346354171875
0 0.353515625 0.4830729171875 0.3603515625 0.4947916671875 0.365234375 0.4934895828125 0.373046875 0.4856770828125 0.3720703125 0.4739583328125 0.3603515625 0.4765625 0.353515625 0.4830729171875
0 0.427734375 0.4934895828125 0.4306640625 0.4973958328125 0.4375 0.49609375 0.44140625 0.4752604171875 0.4345703125 0.4609375 0.4296875 0.4674479171875 0.427734375 0.4934895828125
0 0.291015625 0.4752604171875 0.298828125 0.4934895828125 0.3056640625 0.5026041671875 0.310546875 0.5013020828125 0.3125 0.4830729171875 0.30859375 0.47265625 0.2998046875 0.4661458328125 0.291015625 0.4752604171875
0 0.34375 0.3997395828125 0.35546875 0.4283854171875 0.3583984375 0.4322916671875 0.365234375 0.4309895828125 0.37109375 0.4231770828125 0.357421875 0.38671875 0.3447265625 0.3880208328125 0.34375 0.3997395828125
0 0.220703125 0.5690104171875 0.21875 0.5768229171875 0.2216796875 0.5807291671875 0.228515625 0.5794270828125 0.23828125 0.5690104171875 0.2373046875 0.5651041671875 0.2255859375 0.5625 0.220703125 0.5690104171875
0 0.314453125 0.6341145828125 0.3173828125 0.6458333328125 0.326171875 0.64453125 0.3359375 0.62109375 0.3330078125 0.609375 0.3291015625 0.609375 0.314453125 0.6341145828125
0 0.3291015625 0.5651041671875 0.314453125 0.5716145828125 0.3173828125 0.5859375 0.33203125 0.5846354171875 0.341796875 0.5794270828125 0.34375 0.5716145828125 0.3408203125 0.5677083328125 0.3291015625 0.5651041671875
0 0.2138671875 0.6770833328125 0.2109375 0.6809895828125 0.208984375 0.69140625 0.2138671875 0.6979166671875 0.232421875 0.69921875 0.240234375 0.6940104171875 0.2373046875 0.6848958328125 0.2216796875 0.6770833328125 0.2138671875 0.6770833328125
0 0.2626953125 0.7135416671875 0.25390625 0.7200520828125 0.2626953125 0.734375 0.279296875 0.7330729171875 0.283203125 0.73046875 0.283203125 0.71484375 0.2802734375 0.7109375 0.2626953125 0.7135416671875
0 0.4697265625 0.6640625 0.4765625 0.6627604171875 0.48046875 0.6549479171875 0.4716796875 0.6484375 0.466796875 0.66015625 0.4697265625 0.6640625
0 0.4150390625 0.6979166671875 0.41015625 0.70703125 0.4150390625 0.71875 0.421875 0.7174479171875 0.42578125 0.71484375 0.42578125 0.7044270828125 0.4208984375 0.6953125 0.4150390625 0.6979166671875
0 0.41015625 0.6549479171875 0.4130859375 0.6588541671875 0.419921875 0.6575520828125 0.419921875 0.6341145828125 0.4091796875 0.6328125 0.40625 0.6393229171875 0.41015625 0.6549479171875
0 0.3681640625 0.7395833328125 0.357421875 0.7565104171875 0.3642578125 0.7682291671875 0.369140625 0.7669270828125 0.376953125 0.75390625 0.37890625 0.73828125 0.3759765625 0.734375 0.3681640625 0.7395833328125
0 0.5244140625 0.6744791671875 0.54296875 0.6731770828125 0.5419921875 0.6614583328125 0.5322265625 0.65625 0.5234375 0.66015625 0.5244140625 0.6744791671875
0 0.5341796875 0.7161458328125 0.515625 0.7486979171875 0.5224609375 0.7604166671875 0.52734375 0.7591145828125 0.53515625 0.7486979171875 0.54296875 0.7278645828125 0.5400390625 0.7161458328125 0.5341796875 0.7161458328125
0 0.4765625 0.4049479171875 0.4814453125 0.4088541671875 0.48828125 0.4075520828125 0.4921875 0.4049479171875 0.4921875 0.3971354171875 0.4814453125 0.3880208328125 0.4765625 0.4049479171875
0 0.5390625 0.4205729171875 0.5439453125 0.4244791671875 0.55078125 0.4231770828125 0.552734375 0.4049479171875 0.5458984375 0.4010416671875 0.5390625 0.4127604171875 0.5390625 0.4205729171875
0 0.576171875 0.4596354171875 0.5810546875 0.4661458328125 0.5859375 0.46484375 0.591796875 0.45703125 0.5888671875 0.4505208328125 0.5810546875 0.4479166671875 0.576171875 0.4596354171875
0 0.5771484375 0.5286458328125 0.5703125 0.54296875 0.5732421875 0.5520833328125 0.58203125 0.5533854171875 0.5859375 0.5455729171875 0.5859375 0.5299479171875 0.5830078125 0.5260416671875 0.5771484375 0.5286458328125
0 0.5859375 0.5950520828125 0.5859375 0.6028645828125 0.5908203125 0.609375 0.59375 0.6080729171875 0.611328125 0.5872395828125 0.6083984375 0.5755208328125 0.5986328125 0.578125 0.5859375 0.5950520828125
0 0.7578125 0.3815104171875 0.7578125 0.3919270828125 0.765625 0.39453125 0.775390625 0.38671875 0.775390625 0.3815104171875 0.7666015625 0.3723958328125 0.7578125 0.3815104171875
0 0.794921875 0.4544270828125 0.8037109375 0.4635416671875 0.80859375 0.4622395828125 0.8125 0.4466145828125 0.8056640625 0.4401041671875 0.7998046875 0.4401041671875 0.794921875 0.4544270828125
0 0.6796875 0.44140625 0.6806640625 0.4505208328125 0.697265625 0.44921875 0.705078125 0.44140625 0.703125 0.4309895828125 0.6982421875 0.4244791671875 0.6796875 0.44140625
0 0.654296875 0.56640625 0.6572265625 0.5703125 0.66796875 0.5690104171875 0.669921875 0.5533854171875 0.6591796875 0.5494791671875 0.654296875 0.5559895828125 0.654296875 0.56640625
0 0.7431640625 0.5572916671875 0.736328125 0.5690104171875 0.7431640625 0.5807291671875 0.748046875 0.5794270828125 0.75390625 0.5716145828125 0.75390625 0.56640625 0.7470703125 0.5572916671875 0.7431640625 0.5572916671875
0 0.7353515625 0.5208333328125 0.732421875 0.5247395828125 0.732421875 0.53515625 0.7353515625 0.5390625 0.755859375 0.5377604171875 0.76171875 0.5325520828125 0.76171875 0.52734375 0.7548828125 0.5208333328125 0.7353515625 0.5208333328125
0 0.650390625 0.6809895828125 0.65234375 0.6940104171875 0.6552734375 0.6979166671875 0.66015625 0.6966145828125 0.666015625 0.6861979171875 0.6611328125 0.6796875 0.6533203125 0.6770833328125 0.650390625 0.6809895828125
0 0.69921875 0.67578125 0.701171875 0.6809895828125 0.7080078125 0.6875 0.712890625 0.6861979171875 0.71484375 0.67578125 0.7099609375 0.6692708328125 0.7021484375 0.6666666671875 0.69921875 0.67578125
0 0.7529296875 0.734375 0.748046875 0.7408854171875 0.748046875 0.75390625 0.7509765625 0.7578125 0.759765625 0.7565104171875 0.763671875 0.7513020828125 0.763671875 0.7434895828125 0.7568359375 0.734375 0.7529296875 0.734375
0 0.7919921875 0.7135416671875 0.787109375 0.72265625 0.80078125 0.7356770828125 0.80859375 0.7278645828125 0.80859375 0.7200520828125 0.7978515625 0.7109375 0.7919921875 0.7135416671875
0 0.80078125 0.6471354171875 0.8037109375 0.6510416671875 0.80859375 0.6497395828125 0.81640625 0.6419270828125 0.8115234375 0.6276041671875 0.798828125 0.63671875 0.80078125 0.6471354171875