0 0.61328125 0.3138020828125 0.6220703125 0.3203125 0.6328125 0.3190104171875 0.6337890625 0.3020833328125 0.6240234375 0.3020833328125 0.61328125 0.30859375 0.61328125 0.3138020828125
0 0.705078125 0.24869791718749998 0.7138671875 0.2604166671875 0.7265625 0.26171875 0.7265625 0.24869791718749998 0.7177734375 0.23177083281250002 0.705078125 0.24348958281250002 0.705078125 0.24869791718749998
0 0.6826171875 0.25 0.689453125 0.2513020828125 0.69140625 0.23828125 0.6806640625 0.23177083281250002 0.677734375 0.24348958281250002 0.6826171875 0.25
0 0.6162109375 0.2265625 0.61328125 0.23828125 0.6171875 0.24869791718749998 0.6279296875 0.2578125 0.630859375 0.2565104171875 0.630859375 0.24088541718749998 0.626953125 0.22786458281250002 0.6240234375 0.22395833281250002 0.6162109375 0.2265625
0 0.3916015625 0.4192708328125 0.400390625 0.41796875 0.400390625 0.4049479171875 0.3916015625 0.3984375 0.384765625 0.4127604171875 0.3916015625 0.4192708328125
0 0.48046875 0.4205729171875 0.4873046875 0.4296875 0.49609375 0.4309895828125 0.498046875 0.42578125 0.494140625 0.4153645828125 0.4853515625 0.4088541671875 0.48046875 0.4205729171875
0 0.48828125 0.3763020828125 0.4931640625 0.3828125 0.498046875 0.3815104171875 0.501953125 0.37890625 0.501953125 0.3736979171875 0.4970703125 0.3697916671875 0.48828125 0.3763020828125
0 0.4912109375 0.296875 0.48828125 0.3059895828125 0.494140625 0.31640625 0.5107421875 0.3098958328125 0.517578125 0.2981770828125 0.5146484375 0.2942708328125 0.4912109375 0.296875
0 0.43359375 0.2669270828125 0.4345703125 0.2734375 0.4404296875 0.2786458328125 0.4453125 0.27734375 0.45703125 0.25390625 0.4560546875 0.24479166718749998 0.4462890625 0.24739583281250002 0.43359375 0.2669270828125
0 0.3037109375 0.2890625 0.2939453125 0.2890625 0.2783203125 0.2994791671875 0.28125 0.3138020828125 0.28515625 0.31640625 0.2998046875 0.3072916671875 0.306640625 0.2981770828125 0.306640625 0.29296875 0.3037109375 0.2890625
0 0.203125 0.6106770828125 0.2060546875 0.6145833328125 0.22265625 0.61328125 0.2236328125 0.59375 0.2080078125 0.59375 0.205078125 0.59765625 0.203125 0.6106770828125
0 0.2734375 0.56640625 0.2822265625 0.5833333328125 0.296875 0.5872395828125 0.30078125 0.58203125 0.2998046875 0.5703125 0.2802734375 0.5625 0.2734375 0.56640625
0 0.29296875 0.5065104171875 0.2958984375 0.5182291671875 0.302734375 0.5169270828125 0.3125 0.50390625 0.3056640625 0.4973958328125 0.2978515625 0.5 0.29296875 0.5065104171875
0 0.3505859375 0.4348958328125 0.34765625 0.4388020828125 0.349609375 0.45703125 0.3525390625 0.4609375 0.361328125 0.4596354171875 0.365234375 0.45703125 0.36328125 0.4440104171875 0.3583984375 0.4375 0.3505859375 0.4348958328125
0 0.23828125 0.4388020828125 0.23828125 0.4466145828125 0.2451171875 0.4557291671875 0.2529296875 0.4635416671875 0.26171875 0.4622395828125 0.265625 0.4518229171875 0.2548828125 0.4375 0.2412109375 0.4348958328125 0.23828125 0.4388020828125
0 0.2685546875 0.6302083328125 0.265625 0.6393229171875 0.2763671875 0.6536458328125 0.279296875 0.65234375 0.28515625 0.6471354171875 0.28515625 0.63671875 0.2822265625 0.6328125 0.2685546875 0.6302083328125
0 0.359375 0.75390625 0.3623046875 0.7604166671875 0.37109375 0.7643229171875 0.37890625 0.7513020828125 0.3720703125 0.7421875 0.3662109375 0.7421875 0.359375 0.75390625
0 0.3896484375 0.6901041671875 0.38671875 0.6940104171875 0.38671875 0.7044270828125 0.390625 0.71484375 0.4013671875 0.7239583328125 0.40625 0.72265625 0.408203125 0.7174479171875 0.404296875 0.7044270828125 0.3955078125 0.6901041671875 0.3896484375 0.6901041671875
0 0.3349609375 0.6822916671875 0.3134765625 0.6927083328125 0.310546875 0.6966145828125 0.310546875 0.70703125 0.3134765625 0.7135416671875 0.3203125 0.7122395828125 0.3447265625 0.7005208328125 0.34765625 0.6966145828125 0.345703125 0.68359375 0.3349609375 0.6822916671875
0 0.2041015625 0.7369791671875 0.201171875 0.7408854171875 0.203125 0.76171875 0.2080078125 0.7682291671875 0.21484375 0.7669270828125 0.21875 0.76171875 0.21875 0.7434895828125 0.2158203125 0.7369791671875 0.2041015625 0.7369791671875
0 0.35546875 0.5768229171875 0.3603515625 0.5859375 0.365234375 0.5846354171875 0.37109375 0.57421875 0.3662109375 0.5677083328125 0.3603515625 0.5677083328125 0.35546875 0.5768229171875
0 0.40234375 0.62890625 0.4091796875 0.6354166671875 0.4140625 0.6341145828125 0.419921875 0.6236979171875 0.4091796875 0.6145833328125 0.40234375 0.6236979171875 0.40234375 0.62890625
0 0.416015625 0.54296875 0.4287109375 0.5572916671875 0.4453125 0.5559895828125 0.447265625 0.54296875 0.4443359375 0.5390625 0.4248046875 0.5364583328125 0.416015625 0.54296875
0 0.48046875 0.6419270828125 0.482421875 0.65234375 0.4921875 0.65234375 0.494140625 0.64453125 0.4873046875 0.6354166671875 0.4833984375 0.6354166671875 0.48046875 0.6419270828125
0 0.486328125 0.6002604171875 0.4892578125 0.6067708328125 0.498046875 0.6080729171875 0.505859375 0.5872395828125 0.5029296875 0.578125 0.4970703125 0.5807291671875 0.486328125 0.6002604171875
0 0.626953125 0.75390625 0.6298828125 0.7578125 0.638671875 0.7565104171875 0.638671875 0.7434895828125 0.6298828125 0.7395833328125 0.626953125 0.7434895828125 0.626953125 0.75390625
0 0.533203125 0.69921875 0.5361328125 0.7057291671875 0.5478515625 0.7135416671875 0.560546875 0.71484375 0.564453125 0.70703125 0.5498046875 0.6927083328125 0.5361328125 0.6953125 0.533203125 0.69921875
0 0.53125 0.5221354171875 0.537109375 0.52734375 0.544921875 0.51953125 0.5400390625 0.5104166671875 0.53125 0.5143229171875 0.53125 0.5221354171875
0 0.509765625 0.4674479171875 0.5126953125 0.4765625 0.5263671875 0.484375 0.533203125 0.4830729171875 0.537109375 0.47265625 0.5341796875 0.4661458328125 0.5126953125 0.4635416671875 0.509765625 0.4674479171875
0 0.6201171875 0.4557291671875 0.625 0.4544270828125 0.630859375 0.4440104171875 0.6220703125 0.4348958328125 0.61328125 0.4466145828125 0.6201171875 0.4557291671875
0 0.6767578125 0.4244791671875 0.68359375 0.4231770828125 0.68359375 0.4049479171875 0.6748046875 0.3880208328125 0.66015625 0.3971354171875 0.6767578125 0.4244791671875
0 0.6865234375 0.3463541671875 0.68359375 0.35546875 0.693359375 0.35546875 0.697265625 0.34765625 0.6884765625 0.3411458328125 0.689453125 0.34765625 0.6865234375 0.3463541671875
0 0.6884765625 0.5885416671875 0.701171875 0.5872395828125 0.705078125 0.5794270828125 0.6982421875 0.5677083328125 0.685546875 0.5768229171875 0.6884765625 0.5885416671875
0 0.564453125 0.6263020828125 0.5625 0.63671875 0.568359375 0.6393229171875 0.587890625 0.62109375 0.5830078125 0.609375 0.5732421875 0.6145833328125 0.564453125 0.6263020828125
0 0.626953125 0.6263020828125 0.6318359375 0.6328125 0.640625 0.6341145828125 0.64453125 0.6236979171875 0.64453125 0.6106770828125 0.6357421875 0.6067708328125 0.626953125 0.6263020828125
0 0.6669921875 0.5 0.662109375 0.50390625 0.6484375 0.5325520828125 0.6513671875 0.5416666671875 0.658203125 0.5403645828125 0.669921875 0.52734375 0.67578125 0.5143229171875 0.67578125 0.5091145828125 0.6669921875 0.5
0 0.732421875 0.66796875 0.732421875 0.67578125 0.7373046875 0.6822916671875 0.744140625 0.6809895828125 0.748046875 0.67578125 0.748046875 0.6627604171875 0.7412109375 0.6588541671875 0.732421875 0.66796875
0 0.6611328125 0.671875 0.658203125 0.6783854171875 0.6640625 0.69140625 0.671875 0.69140625 0.67578125 0.68359375 0.673828125 0.6731770828125 0.6708984375 0.6692708328125 0.6611328125 0.671875
0 0.7392578125 0.40625 0.73046875 0.4153645828125 0.73046875 0.4231770828125 0.7333984375 0.4296875 0.7421875 0.4309895828125 0.74609375 0.42578125 0.74609375 0.41796875 0.744140625 0.41015625 0.7392578125 0.40625
0 0.734375 0.31640625 0.734375 0.3294270828125 0.7373046875 0.3333333328125 0.74609375 0.33203125 0.748046875 0.31640625 0.7451171875 0.3125 0.7373046875 0.3125 0.734375 0.31640625
0 0.73828125 0.5716145828125 0.73828125 0.58203125 0.7412109375 0.5859375 0.751953125 0.5846354171875 0.75390625 0.5690104171875 0.7509765625 0.5651041671875 0.7431640625 0.5651041671875 0.73828125 0.5716145828125