0 0.2626953125 0.40625 0.265625 0.4049479171875 0.26953125 0.3971354171875 0.2607421875 0.390625 0.255859375 0.3997395828125 0.2626953125 0.40625
0 0.326171875 0.37890625 0.330078125 0.36328125 0.3212890625 0.359375 0.31640625 0.3736979171875 0.326171875 0.37890625
0 0.267578125 0.3424479171875 0.2724609375 0.3463541671875 0.279296875 0.3450520828125 0.28125 0.3346354171875 0.2763671875 0.328125 0.2705078125 0.328125 0.267578125 0.3424479171875
0 0.3818359375 0.296875 0.37890625 0.3138020828125 0.388671875 0.3294270828125 0.39453125 0.3190104171875 0.39453125 0.30078125 0.3916015625 0.296875 0.3818359375 0.296875
0 0.3154296875 0.2630208328125 0.337890625 0.26171875 0.341796875 0.2513020828125 0.3369140625 0.24479166718749998 0.3125 0.24609375 0.3154296875 0.2630208328125
0 0.39453125 0.21484375 0.4072265625 0.2265625 0.419921875 0.23046875 0.42578125 0.21744791718749998 0.4228515625 0.2109375 0.4091796875 0.20572916718749998 0.39453125 0.21484375
0 0.4794921875 0.3828125 0.474609375 0.39453125 0.474609375 0.4127604171875 0.482421875 0.4127604171875 0.48828125 0.4049479171875 0.490234375 0.39453125 0.4853515625 0.3828125 0.4794921875 0.3828125
0 0.3291015625 0.5390625 0.33984375 0.5403645828125 0.34765625 0.5299479171875 0.3427734375 0.5234375 0.328125 0.52734375 0.3291015625 0.5390625
0 0.396484375 0.4440104171875 0.3994140625 0.4557291671875 0.416015625 0.4596354171875 0.419921875 0.4544270828125 0.4189453125 0.4401041671875 0.4033203125 0.4375 0.396484375 0.4440104171875
0 0.275390625 0.7434895828125 0.2900390625 0.7578125 0.298828125 0.7565104171875 0.3046875 0.7486979171875 0.2958984375 0.7369791671875 0.2822265625 0.7291666671875 0.275390625 0.7434895828125
0 0.3447265625 0.6197916671875 0.337890625 0.6263020828125 0.337890625 0.6341145828125 0.34375 0.6471354171875 0.353515625 0.6549479171875 0.357421875 0.65234375 0.357421875 0.63671875 0.3515625 0.6236979171875 0.3447265625 0.6197916671875
0 0.224609375 0.5950520828125 0.22265625 0.61328125 0.228515625 0.6315104171875 0.236328125 0.6315104171875 0.244140625 0.6236979171875 0.236328125 0.6002604171875 0.2275390625 0.5911458328125 0.224609375 0.5950520828125
0 0.3974609375 0.6822916671875 0.40234375 0.6809895828125 0.404296875 0.66796875 0.3955078125 0.6640625 0.392578125 0.67578125 0.3974609375 0.6822916671875
0 0.3935546875 0.7135416671875 0.38671875 0.7200520828125 0.388671875 0.73828125 0.3916015625 0.7421875 0.3984375 0.7408854171875 0.404296875 0.73828125 0.404296875 0.72265625 0.3994140625 0.7135416671875 0.3935546875 0.7135416671875
0 0.4365234375 0.75 0.431640625 0.75390625 0.43359375 0.77734375 0.4423828125 0.7864583328125 0.447265625 0.78515625 0.44921875 0.77734375 0.4453125 0.7591145828125 0.4404296875 0.75 0.4365234375 0.75
0 0.5546875 0.5143229171875 0.5546875 0.53515625 0.560546875 0.53515625 0.568359375 0.5247395828125 0.568359375 0.5143229171875 0.5634765625 0.5104166671875 0.5546875 0.5143229171875
0 0.4990234375 0.640625 0.49609375 0.64453125 0.49609375 0.6653645828125 0.4990234375 0.6692708328125 0.50390625 0.66796875 0.509765625 0.6575520828125 0.509765625 0.64453125 0.5068359375 0.640625 0.4990234375 0.640625
0 0.6298828125 0.5598958328125 0.634765625 0.55859375 0.638671875 0.54296875 0.6220703125 0.5364583328125 0.619140625 0.5455729171875 0.6298828125 0.5598958328125
0 0.4833984375 0.5338541671875 0.478515625 0.5403645828125 0.478515625 0.55859375 0.48046875 0.5690104171875 0.4833984375 0.5729166671875 0.48828125 0.5716145828125 0.494140625 0.5690104171875 0.494140625 0.5533854171875 0.490234375 0.5377604171875 0.4833984375 0.5338541671875
0 0.537109375 0.6783854171875 0.5400390625 0.6901041671875 0.55078125 0.69140625 0.552734375 0.68359375 0.5478515625 0.6744791671875 0.5400390625 0.6744791671875 0.537109375 0.6783854171875
0 0.5166015625 0.734375 0.509765625 0.74609375 0.5166015625 0.7578125 0.521484375 0.7565104171875 0.52734375 0.7486979171875 0.52734375 0.7408854171875 0.5224609375 0.734375 0.5166015625 0.734375
0 0.6171875 0.3997395828125 0.6171875 0.4075520828125 0.626953125 0.41015625 0.6328125 0.40234375 0.6279296875 0.3932291671875 0.6220703125 0.3932291671875 0.6171875 0.3997395828125
0 0.615234375 0.3059895828125 0.615234375 0.3138020828125 0.6220703125 0.3229166671875 0.638671875 0.3268229171875 0.6396484375 0.3098958328125 0.6259765625 0.3020833328125 0.6181640625 0.3020833328125 0.615234375 0.3059895828125
0 0.759765625 0.22005208281250002 0.759765625 0.23046875 0.7626953125 0.234375 0.76953125 0.23307291718749998 0.7734375 0.22786458281250002 0.7734375 0.21744791718749998 0.7666015625 0.21354166718749998 0.759765625 0.22005208281250002
0 0.8095703125 0.28125 0.8046875 0.2877604171875 0.806640625 0.2955729171875 0.8115234375 0.3046875 0.818359375 0.3033854171875 0.82421875 0.2981770828125 0.82421875 0.2903645828125 0.8173828125 0.28125 0.8095703125 0.28125
0 0.6923828125 0.3932291671875 0.689453125 0.3971354171875 0.6875 0.4075520828125 0.6904296875 0.4114583328125 0.7080078125 0.4244791671875 0.720703125 0.42578125 0.724609375 0.41796875 0.7216796875 0.4114583328125 0.7041015625 0.3984375 0.6923828125 0.3932291671875
0 0.7783203125 0.3046875 0.76953125 0.3059895828125 0.76171875 0.3294270828125 0.76171875 0.3424479171875 0.76953125 0.3424479171875 0.78125 0.3294270828125 0.78515625 0.3190104171875 0.78515625 0.3111979171875 0.7783203125 0.3046875
0 0.7451171875 0.4791666671875 0.740234375 0.4830729171875 0.740234375 0.4908854171875 0.7451171875 0.5 0.748046875 0.4986979171875 0.7685546875 0.4947916671875 0.77734375 0.4830729171875 0.7724609375 0.4765625 0.7451171875 0.4791666671875
0 0.7822265625 0.4322916671875 0.794921875 0.4309895828125 0.794921875 0.41796875 0.7919921875 0.4140625 0.78125 0.41796875 0.7822265625 0.4322916671875
0 0.8017578125 0.4895833328125 0.814453125 0.48828125 0.8095703125 0.4713541671875 0.8037109375 0.4713541671875 0.796875 0.4778645828125 0.8017578125 0.4895833328125
0 0.814453125 0.5559895828125 0.8125 0.56640625 0.8173828125 0.5729166671875 0.82421875 0.57421875 0.828125 0.5690104171875 0.828125 0.5559895828125 0.8193359375 0.5494791671875 0.814453125 0.5559895828125
0 0.806640625 0.6393229171875 0.8095703125 0.6432291671875 0.818359375 0.6419270828125 0.822265625 0.62890625 0.8154296875 0.6223958328125 0.8095703125 0.6223958328125 0.806640625 0.6393229171875
0 0.7177734375 0.640625 0.724609375 0.6393229171875 0.7265625 0.6263020828125 0.7197265625 0.6197916671875 0.712890625 0.6315104171875 0.7177734375 0.640625
0 0.7431640625 0.7083333328125 0.7421875 0.7252604171875 0.7490234375 0.7317708328125 0.75390625 0.73046875 0.7578125 0.7278645828125 0.7578125 0.71484375 0.7509765625 0.7083333328125 0.7431640625 0.7083333328125
0 0.6953125 0.6627604171875 0.697265625 0.68359375 0.7001953125 0.6875 0.705078125 0.6861979171875 0.712890625 0.6809895828125 0.70703125 0.6627604171875 0.6982421875 0.6588541671875 0.6953125 0.6627604171875
0 0.66015625 0.7955729171875 0.6767578125 0.8203125 0.6796875 0.8190104171874999 0.685546875 0.80859375 0.6669921875 0.7838541671875 0.6630859375 0.7838541671875 0.66015625 0.7955729171875
0 0.5966796875 0.7395833328125 0.5908203125 0.7421875 0.587890625 0.7486979171875 0.59375 0.77734375 0.6015625 0.77734375 0.60546875 0.7721354171875 0.603515625 0.7486979171875 0.6015625 0.7408854171875 0.5966796875 0.7395833328125
0 0.76171875 0.80859375 0.76171875 0.8190104171874999 0.7666015625 0.8255208328125001 0.77734375 0.82421875 0.78125 0.8138020828125001 0.7763671875 0.8072916671874999 0.7646484375 0.8046875 0.76171875 0.80859375
0 0.57421875 0.2591145828125 0.5771484375 0.2630208328125 0.583984375 0.26171875 0.587890625 0.2591145828125 0.587890625 0.24348958281250002 0.5751953125 0.2421875 0.57421875 0.2591145828125
0 0.6962890625 0.171875 0.6904296875 0.171875 0.68359375 0.1861979171875 0.68359375 0.20703125 0.6875 0.20963541718749998 0.6953125 0.20182291718749998 0.703125 0.18359375 0.703125 0.1783854171875 0.6962890625 0.171875