0 0.26171875 0.29296875 0.2578125 0.3033854171875 0.2607421875 0.3125 0.265625 0.3111979171875 0.275390625 0.30078125 0.275390625 0.29296875 0.2685546875 0.2864583328125 0.26171875 0.29296875
0 0.310546875 0.4986979171875 0.3134765625 0.5078125 0.3203125 0.5065104171875 0.326171875 0.5013020828125 0.3251953125 0.484375 0.3193359375 0.484375 0.310546875 0.4986979171875
0 0.259765625 0.46484375 0.259765625 0.4700520828125 0.2685546875 0.4765625 0.287109375 0.4752604171875 0.2890625 0.4674479171875 0.2802734375 0.4583333328125 0.2646484375 0.4557291671875 0.259765625 0.46484375
0 0.287109375 0.56640625 0.28515625 0.5768229171875 0.2880859375 0.5807291671875 0.2978515625 0.5859375 0.30859375 0.5846354171875 0.31640625 0.5794270828125 0.3134765625 0.5703125 0.2919921875 0.5625 0.287109375 0.56640625
0 0.3427734375 0.4114583328125 0.3515625 0.41015625 0.353515625 0.40234375 0.3486328125 0.3958333328125 0.33984375 0.3997395828125 0.3427734375 0.4114583328125
0 0.294921875 0.4075520828125 0.30859375 0.4075520828125 0.310546875 0.3971354171875 0.3056640625 0.390625 0.2978515625 0.3880208328125 0.294921875 0.4075520828125
0 0.404296875 0.44921875 0.4091796875 0.4557291671875 0.4140625 0.4544270828125 0.41796875 0.4440104171875 0.4111328125 0.4375 0.404296875 0.4440104171875 0.404296875 0.44921875
0 0.4296875 0.46484375 0.443359375 0.4674479171875 0.4453125 0.4440104171875 0.4365234375 0.4401041671875 0.431640625 0.44921875 0.4296875 0.46484375
0 0.3994140625 0.5390625 0.41015625 0.5403645828125 0.4072265625 0.5286458328125 0.4033203125 0.5260416671875 0.3984375 0.5299479171875 0.3994140625 0.5390625
0 0.431640625 0.56640625 0.4326171875 0.5755208328125 0.4482421875 0.5859375 0.45703125 0.5846354171875 0.458984375 0.5768229171875 0.4541015625 0.5677083328125 0.4384765625 0.5572916671875 0.431640625 0.56640625
0 0.38671875 0.75390625 0.400390625 0.7565104171875 0.40234375 0.7356770828125 0.3896484375 0.7291666671875 0.38671875 0.7356770828125 0.38671875 0.75390625
0 0.4404296875 0.7473958328125 0.4375 0.7513020828125 0.439453125 0.7721354171875 0.4482421875 0.7838541671875 0.453125 0.7825520828125 0.455078125 0.7721354171875 0.451171875 0.75390625 0.4462890625 0.7447916671875 0.4404296875 0.7473958328125
0 0.54296875 0.6809895828125 0.5458984375 0.6848958328125 0.556640625 0.6861979171875 0.55859375 0.68359375 0.5537109375 0.671875 0.544921875 0.6731770828125 0.54296875 0.6809895828125
0 0.5224609375 0.7317708328125 0.517578125 0.73828125 0.517578125 0.74609375 0.5244140625 0.7552083328125 0.52734375 0.75390625 0.533203125 0.74609375 0.533203125 0.73828125 0.5283203125 0.7317708328125 0.5224609375 0.7317708328125
0 0.541015625 0.4674479171875 0.5478515625 0.4765625 0.55859375 0.4778645828125 0.55859375 0.4700520828125 0.5517578125 0.4583333328125 0.5478515625 0.4583333328125 0.541015625 0.4674479171875
0 0.501953125 0.5846354171875 0.5087890625 0.59375 0.51953125 0.5924479171875 0.5234375 0.58984375 0.5234375 0.5846354171875 0.5107421875 0.5729166671875 0.501953125 0.5846354171875
0 0.498046875 0.52734375 0.498046875 0.53515625 0.505859375 0.54296875 0.5234375 0.5247395828125 0.5205078125 0.515625 0.5107421875 0.515625 0.498046875 0.52734375
0 0.46484375 0.36328125 0.4658203125 0.375 0.474609375 0.3736979171875 0.484375 0.3528645828125 0.4794921875 0.3463541671875 0.4716796875 0.3463541671875 0.46484375 0.36328125
0 0.376953125 0.32421875 0.3857421875 0.3385416671875 0.390625 0.3372395828125 0.390625 0.30859375 0.3818359375 0.3046875 0.375 0.3111979171875 0.376953125 0.32421875
0 0.400390625 0.34765625 0.4052734375 0.3541666671875 0.4150390625 0.3619791671875 0.423828125 0.3606770828125 0.4248046875 0.3463541671875 0.4091796875 0.3359375 0.400390625 0.33984375 0.400390625 0.34765625
0 0.49609375 0.3684895828125 0.49609375 0.3736979171875 0.5029296875 0.3776041671875 0.515625 0.3763020828125 0.52734375 0.3684895828125 0.5224609375 0.3541666671875 0.5107421875 0.3567708328125 0.49609375 0.3684895828125
0 0.640625 0.3372395828125 0.646484375 0.3424479171875 0.65625 0.3372395828125 0.6513671875 0.3229166671875 0.640625 0.3268229171875 0.640625 0.3372395828125
0 0.6015625 0.27734375 0.599609375 0.29296875 0.6044921875 0.296875 0.61328125 0.2955729171875 0.615234375 0.2825520828125 0.611328125 0.26953125 0.6064453125 0.2682291671875 0.6015625 0.27734375
0 0.533203125 0.2565104171875 0.5361328125 0.2604166671875 0.541015625 0.2591145828125 0.55859375 0.23828125 0.5498046875 0.22395833281250002 0.533203125 0.24869791718749998 0.533203125 0.2565104171875
0 0.6982421875 0.1692708328125 0.689453125 0.1861979171875 0.689453125 0.20442708281250002 0.6953125 0.20442708281250002 0.708984375 0.1809895828125 0.708984375 0.17578125 0.7021484375 0.1692708328125 0.6982421875 0.1692708328125
0 0.720703125 0.3033854171875 0.7255859375 0.3125 0.736328125 0.3111979171875 0.73828125 0.2981770828125 0.7333984375 0.2942708328125 0.7255859375 0.296875 0.720703125 0.3033854171875
0 0.736328125 0.3528645828125 0.7353515625 0.3697916671875 0.7587890625 0.3828125 0.76953125 0.3815104171875 0.771484375 0.3684895828125 0.7685546875 0.3645833328125 0.7509765625 0.3541666671875 0.736328125 0.3528645828125
0 0.8193359375 0.2760416671875 0.8125 0.2825520828125 0.8125 0.2903645828125 0.8173828125 0.3020833328125 0.82421875 0.30078125 0.830078125 0.2955729171875 0.830078125 0.2877604171875 0.8232421875 0.2760416671875 0.8193359375 0.2760416671875
0 0.607421875 0.4388020828125 0.60546875 0.44921875 0.6083984375 0.4557291671875 0.61328125 0.4544270828125 0.6328125 0.42578125 0.6279296875 0.4140625 0.6220703125 0.4140625 0.607421875 0.4388020828125
0 0.720703125 0.4518229171875 0.720703125 0.4596354171875 0.7236328125 0.4635416671875 0.728515625 0.4622395828125 0.734375 0.4544270828125 0.7333984375 0.4427083328125 0.7275390625 0.4427083328125 0.720703125 0.4518229171875
0 0.740234375 0.5481770828125 0.7470703125 0.5546875 0.751953125 0.5533854171875 0.755859375 0.5377604171875 0.7529296875 0.5338541671875 0.7451171875 0.5338541671875 0.740234375 0.5481770828125
0 0.79296875 0.5065104171875 0.7958984375 0.5104166671875 0.8046875 0.5091145828125 0.810546875 0.4986979171875 0.810546875 0.4908854171875 0.7958984375 0.4895833328125 0.79296875 0.5065104171875
0 0.583984375 0.5481770828125 0.5859375 0.5559895828125 0.595703125 0.55859375 0.599609375 0.5481770828125 0.59765625 0.54296875 0.5888671875 0.5416666671875 0.583984375 0.5481770828125
0 0.67578125 0.5950520828125 0.6796875 0.5794270828125 0.6689453125 0.5755208328125 0.6640625 0.58984375 0.67578125 0.5950520828125
0 0.7509765625 0.6302083328125 0.75 0.64453125 0.7548828125 0.6510416671875 0.76171875 0.65234375 0.765625 0.6471354171875 0.765625 0.6341145828125 0.7626953125 0.6302083328125 0.7509765625 0.6302083328125
0 0.66796875 0.65234375 0.6728515625 0.6614583328125 0.6796875 0.66015625 0.68359375 0.6497395828125 0.68359375 0.63671875 0.6708984375 0.6328125 0.66796875 0.65234375
0 0.65234375 0.7356770828125 0.6572265625 0.7421875 0.671875 0.7408854171875 0.681640625 0.7356770828125 0.6787109375 0.7213541671875 0.6572265625 0.7291666671875 0.65234375 0.7356770828125
0 0.59375 0.7408854171875 0.59375 0.7486979171875 0.599609375 0.7721354171875 0.6025390625 0.7760416671875 0.609375 0.7747395828125 0.611328125 0.7565104171875 0.607421875 0.73828125 0.5986328125 0.7369791671875 0.59375 0.7408854171875
0 0.75390625 0.7825520828125 0.7666015625 0.796875 0.771484375 0.7955729171875 0.77734375 0.7825520828125 0.7626953125 0.765625 0.7509765625 0.7604166671875 0.75390625 0.7825520828125
0 0.73046875 0.7122395828125 0.7353515625 0.71875 0.7421875 0.7200520828125 0.748046875 0.71484375 0.744140625 0.69921875 0.7314453125 0.7005208328125 0.73046875 0.7122395828125
0 0.78125 0.7096354171875 0.7861328125 0.7161458328125 0.794921875 0.7174479171875 0.796875 0.6966145828125 0.7822265625 0.6927083328125 0.779296875 0.7018229171875 0.78125 0.7096354171875