0 0.2470703125 0.3098958328125 0.244140625 0.3216145828125 0.251953125 0.33984375 0.2568359375 0.3463541671875 0.265625 0.3450520828125 0.267578125 0.3346354171875 0.2578125 0.3111979171875 0.2548828125 0.3072916671875 0.2470703125 0.3098958328125
0 0.2939453125 0.2630208328125 0.3173828125 0.2734375 0.328125 0.2721354171875 0.3271484375 0.2552083328125 0.3017578125 0.24479166718749998 0.29296875 0.24869791718749998 0.2939453125 0.2630208328125
0 0.3681640625 0.40625 0.375 0.4049479171875 0.380859375 0.3971354171875 0.3720703125 0.3854166671875 0.36328125 0.3971354171875 0.3681640625 0.40625
0 0.302734375 0.41015625 0.302734375 0.4153645828125 0.3056640625 0.421875 0.314453125 0.4205729171875 0.318359375 0.41015625 0.3154296875 0.4036458328125 0.3095703125 0.4010416671875 0.302734375 0.41015625
0 0.2353515625 0.4427083328125 0.2265625 0.4544270828125 0.234375 0.4674479171875 0.23828125 0.4830729171875 0.2431640625 0.4895833328125 0.248046875 0.48828125 0.251953125 0.4830729171875 0.251953125 0.4700520828125 0.244140625 0.44921875 0.2353515625 0.4427083328125
0 0.25390625 0.40234375 0.2568359375 0.4140625 0.267578125 0.4153645828125 0.271484375 0.41015625 0.2685546875 0.3984375 0.2568359375 0.3984375 0.25390625 0.40234375
0 0.2705078125 0.515625 0.265625 0.53515625 0.267578125 0.5455729171875 0.2724609375 0.5546875 0.28125 0.5533854171875 0.287109375 0.55078125 0.28515625 0.5377604171875 0.27734375 0.51953125 0.2705078125 0.515625
0 0.3583984375 0.5026041671875 0.35546875 0.5065104171875 0.3642578125 0.5208333328125 0.3740234375 0.5286458328125 0.376953125 0.52734375 0.3828125 0.5169270828125 0.3779296875 0.5078125 0.3701171875 0.5026041671875 0.3583984375 0.5026041671875
0 0.3984375 0.4622395828125 0.3984375 0.4700520828125 0.4033203125 0.4765625 0.41015625 0.4752604171875 0.4140625 0.4622395828125 0.4111328125 0.4557291671875 0.4033203125 0.453125 0.3984375 0.4622395828125
0 0.353515625 0.6315104171875 0.3583984375 0.6380208328125 0.365234375 0.6393229171875 0.3671875 0.62890625 0.3623046875 0.6223958328125 0.3564453125 0.6223958328125 0.353515625 0.6315104171875
0 0.421875 0.57421875 0.4248046875 0.5807291671875 0.4296875 0.5794270828125 0.435546875 0.57421875 0.435546875 0.56640625 0.4248046875 0.5625 0.421875 0.57421875
0 0.283203125 0.7591145828125 0.2861328125 0.7630208328125 0.296875 0.76171875 0.2978515625 0.7473958328125 0.2919921875 0.7447916671875 0.283203125 0.7486979171875 0.283203125 0.7591145828125
0 0.287109375 0.6940104171875 0.2919921875 0.7057291671875 0.298828125 0.7044270828125 0.3046875 0.69921875 0.3017578125 0.6875 0.2939453125 0.6875 0.287109375 0.6940104171875
0 0.2119140625 0.6432291671875 0.21875 0.6419270828125 0.2265625 0.62890625 0.2119140625 0.6223958328125 0.20703125 0.6341145828125 0.2119140625 0.6432291671875
0 0.2294921875 0.703125 0.224609375 0.70703125 0.224609375 0.7252604171875 0.2275390625 0.7291666671875 0.234375 0.7278645828125 0.240234375 0.7252604171875 0.240234375 0.71484375 0.2353515625 0.7057291671875 0.2294921875 0.703125
0 0.4072265625 0.2682291671875 0.40234375 0.2747395828125 0.40625 0.2877604171875 0.412109375 0.2877604171875 0.419921875 0.2825520828125 0.41796875 0.2721354171875 0.4150390625 0.2682291671875 0.4072265625 0.2682291671875
0 0.365234375 0.30859375 0.359375 0.3268229171875 0.3623046875 0.3333333328125 0.373046875 0.3346354171875 0.37890625 0.3111979171875 0.37890625 0.30078125 0.3759765625 0.296875 0.365234375 0.30859375
0 0.443359375 0.1940104171875 0.4482421875 0.203125 0.453125 0.20182291718749998 0.458984375 0.1940104171875 0.4541015625 0.1822916671875 0.4482421875 0.1822916671875 0.443359375 0.1940104171875
0 0.5009765625 0.23177083281250002 0.49609375 0.24088541718749998 0.49609375 0.25390625 0.5009765625 0.2630208328125 0.505859375 0.26171875 0.51171875 0.2591145828125 0.51171875 0.24869791718749998 0.5078125 0.23567708281250002 0.5009765625 0.23177083281250002
0 0.5595703125 0.4296875 0.556640625 0.43359375 0.556640625 0.4440104171875 0.5595703125 0.4479166671875 0.56640625 0.4466145828125 0.5751953125 0.4427083328125 0.578125 0.4361979171875 0.5712890625 0.4296875 0.5595703125 0.4296875
0 0.583984375 0.4127604171875 0.5869140625 0.4244791671875 0.6015625 0.4309895828125 0.607421875 0.4205729171875 0.6044921875 0.4114583328125 0.5869140625 0.4088541671875 0.583984375 0.4127604171875
0 0.4970703125 0.3385416671875 0.4921875 0.3450520828125 0.486328125 0.36328125 0.4873046875 0.3723958328125 0.498046875 0.3736979171875 0.505859375 0.35546875 0.505859375 0.3424479171875 0.5029296875 0.3385416671875 0.4970703125 0.3385416671875
0 0.6396484375 0.2604166671875 0.6279296875 0.2682291671875 0.625 0.2721354171875 0.626953125 0.2825520828125 0.634765625 0.2825520828125 0.6435546875 0.2786458328125 0.65234375 0.2643229171875 0.6494140625 0.2604166671875 0.6396484375 0.2604166671875
0 0.62890625 0.21484375 0.6337890625 0.2265625 0.640625 0.22526041718749998 0.650390625 0.20703125 0.6494140625 0.1875 0.6455078125 0.1875 0.62890625 0.21484375
0 0.7587890625 0.234375 0.755859375 0.24348958281250002 0.76171875 0.2565104171875 0.7685546875 0.265625 0.775390625 0.2643229171875 0.779296875 0.2591145828125 0.775390625 0.24348958281250002 0.7666015625 0.234375 0.7587890625 0.234375
0 0.7275390625 0.3567708328125 0.72265625 0.36328125 0.72265625 0.37109375 0.7275390625 0.3776041671875 0.732421875 0.3763020828125 0.73828125 0.37109375 0.73828125 0.3606770828125 0.7353515625 0.3567708328125 0.7275390625 0.3567708328125
0 0.7236328125 0.421875 0.72265625 0.4309895828125 0.736328125 0.44140625 0.7421875 0.4361979171875 0.7421875 0.4283854171875 0.7294921875 0.4192708328125 0.7236328125 0.421875
0 0.55078125 0.5325520828125 0.55859375 0.5377604171875 0.568359375 0.5325520828125 0.5615234375 0.5182291671875 0.55078125 0.52734375 0.55078125 0.5325520828125
0 0.6494140625 0.4713541671875 0.640625 0.4856770828125 0.6435546875 0.4921875 0.646484375 0.4908854171875 0.6552734375 0.4895833328125 0.66015625 0.4830729171875 0.6533203125 0.4713541671875 0.6494140625 0.4713541671875
0 0.626953125 0.5872395828125 0.6328125 0.59765625 0.6396484375 0.6041666671875 0.646484375 0.6028645828125 0.646484375 0.5924479171875 0.63671875 0.5716145828125 0.6259765625 0.5729166671875 0.626953125 0.5872395828125
0 0.552734375 0.5846354171875 0.5556640625 0.5963541671875 0.568359375 0.5950520828125 0.580078125 0.58984375 0.5751953125 0.5729166671875 0.5576171875 0.578125 0.552734375 0.5846354171875
0 0.46875 0.62109375 0.4716796875 0.625 0.478515625 0.6236979171875 0.484375 0.62109375 0.4814453125 0.5989583328125 0.46875 0.6028645828125 0.46875 0.62109375
0 0.3525390625 0.7682291671875 0.34765625 0.7799479171875 0.3525390625 0.7890625 0.359375 0.7877604171875 0.36328125 0.78515625 0.36328125 0.7747395828125 0.3583984375 0.7682291671875 0.3525390625 0.7682291671875
0 0.3935546875 0.6744791671875 0.388671875 0.6861979171875 0.388671875 0.6966145828125 0.3916015625 0.703125 0.400390625 0.7018229171875 0.404296875 0.69921875 0.404296875 0.69140625 0.40234375 0.68359375 0.3935546875 0.6744791671875
0 0.412109375 0.75390625 0.40625 0.76953125 0.4091796875 0.7734375 0.419921875 0.7721354171875 0.431640625 0.7565104171875 0.431640625 0.7513020828125 0.4248046875 0.7421875 0.412109375 0.75390625
0 0.5830078125 0.7109375 0.59375 0.7122395828125 0.59375 0.69921875 0.5908203125 0.6953125 0.58203125 0.69921875 0.5830078125 0.7109375
0 0.533203125 0.69921875 0.537109375 0.7096354171875 0.54296875 0.7122395828125 0.546875 0.69921875 0.5419921875 0.6901041671875 0.5380859375 0.6901041671875 0.533203125 0.69921875
0 0.4560546875 0.671875 0.455078125 0.68359375 0.4609375 0.69921875 0.466796875 0.7018229171875 0.4736328125 0.6979166671875 0.474609375 0.69140625 0.4697265625 0.6796875 0.4560546875 0.671875
0 0.7421875 0.6940104171875 0.7431640625 0.703125 0.755859375 0.7018229171875 0.767578125 0.6966145828125 0.7646484375 0.6822916671875 0.7529296875 0.6848958328125 0.7421875 0.6940104171875
0 0.775390625 0.7330729171875 0.7822265625 0.7421875 0.7890625 0.7434895828125 0.80078125 0.7200520828125 0.7978515625 0.7083333328125 0.7880859375 0.7109375 0.775390625 0.7330729171875