0 0.283203125 0.4049479171875 0.2861328125 0.4140625 0.298828125 0.4153645828125 0.30078125 0.4049479171875 0.2958984375 0.3958333328125 0.2900390625 0.3958333328125 0.283203125 0.4049479171875
0 0.3095703125 0.4869791671875 0.306640625 0.4986979171875 0.3115234375 0.5052083328125 0.318359375 0.5065104171875 0.326171875 0.5013020828125 0.326171875 0.4934895828125 0.3212890625 0.4869791671875 0.3095703125 0.4869791671875
0 0.2646484375 0.4713541671875 0.259765625 0.4908854171875 0.263671875 0.50390625 0.2685546875 0.5104166671875 0.2734375 0.5091145828125 0.2783203125 0.5078125 0.28125 0.5013020828125 0.275390625 0.4830729171875 0.2646484375 0.4713541671875
0 0.365234375 0.62109375 0.3779296875 0.6432291671875 0.38671875 0.64453125 0.388671875 0.6315104171875 0.3828125 0.6184895828125 0.3740234375 0.609375 0.365234375 0.62109375
0 0.3134765625 0.625 0.310546875 0.62890625 0.3115234375 0.6380208328125 0.3291015625 0.6510416671875 0.33203125 0.6497395828125 0.337890625 0.63671875 0.3330078125 0.6302083328125 0.3251953125 0.625 0.3134765625 0.625
0 0.3828125 0.73828125 0.3828125 0.7565104171875 0.39453125 0.7591145828125 0.3984375 0.7486979171875 0.3984375 0.7356770828125 0.3857421875 0.7317708328125 0.3828125 0.73828125
0 0.4384765625 0.75 0.43359375 0.75390625 0.435546875 0.7747395828125 0.4443359375 0.7864583328125 0.44921875 0.78515625 0.451171875 0.77734375 0.447265625 0.7565104171875 0.4443359375 0.75 0.4384765625 0.75
0 0.37109375 0.57421875 0.3740234375 0.5833333328125 0.3828125 0.58203125 0.384765625 0.5716145828125 0.3818359375 0.5677083328125 0.3759765625 0.5677083328125 0.37109375 0.57421875
0 0.5390625 0.6809895828125 0.5439453125 0.6901041671875 0.552734375 0.69140625 0.5546875 0.68359375 0.5498046875 0.6744791671875 0.5439453125 0.6744791671875 0.5390625 0.6809895828125
0 0.513671875 0.7486979171875 0.5185546875 0.7552083328125 0.525390625 0.75390625 0.529296875 0.74609375 0.5205078125 0.734375 0.513671875 0.7434895828125 0.513671875 0.7486979171875
0 0.595703125 0.7252604171875 0.5859375 0.74609375 0.5859375 0.7513020828125 0.59375 0.7565104171875 0.609375 0.73046875 0.609375 0.7252604171875 0.6025390625 0.71875 0.595703125 0.7252604171875
0 0.58984375 0.24869791718749998 0.599609375 0.24869791718749998 0.6015625 0.23307291718749998 0.5927734375 0.22916666718749998 0.58984375 0.23307291718749998 0.58984375 0.24869791718749998
0 0.634765625 0.24088541718749998 0.6376953125 0.2552083328125 0.650390625 0.25390625 0.66015625 0.24869791718749998 0.6572265625 0.23697916718749998 0.6455078125 0.234375 0.634765625 0.24088541718749998
0 0.591796875 0.2955729171875 0.6025390625 0.3151041671875 0.611328125 0.31640625 0.6171875 0.30078125 0.6142578125 0.2942708328125 0.5947265625 0.2916666671875 0.591796875 0.2955729171875
0 0.533203125 0.29296875 0.5341796875 0.3020833328125 0.5517578125 0.3151041671875 0.556640625 0.3138020828125 0.55859375 0.3033854171875 0.5537109375 0.2942708328125 0.5419921875 0.2838541671875 0.533203125 0.29296875
0 0.412109375 0.28515625 0.4150390625 0.2942708328125 0.423828125 0.29296875 0.4296875 0.2799479171875 0.4267578125 0.2708333328125 0.4189453125 0.2734375 0.412109375 0.28515625
0 0.458984375 0.2799479171875 0.4755859375 0.3020833328125 0.482421875 0.3033854171875 0.482421875 0.28515625 0.4697265625 0.2682291671875 0.4658203125 0.2682291671875 0.458984375 0.2799479171875
0 0.404296875 0.3971354171875 0.4091796875 0.4036458328125 0.4140625 0.40234375 0.419921875 0.3971354171875 0.419921875 0.3919270828125 0.4111328125 0.3854166671875 0.404296875 0.3971354171875
0 0.466796875 0.3606770828125 0.462890625 0.3763020828125 0.462890625 0.38671875 0.46875 0.3893229171875 0.478515625 0.38671875 0.48046875 0.3606770828125 0.4755859375 0.3489583328125 0.466796875 0.3606770828125
0 0.71875 0.48828125 0.71875 0.5013020828125 0.724609375 0.50390625 0.73046875 0.49609375 0.728515625 0.48828125 0.7216796875 0.484375 0.71875 0.48828125
0 0.7958984375 0.5130208328125 0.802734375 0.51171875 0.802734375 0.49609375 0.7939453125 0.4921875 0.791015625 0.5091145828125 0.7958984375 0.5130208328125
0 0.7646484375 0.4973958328125 0.771484375 0.49609375 0.77734375 0.48828125 0.7724609375 0.4765625 0.76171875 0.4856770828125 0.7646484375 0.4973958328125
0 0.548828125 0.55859375 0.5546875 0.5638020828125 0.564453125 0.5533854171875 0.5576171875 0.5416666671875 0.548828125 0.5481770828125 0.548828125 0.55859375
0 0.4638671875 0.5208333328125 0.458984375 0.5247395828125 0.4609375 0.5377604171875 0.4638671875 0.5442708328125 0.470703125 0.5455729171875 0.4765625 0.5377604171875 0.4765625 0.5325520828125 0.4716796875 0.5234375 0.4638671875 0.5208333328125
0 0.49609375 0.4674479171875 0.5048828125 0.4791666671875 0.517578125 0.4778645828125 0.515625 0.46484375 0.5068359375 0.4557291671875 0.5029296875 0.4557291671875 0.49609375 0.4674479171875
0 0.6884765625 0.453125 0.681640625 0.4622395828125 0.681640625 0.4674479171875 0.6884765625 0.4765625 0.6953125 0.4752604171875 0.701171875 0.4674479171875 0.701171875 0.4622395828125 0.6962890625 0.453125 0.6884765625 0.453125
0 0.4814453125 0.4322916671875 0.4755859375 0.4322916671875 0.462890625 0.4440104171875 0.462890625 0.4518229171875 0.4697265625 0.4609375 0.47265625 0.4596354171875 0.4794921875 0.4557291671875 0.484375 0.4466145828125 0.484375 0.4361979171875 0.4814453125 0.4322916671875
0 0.537109375 0.4205729171875 0.5400390625 0.4322916671875 0.5625 0.4309895828125 0.56640625 0.4231770828125 0.5615234375 0.4140625 0.5400390625 0.4140625 0.537109375 0.4205729171875
0 0.578125 0.4830729171875 0.5810546875 0.4973958328125 0.607421875 0.49609375 0.6171875 0.4908854171875 0.6123046875 0.4765625 0.5947265625 0.4765625 0.578125 0.4830729171875
0 0.736328125 0.23046875 0.736328125 0.24088541718749998 0.740234375 0.2513020828125 0.74609375 0.2565104171875 0.75 0.25390625 0.75 0.23046875 0.7431640625 0.2265625 0.736328125 0.23046875
0 0.6962890625 0.203125 0.712890625 0.20182291718749998 0.7109375 0.19140625 0.6962890625 0.1744791671875 0.685546875 0.1888020828125 0.6962890625 0.203125
0 0.7958984375 0.2630208328125 0.79296875 0.2669270828125 0.794921875 0.2799479171875 0.8046875 0.30078125 0.8095703125 0.3072916671875 0.8125 0.3059895828125 0.8193359375 0.3020833328125 0.822265625 0.29296875 0.8056640625 0.265625 0.7958984375 0.2630208328125
0 0.763671875 0.3684895828125 0.765625 0.3815104171875 0.771484375 0.3841145828125 0.783203125 0.3763020828125 0.7822265625 0.3645833328125 0.7685546875 0.3645833328125 0.763671875 0.3684895828125
0 0.6416015625 0.3802083328125 0.65234375 0.37890625 0.654296875 0.3736979171875 0.6474609375 0.3619791671875 0.638671875 0.3684895828125 0.6416015625 0.3802083328125
0 0.81640625 0.21223958281250002 0.8173828125 0.22135416718749998 0.830078125 0.22265625 0.833984375 0.21744791718749998 0.8310546875 0.20572916718749998 0.8212890625 0.20572916718749998 0.81640625 0.21223958281250002
0 0.6533203125 0.5885416671875 0.6484375 0.5950520828125 0.6484375 0.60546875 0.6533203125 0.6119791671875 0.66015625 0.6106770828125 0.6640625 0.60546875 0.6640625 0.59765625 0.6572265625 0.5885416671875 0.6533203125 0.5885416671875
0 0.677734375 0.5872395828125 0.677734375 0.60546875 0.6865234375 0.6223958328125 0.69140625 0.62109375 0.6953125 0.6106770828125 0.6953125 0.5846354171875 0.6806640625 0.5833333328125 0.677734375 0.5872395828125
0 0.759765625 0.6783854171875 0.7666015625 0.6848958328125 0.76953125 0.68359375 0.77734375 0.6731770828125 0.7685546875 0.6588541671875 0.76171875 0.6653645828125 0.759765625 0.6783854171875
0 0.6376953125 0.6979166671875 0.6513671875 0.7057291671875 0.662109375 0.7044270828125 0.6630859375 0.6901041671875 0.6494140625 0.6848958328125 0.634765625 0.6861979171875 0.6376953125 0.6979166671875
0 0.7958984375 0.7630208328125 0.796875 0.7799479171875 0.80859375 0.78515625 0.8125 0.7825520828125 0.810546875 0.7643229171875 0.8076171875 0.7604166671875 0.7958984375 0.7630208328125
0 0.7294921875 0.7552083328125 0.7265625 0.7591145828125 0.728515625 0.7747395828125 0.73828125 0.7747395828125 0.748046875 0.76953125 0.748046875 0.7591145828125 0.7431640625 0.7552083328125 0.7294921875 0.7552083328125