0 0.2431640625 0.3046875 0.234375 0.31640625 0.244140625 0.33984375 0.251953125 0.3450520828125 0.2578125 0.3424479171875 0.2578125 0.3294270828125 0.248046875 0.30859375 0.2431640625 0.3046875
0 0.2861328125 0.2421875 0.283203125 0.24609375 0.283203125 0.2565104171875 0.2880859375 0.2630208328125 0.3095703125 0.2708333328125 0.318359375 0.26953125 0.3203125 0.2565104171875 0.3154296875 0.25 0.2939453125 0.2421875 0.2861328125 0.2421875
0 0.400390625 0.3736979171875 0.400390625 0.37890625 0.4072265625 0.3880208328125 0.412109375 0.38671875 0.427734375 0.3684895828125 0.4267578125 0.359375 0.4130859375 0.3619791671875 0.400390625 0.3736979171875
0 0.3994140625 0.2630208328125 0.392578125 0.26953125 0.392578125 0.2747395828125 0.3974609375 0.2864583328125 0.404296875 0.28515625 0.41015625 0.2825520828125 0.41015625 0.2721354171875 0.4052734375 0.2630208328125 0.3994140625 0.2630208328125
0 0.4404296875 0.1770833328125 0.431640625 0.1888020828125 0.4384765625 0.20052083281250002 0.443359375 0.19921875 0.44921875 0.1940104171875 0.44921875 0.1861979171875 0.4443359375 0.1770833328125 0.4404296875 0.1770833328125
0 0.6328125 0.37890625 0.634765625 0.39453125 0.6435546875 0.4114583328125 0.6484375 0.41015625 0.650390625 0.38671875 0.6435546875 0.3723958328125 0.6376953125 0.3723958328125 0.6328125 0.37890625
0 0.6884765625 0.4375 0.677734375 0.44921875 0.677734375 0.4544270828125 0.6845703125 0.4635416671875 0.6875 0.4622395828125 0.703125 0.4466145828125 0.705078125 0.4361979171875 0.7021484375 0.4322916671875 0.6884765625 0.4375
0 0.744140625 0.4153645828125 0.7451171875 0.421875 0.751953125 0.4205729171875 0.76171875 0.41015625 0.7568359375 0.3984375 0.7509765625 0.3984375 0.744140625 0.4153645828125
0 0.71875 0.40234375 0.7236328125 0.40625 0.732421875 0.4049479171875 0.736328125 0.3919270828125 0.7314453125 0.3854166671875 0.7236328125 0.3854166671875 0.71875 0.40234375
0 0.6162109375 0.265625 0.615234375 0.2721354171875 0.62109375 0.2799479171875 0.6337890625 0.2734375 0.642578125 0.2591145828125 0.6357421875 0.2552083328125 0.6162109375 0.265625
0 0.5458984375 0.5338541671875 0.552734375 0.53515625 0.560546875 0.52734375 0.5537109375 0.5130208328125 0.541015625 0.5247395828125 0.5458984375 0.5338541671875
0 0.65625 0.5325520828125 0.658203125 0.5455729171875 0.6640625 0.55078125 0.6728515625 0.546875 0.673828125 0.5377604171875 0.6611328125 0.5234375 0.65625 0.5325520828125
0 0.529296875 0.7513020828125 0.5361328125 0.7578125 0.5390625 0.7565104171875 0.544921875 0.7486979171875 0.544921875 0.7434895828125 0.5341796875 0.7395833328125 0.529296875 0.7513020828125
0 0.5947265625 0.6458333328125 0.58984375 0.6471354171875 0.58203125 0.6731770828125 0.5869140625 0.6822916671875 0.58984375 0.6809895828125 0.595703125 0.67578125 0.6015625 0.66015625 0.6015625 0.6497395828125 0.5947265625 0.6458333328125
0 0.6318359375 0.5546875 0.623046875 0.5690104171875 0.623046875 0.5768229171875 0.630859375 0.5794270828125 0.6484375 0.5638020828125 0.6484375 0.55859375 0.6416015625 0.5494791671875 0.6318359375 0.5546875
0 0.583984375 0.74609375 0.5859375 0.75390625 0.591796875 0.7565104171875 0.59765625 0.7486979171875 0.59765625 0.7434895828125 0.5908203125 0.7369791671875 0.583984375 0.74609375
0 0.6279296875 0.6796875 0.650390625 0.6783854171875 0.654296875 0.6731770828125 0.6513671875 0.6640625 0.626953125 0.6653645828125 0.6279296875 0.6796875
0 0.7353515625 0.6432291671875 0.732421875 0.6471354171875 0.732421875 0.66015625 0.736328125 0.6705729171875 0.7412109375 0.6770833328125 0.744140625 0.67578125 0.751953125 0.6653645828125 0.74609375 0.65234375 0.7392578125 0.6432291671875 0.7353515625 0.6432291671875
0 0.2917408359375 0.4082149078125 0.295326634375 0.41865655 0.30331316406250003 0.42148449218749995 0.3106477421875 0.40777983593749995 0.3044541046875 0.3975557328125 0.29777149375 0.40060120625 0.2917408359375 0.4082149078125
0 0.244140625 0.3997395828125 0.244140625 0.4049479171875 0.2509765625 0.4140625 0.2578125 0.4127604171875 0.263671875 0.40234375 0.2587890625 0.3958333328125 0.2470703125 0.3958333328125 0.244140625 0.3997395828125
0 0.2626953125 0.5130208328125 0.259765625 0.5169270828125 0.2578125 0.5377604171875 0.2626953125 0.5520833328125 0.271484375 0.55078125 0.27734375 0.5481770828125 0.27734375 0.5377604171875 0.26953125 0.51953125 0.2626953125 0.5130208328125
0 0.21875 0.4466145828125 0.21875 0.4544270828125 0.23046875 0.4830729171875 0.2333984375 0.4869791671875 0.240234375 0.4856770828125 0.244140625 0.4778645828125 0.2421875 0.46484375 0.2294921875 0.4375 0.21875 0.4466145828125
0 0.3359375 0.49609375 0.3408203125 0.5026041671875 0.36328125 0.50390625 0.3603515625 0.4921875 0.3466796875 0.4817708328125 0.33984375 0.4830729171875 0.3359375 0.49609375
0 0.48828125 0.2565104171875 0.501953125 0.2565104171875 0.5 0.23567708281250002 0.4912109375 0.22916666718749998 0.48828125 0.23307291718749998 0.48828125 0.2565104171875
0 0.484375 0.33984375 0.4765625 0.3606770828125 0.4794921875 0.3697916671875 0.48828125 0.37109375 0.49609375 0.3528645828125 0.49609375 0.3372395828125 0.4912109375 0.3333333328125 0.484375 0.33984375
0 0.43432808281249996 0.45139144531250003 0.44263270312499997 0.47273169531250003 0.4549037046875 0.45817399999999997 0.44709488750000004 0.4459323109375 0.44015371718749996 0.4449397421875 0.43432808281249996 0.45139144531250003
0 0.4453125 0.4934895828125 0.4453125 0.5065104171875 0.453125 0.5221354171875 0.458984375 0.5247395828125 0.466796875 0.5169270828125 0.458984375 0.5013020828125 0.4482421875 0.4895833328125 0.4453125 0.4934895828125
0 0.5517578125 0.4244791671875 0.548828125 0.4283854171875 0.548828125 0.44140625 0.560546875 0.44140625 0.5654296875 0.4401041671875 0.568359375 0.4309895828125 0.5654296875 0.4270833328125 0.5517578125 0.4244791671875
0 0.576171875 0.4075520828125 0.57421875 0.4127604171875 0.5791015625 0.421875 0.59375 0.42578125 0.59765625 0.41796875 0.5947265625 0.40625 0.5791015625 0.4036458328125 0.576171875 0.4075520828125
0 0.35546875 0.3893229171875 0.35546875 0.3971354171875 0.3603515625 0.4036458328125 0.365234375 0.40234375 0.37109375 0.3919270828125 0.3662109375 0.3828125 0.3623046875 0.3828125 0.35546875 0.3893229171875
0 0.4140625 0.5638020828125 0.416015625 0.57421875 0.423828125 0.57421875 0.4296875 0.56640625 0.4248046875 0.5598958328125 0.4169921875 0.5598958328125 0.4140625 0.5638020828125
0 0.35546875 0.7330729171875 0.3603515625 0.7395833328125 0.365234375 0.73828125 0.369140625 0.7278645828125 0.3642578125 0.71875 0.3544921875 0.7161458328125 0.35546875 0.7330729171875
0 0.3408203125 0.7786458328125 0.3359375 0.78515625 0.3359375 0.7955729171875 0.3388671875 0.7994791671875 0.34765625 0.7981770828125 0.3515625 0.79296875 0.3515625 0.78515625 0.3466796875 0.7786458328125 0.3408203125 0.7786458328125
0 0.44140625 0.6809895828125 0.4482421875 0.6979166671875 0.462890625 0.7018229171875 0.46484375 0.6861979171875 0.4619140625 0.6822916671875 0.4501953125 0.6770833328125 0.44140625 0.6809895828125
0 0.4658203125 0.7786458328125 0.478515625 0.7799479171875 0.48046875 0.7643229171875 0.4638671875 0.7578125 0.4609375 0.7721354171875 0.4658203125 0.7786458328125
0 0.19921875 0.63671875 0.2021484375 0.640625 0.2109375 0.6393229171875 0.216796875 0.6236979171875 0.2041015625 0.6197916671875 0.19921875 0.6263020828125 0.19921875 0.63671875
0 0.216796875 0.7044270828125 0.216796875 0.7252604171875 0.2265625 0.7252604171875 0.232421875 0.7200520828125 0.23046875 0.70703125 0.2197265625 0.7005208328125 0.216796875 0.7044270828125
0 0.2841796875 0.703125 0.291015625 0.7018229171875 0.296875 0.6966145828125 0.2919921875 0.6822916671875 0.279296875 0.69140625 0.2841796875 0.703125
0 0.345703125 0.6315104171875 0.3486328125 0.6354166671875 0.359375 0.6341145828125 0.359375 0.6236979171875 0.3564453125 0.6197916671875 0.345703125 0.62109375 0.345703125 0.6315104171875
0 0.275390625 0.74609375 0.2763671875 0.7604166671875 0.2890625 0.7591145828125 0.291015625 0.74609375 0.2880859375 0.7421875 0.2783203125 0.7421875 0.275390625 0.74609375