0 0.591796875 0.31640625 0.5986328125 0.3229166671875 0.60546875 0.3216145828125 0.609375 0.3059895828125 0.6064453125 0.3020833328125 0.5947265625 0.3020833328125 0.591796875 0.31640625
0 0.6630859375 0.2578125 0.658203125 0.2643229171875 0.6650390625 0.2786458328125 0.6767578125 0.2864583328125 0.681640625 0.28515625 0.685546875 0.2747395828125 0.6826171875 0.265625 0.6689453125 0.2578125 0.6630859375 0.2578125
0 0.642578125 0.40234375 0.6455078125 0.4140625 0.654296875 0.4127604171875 0.65625 0.40234375 0.6533203125 0.3984375 0.6455078125 0.3984375 0.642578125 0.40234375
0 0.6591796875 0.3541666671875 0.650390625 0.37109375 0.6513671875 0.3802083328125 0.66015625 0.37890625 0.669921875 0.37109375 0.66796875 0.3606770828125 0.6630859375 0.3541666671875 0.6591796875 0.3541666671875
0 0.5810546875 0.34375 0.57421875 0.3528645828125 0.57421875 0.3580729171875 0.5810546875 0.3645833328125 0.59375 0.36328125 0.6015625 0.3580729171875 0.6015625 0.3450520828125 0.5986328125 0.3411458328125 0.5810546875 0.34375
0 0.455078125 0.19921875 0.451171875 0.21484375 0.451171875 0.23046875 0.453125 0.23828125 0.45703125 0.23828125 0.46875 0.20703125 0.4658203125 0.20052083281250002 0.4599609375 0.1979166671875 0.455078125 0.19921875
0 0.37890625 0.3033854171875 0.380859375 0.30859375 0.3837890625 0.3125 0.392578125 0.3111979171875 0.392578125 0.2981770828125 0.3896484375 0.2942708328125 0.3818359375 0.2942708328125 0.37890625 0.3033854171875
0 0.4013671875 0.3567708328125 0.400390625 0.37109375 0.4033203125 0.375 0.408203125 0.3736979171875 0.4169921875 0.3723958328125 0.419921875 0.3658854171875 0.4091796875 0.3567708328125 0.4013671875 0.3567708328125
0 0.341796875 0.4075520828125 0.341796875 0.4153645828125 0.3466796875 0.421875 0.361328125 0.4283854171875 0.365234375 0.4153645828125 0.3603515625 0.4088541671875 0.3505859375 0.4036458328125 0.341796875 0.4075520828125
0 0.3134765625 0.4401041671875 0.310546875 0.4440104171875 0.3193359375 0.4583333328125 0.3359375 0.46484375 0.33984375 0.4596354171875 0.3369140625 0.4479166671875 0.3232421875 0.4401041671875 0.3134765625 0.4401041671875
0 0.25390625 0.63671875 0.25390625 0.64453125 0.2607421875 0.6536458328125 0.2705078125 0.6588541671875 0.27734375 0.6575520828125 0.28125 0.6497395828125 0.2783203125 0.640625 0.2666015625 0.6354166671875 0.25390625 0.63671875
0 0.22265625 0.5924479171875 0.22265625 0.61328125 0.228515625 0.62890625 0.234375 0.62890625 0.2421875 0.6184895828125 0.234375 0.59765625 0.2255859375 0.5885416671875 0.22265625 0.5924479171875
0 0.3486328125 0.5598958328125 0.357421875 0.55859375 0.359375 0.55078125 0.3544921875 0.5442708328125 0.345703125 0.5455729171875 0.3486328125 0.5598958328125
0 0.3203125 0.6341145828125 0.32421875 0.6471354171875 0.3271484375 0.6510416671875 0.33203125 0.6497395828125 0.3359375 0.6471354171875 0.3359375 0.6393229171875 0.3232421875 0.6276041671875 0.3203125 0.6341145828125
0 0.3427734375 0.6848958328125 0.34375 0.7044270828125 0.353515625 0.70703125 0.357421875 0.7044270828125 0.35546875 0.6940104171875 0.3486328125 0.6848958328125 0.3427734375 0.6848958328125
0 0.359375 0.7174479171875 0.359375 0.72265625 0.3720703125 0.7395833328125 0.3828125 0.73828125 0.380859375 0.7252604171875 0.3701171875 0.7109375 0.3642578125 0.7109375 0.359375 0.7174479171875
0 0.42578125 0.5872395828125 0.4306640625 0.59375 0.4375 0.5924479171875 0.439453125 0.58203125 0.4345703125 0.5755208328125 0.42578125 0.5794270828125 0.42578125 0.5872395828125
0 0.494140625 0.58203125 0.494140625 0.5611979171875 0.4814453125 0.5598958328125 0.482421875 0.58203125 0.494140625 0.58203125
0 0.5234375 0.6627604171875 0.5234375 0.67578125 0.5263671875 0.6796875 0.54296875 0.6783854171875 0.544921875 0.66796875 0.5400390625 0.6614583328125 0.5263671875 0.6588541671875 0.5234375 0.6627604171875
0 0.451171875 0.67578125 0.451171875 0.68359375 0.4541015625 0.6927083328125 0.4609375 0.69140625 0.466796875 0.6861979171875 0.466796875 0.67578125 0.4560546875 0.671875 0.451171875 0.67578125
0 0.458984375 0.7513020828125 0.458984375 0.76953125 0.466796875 0.76953125 0.474609375 0.74609375 0.4716796875 0.734375 0.4658203125 0.734375 0.458984375 0.7513020828125
0 0.53125 0.7721354171875 0.53515625 0.7877604171875 0.541015625 0.7877604171875 0.560546875 0.7669270828125 0.5615234375 0.7526041671875 0.5537109375 0.7526041671875 0.53125 0.7721354171875
0 0.58984375 0.55859375 0.599609375 0.5611979171875 0.60546875 0.54296875 0.5966796875 0.5390625 0.58984375 0.55078125 0.58984375 0.55859375
0 0.556640625 0.4231770828125 0.552734375 0.4388020828125 0.552734375 0.4544270828125 0.560546875 0.4544270828125 0.5703125 0.4309895828125 0.5703125 0.42578125 0.5615234375 0.4192708328125 0.556640625 0.4231770828125
0 0.603515625 0.4986979171875 0.6064453125 0.5104166671875 0.615234375 0.51171875 0.626953125 0.48828125 0.6259765625 0.4791666671875 0.6123046875 0.484375 0.603515625 0.4986979171875
0 0.541015625 0.4778645828125 0.537109375 0.5013020828125 0.5400390625 0.5078125 0.548828125 0.5091145828125 0.5546875 0.4830729171875 0.5517578125 0.4713541671875 0.5458984375 0.4713541671875 0.541015625 0.4778645828125
0 0.6630859375 0.4765625 0.671875 0.4752604171875 0.6728515625 0.4609375 0.6669921875 0.4583333328125 0.66015625 0.46484375 0.6630859375 0.4765625
0 0.7861328125 0.3307291671875 0.78125 0.3424479171875 0.787109375 0.3606770828125 0.7900390625 0.3645833328125 0.796875 0.36328125 0.80078125 0.3450520828125 0.796875 0.3294270828125 0.7919921875 0.328125 0.7861328125 0.3307291671875
0 0.744140625 0.4440104171875 0.7470703125 0.4505208328125 0.755859375 0.4518229171875 0.76171875 0.4440104171875 0.7568359375 0.4348958328125 0.7490234375 0.4375 0.744140625 0.4440104171875
0 0.765625 0.3997395828125 0.7685546875 0.4088541671875 0.783203125 0.4075520828125 0.78515625 0.40234375 0.7802734375 0.390625 0.7744140625 0.390625 0.765625 0.3997395828125
0 0.771484375 0.4856770828125 0.7724609375 0.4973958328125 0.78515625 0.4986979171875 0.7890625 0.49609375 0.7890625 0.4908854171875 0.7822265625 0.4791666671875 0.771484375 0.4856770828125
0 0.681640625 0.5611979171875 0.681640625 0.5846354171875 0.6845703125 0.5885416671875 0.693359375 0.5872395828125 0.697265625 0.57421875 0.69921875 0.5403645828125 0.6865234375 0.5390625 0.681640625 0.5611979171875
0 0.6484375 0.60546875 0.6484375 0.61328125 0.6533203125 0.6223958328125 0.658203125 0.62109375 0.666015625 0.61328125 0.662109375 0.6028645828125 0.6552734375 0.5989583328125 0.6484375 0.60546875
0 0.728515625 0.6184895828125 0.7333984375 0.6302083328125 0.7421875 0.6315104171875 0.748046875 0.62109375 0.7431640625 0.6145833328125 0.7314453125 0.6145833328125 0.728515625 0.6184895828125
0 0.69140625 0.6419270828125 0.6943359375 0.6536458328125 0.7041015625 0.6614583328125 0.708984375 0.66015625 0.712890625 0.65234375 0.7119140625 0.6432291671875 0.7001953125 0.6354166671875 0.69140625 0.6419270828125
0 0.80078125 0.64453125 0.8056640625 0.65625 0.810546875 0.6549479171875 0.81640625 0.6497395828125 0.8134765625 0.6354166671875 0.8076171875 0.6354166671875 0.80078125 0.64453125
0 0.7900390625 0.7213541671875 0.787109375 0.7278645828125 0.7998046875 0.7421875 0.802734375 0.7408854171875 0.806640625 0.73828125 0.80859375 0.7278645828125 0.8017578125 0.71875 0.7900390625 0.7213541671875
0 0.716796875 0.74609375 0.716796875 0.75390625 0.7197265625 0.7578125 0.7265625 0.7565104171875 0.732421875 0.7513020828125 0.732421875 0.7434895828125 0.7216796875 0.7369791671875 0.716796875 0.74609375
0 0.70703125 0.79296875 0.70703125 0.80078125 0.7119140625 0.8046875 0.734375 0.8059895828125001 0.73828125 0.7955729171875 0.7333984375 0.7890625 0.7099609375 0.7864583328125 0.70703125 0.79296875