0 0.1982421875 0.2604166671875 0.19140625 0.2799479171875 0.197265625 0.30078125 0.20703125 0.30078125 0.2109375 0.2981770828125 0.208984375 0.2825520828125 0.203125 0.2643229171875 0.1982421875 0.2604166671875
0 0.212890625 0.37109375 0.2294921875 0.390625 0.234375 0.3893229171875 0.23828125 0.3763020828125 0.2314453125 0.3671875 0.2158203125 0.359375 0.212890625 0.37109375
0 0.279296875 0.5455729171875 0.283203125 0.5533854171875 0.2900390625 0.5598958328125 0.29296875 0.55859375 0.294921875 0.5481770828125 0.291015625 0.53515625 0.2802734375 0.5364583328125 0.279296875 0.5455729171875
0 0.197265625 0.54296875 0.201171875 0.5559895828125 0.2041015625 0.5598958328125 0.2109375 0.55859375 0.216796875 0.5559895828125 0.212890625 0.53515625 0.2001953125 0.5364583328125 0.197265625 0.54296875
0 0.318359375 0.5065104171875 0.318359375 0.5221354171875 0.32421875 0.5221354171875 0.33984375 0.4986979171875 0.3310546875 0.4869791671875 0.322265625 0.49609375 0.318359375 0.5065104171875
0 0.3017578125 0.6484375 0.298828125 0.6549479171875 0.3037109375 0.6640625 0.306640625 0.6627604171875 0.310546875 0.66015625 0.310546875 0.6497395828125 0.3076171875 0.6458333328125 0.3017578125 0.6484375
0 0.2587890625 0.6640625 0.2294921875 0.6692708328125 0.2265625 0.6809895828125 0.2314453125 0.6901041671875 0.236328125 0.6888020828125 0.2626953125 0.6848958328125 0.265625 0.6809895828125 0.263671875 0.66796875 0.2587890625 0.6640625
0 0.1953125 0.7981770828125 0.197265625 0.8138020828125001 0.2001953125 0.8203125 0.208984375 0.8216145828125001 0.21484375 0.8111979171874999 0.212890625 0.79296875 0.2001953125 0.7916666671875 0.1953125 0.7981770828125
0 0.3125 0.2981770828125 0.3125 0.3138020828125 0.3154296875 0.3203125 0.3203125 0.3190104171875 0.330078125 0.30078125 0.3271484375 0.2942708328125 0.3173828125 0.2890625 0.3125 0.2981770828125
0 0.3037109375 0.203125 0.298828125 0.20963541718749998 0.30078125 0.21744791718749998 0.3154296875 0.23958333281250002 0.318359375 0.23828125 0.326171875 0.23046875 0.32421875 0.22265625 0.3095703125 0.203125 0.3037109375 0.203125
0 0.3720703125 0.3984375 0.37109375 0.41796875 0.376953125 0.4309895828125 0.3828125 0.43359375 0.390625 0.42578125 0.390625 0.4205729171875 0.3779296875 0.3984375 0.3720703125 0.3984375
0 0.470703125 0.3893229171875 0.470703125 0.4075520828125 0.4755859375 0.4140625 0.482421875 0.4127604171875 0.484375 0.3893229171875 0.4814453125 0.3854166671875 0.4736328125 0.3854166671875 0.470703125 0.3893229171875
0 0.517578125 0.36328125 0.515625 0.39453125 0.5185546875 0.3984375 0.525390625 0.3971354171875 0.533203125 0.37890625 0.5322265625 0.359375 0.5205078125 0.359375 0.517578125 0.36328125
0 0.3701171875 0.296875 0.369140625 0.3059895828125 0.3759765625 0.3151041671875 0.380859375 0.3138020828125 0.384765625 0.30859375 0.384765625 0.2981770828125 0.3818359375 0.2942708328125 0.3701171875 0.296875
0 0.6259765625 0.21354166718749998 0.6328125 0.21223958281250002 0.634765625 0.20703125 0.6298828125 0.1979166671875 0.62109375 0.20442708281250002 0.6259765625 0.21354166718749998
0 0.611328125 0.27734375 0.6171875 0.27734375 0.623046875 0.2721354171875 0.6201171875 0.2578125 0.611328125 0.26171875 0.611328125 0.27734375
0 0.4853515625 0.23177083281250002 0.478515625 0.24088541718749998 0.478515625 0.24609375 0.4853515625 0.2552083328125 0.490234375 0.25390625 0.49609375 0.24609375 0.49609375 0.24088541718749998 0.4892578125 0.23177083281250002 0.4853515625 0.23177083281250002
0 0.4384765625 0.2265625 0.43359375 0.23567708281250002 0.4384765625 0.25 0.458984375 0.24869791718749998 0.4658203125 0.24739583281250002 0.466796875 0.24348958281250002 0.4580078125 0.22916666718749998 0.4384765625 0.2265625
0 0.6171875 0.4674479171875 0.6201171875 0.4739583328125 0.626953125 0.47265625 0.6328125 0.46484375 0.6259765625 0.453125 0.6171875 0.4622395828125 0.6171875 0.4674479171875
0 0.53125 0.5013020828125 0.5322265625 0.5104166671875 0.5390625 0.5091145828125 0.548828125 0.49609375 0.548828125 0.4908854171875 0.5400390625 0.4817708328125 0.53125 0.5013020828125
0 0.34375 0.8059895828125001 0.3486328125 0.8125 0.35546875 0.8111979171874999 0.359375 0.8033854171874999 0.359375 0.79296875 0.3486328125 0.7890625 0.34375 0.8059895828125001
0 0.4013671875 0.7109375 0.396484375 0.7174479171875 0.3984375 0.73046875 0.4072265625 0.7421875 0.416015625 0.7434895828125 0.41796875 0.73828125 0.412109375 0.72265625 0.4052734375 0.7109375 0.4013671875 0.7109375
0 0.490234375 0.66796875 0.4931640625 0.6744791671875 0.5 0.6731770828125 0.50390625 0.6653645828125 0.4931640625 0.6536458328125 0.490234375 0.6575520828125 0.490234375 0.66796875
0 0.591796875 0.6080729171875 0.591796875 0.6184895828125 0.5947265625 0.6223958328125 0.61328125 0.62109375 0.6171875 0.6158854171875 0.6142578125 0.6067708328125 0.5947265625 0.6041666671875 0.591796875 0.6080729171875
0 0.560546875 0.5377604171875 0.5634765625 0.5494791671875 0.5703125 0.5481770828125 0.583984375 0.52734375 0.5771484375 0.515625 0.5712890625 0.515625 0.560546875 0.5377604171875
0 0.4189453125 0.65625 0.423828125 0.6549479171875 0.4296875 0.64453125 0.4169921875 0.6354166671875 0.41015625 0.6471354171875 0.4189453125 0.65625
0 0.630859375 0.7591145828125 0.6376953125 0.765625 0.64453125 0.7643229171875 0.6484375 0.7434895828125 0.6416015625 0.7369791671875 0.634765625 0.7434895828125 0.630859375 0.7591145828125
0 0.52734375 0.7486979171875 0.5302734375 0.7552083328125 0.5390625 0.7565104171875 0.55078125 0.7330729171875 0.5478515625 0.7213541671875 0.5419921875 0.7239583328125 0.52734375 0.7486979171875
0 0.705078125 0.20963541718749998 0.7080078125 0.21354166718749998 0.7265625 0.21223958281250002 0.732421875 0.20442708281250002 0.7216796875 0.1927083328125 0.70703125 0.1940104171875 0.705078125 0.20963541718749998
0 0.767578125 0.20703125 0.7685546875 0.21354166718749998 0.7890625 0.21484375 0.798828125 0.20963541718749998 0.7958984375 0.1901041671875 0.7763671875 0.1979166671875 0.767578125 0.20703125
0 0.6875 0.40234375 0.6904296875 0.4088541671875 0.697265625 0.4075520828125 0.701171875 0.4049479171875 0.701171875 0.3971354171875 0.6923828125 0.390625 0.6875 0.40234375
0 0.611328125 0.6809895828125 0.615234375 0.6940104171875 0.62109375 0.6940104171875 0.634765625 0.6783854171875 0.6357421875 0.6640625 0.6298828125 0.6640625 0.611328125 0.6809895828125
0 0.693359375 0.5924479171875 0.6962890625 0.6041666671875 0.703125 0.6028645828125 0.712890625 0.59765625 0.7080078125 0.5833333328125 0.7021484375 0.5833333328125 0.693359375 0.5924479171875
0 0.76171875 0.55859375 0.7666015625 0.5703125 0.779296875 0.5690104171875 0.78125 0.5611979171875 0.7744140625 0.5520833328125 0.7685546875 0.5494791671875 0.76171875 0.55859375
0 0.7314453125 0.4375 0.7236328125 0.4375 0.712890625 0.4544270828125 0.708984375 0.4752604171875 0.720703125 0.48046875 0.724609375 0.4778645828125 0.724609375 0.4700520828125 0.732421875 0.4518229171875 0.7314453125 0.4375
0 0.73828125 0.7486979171875 0.73828125 0.75390625 0.7451171875 0.7630208328125 0.75390625 0.76171875 0.755859375 0.7513020828125 0.7509765625 0.7421875 0.7431640625 0.7421875 0.73828125 0.7486979171875
0 0.7490234375 0.6692708328125 0.7421875 0.6783854171875 0.744140625 0.6888020828125 0.751953125 0.6940104171875 0.7578125 0.6888020828125 0.759765625 0.6809895828125 0.7568359375 0.6692708328125 0.7490234375 0.6692708328125
0 0.703125 0.8059895828125001 0.703125 0.8111979171874999 0.7119140625 0.8255208328125001 0.716796875 0.82421875 0.72265625 0.8138020828125001 0.720703125 0.8059895828125001 0.7119140625 0.796875 0.703125 0.8059895828125001
0 0.7421875 0.3372395828125 0.75390625 0.3372395828125 0.75390625 0.3190104171875 0.7451171875 0.3177083328125 0.7421875 0.3216145828125 0.7421875 0.3372395828125
0 0.7734375 0.3580729171875 0.7734375 0.3684895828125 0.7763671875 0.3723958328125 0.78515625 0.37109375 0.7890625 0.36328125 0.7890625 0.3528645828125 0.7861328125 0.3489583328125 0.7734375 0.3580729171875