0 0.53125 0.1966145828125 0.541015625 0.1966145828125 0.556640625 0.18359375 0.5517578125 0.1692708328125 0.533203125 0.18359375 0.53125 0.1966145828125
0 0.5126953125 0.21614583281250002 0.5078125 0.22265625 0.5078125 0.23046875 0.5126953125 0.23697916718749998 0.5263671875 0.24479166718749998 0.533203125 0.24348958281250002 0.53515625 0.22786458281250002 0.5322265625 0.22395833281250002 0.5185546875 0.21614583281250002 0.5126953125 0.21614583281250002
0 0.40234375 0.2721354171875 0.40625 0.2825520828125 0.412109375 0.28515625 0.419921875 0.2799479171875 0.41796875 0.26953125 0.4130859375 0.2630208328125 0.40234375 0.2721354171875
0 0.447265625 0.29296875 0.447265625 0.30078125 0.4560546875 0.3151041671875 0.4609375 0.3138020828125 0.462890625 0.2981770828125 0.4609375 0.2903645828125 0.4560546875 0.2864583328125 0.447265625 0.29296875
0 0.353515625 0.3059895828125 0.3564453125 0.3177083328125 0.3671875 0.3190104171875 0.373046875 0.2955729171875 0.3720703125 0.28125 0.3662109375 0.28125 0.353515625 0.3059895828125
0 0.2392578125 0.296875 0.23828125 0.3059895828125 0.24609375 0.32421875 0.2509765625 0.3307291671875 0.259765625 0.3294270828125 0.26171875 0.3216145828125 0.251953125 0.2981770828125 0.2490234375 0.2942708328125 0.2392578125 0.296875
0 0.2880859375 0.22916666718749998 0.28515625 0.23567708281250002 0.28515625 0.24348958281250002 0.2900390625 0.25 0.3095703125 0.2578125 0.322265625 0.2565104171875 0.322265625 0.24088541718749998 0.3173828125 0.23697916718749998 0.2939453125 0.22916666718749998 0.2880859375 0.22916666718749998
0 0.22265625 0.4361979171875 0.22265625 0.44140625 0.234375 0.4700520828125 0.2373046875 0.4739583328125 0.244140625 0.47265625 0.24609375 0.4544270828125 0.23828125 0.43359375 0.2314453125 0.4270833328125 0.22265625 0.4361979171875
0 0.298828125 0.4049479171875 0.30859375 0.4049479171875 0.310546875 0.3893229171875 0.3017578125 0.3880208328125 0.298828125 0.3919270828125 0.298828125 0.4049479171875
0 0.248046875 0.39453125 0.259765625 0.40234375 0.265625 0.3971354171875 0.265625 0.38671875 0.2509765625 0.3828125 0.248046875 0.39453125
0 0.2666015625 0.5026041671875 0.263671875 0.5065104171875 0.26171875 0.5247395828125 0.2685546875 0.5390625 0.279296875 0.5377604171875 0.283203125 0.53515625 0.28125 0.5247395828125 0.275390625 0.5091145828125 0.2666015625 0.5026041671875
0 0.3525390625 0.6223958328125 0.361328125 0.62109375 0.36328125 0.6106770828125 0.3603515625 0.6067708328125 0.349609375 0.6080729171875 0.3525390625 0.6223958328125
0 0.294921875 0.74609375 0.2958984375 0.7317708328125 0.28125 0.7330729171875 0.2822265625 0.7473958328125 0.294921875 0.74609375
0 0.2880859375 0.6901041671875 0.296875 0.6888020828125 0.302734375 0.68359375 0.2978515625 0.6692708328125 0.283203125 0.6783854171875 0.2880859375 0.6901041671875
0 0.2236328125 0.7135416671875 0.234375 0.7122395828125 0.234375 0.69140625 0.2236328125 0.6901041671875 0.220703125 0.7096354171875 0.2236328125 0.7135416671875
0 0.2099609375 0.6067708328125 0.205078125 0.6106770828125 0.203125 0.6236979171875 0.2080078125 0.6302083328125 0.21484375 0.62890625 0.21875 0.6263020828125 0.22265625 0.61328125 0.2158203125 0.6067708328125 0.2099609375 0.6067708328125
0 0.345703125 0.7565104171875 0.345703125 0.76953125 0.3486328125 0.7734375 0.357421875 0.7721354171875 0.361328125 0.76953125 0.359375 0.75390625 0.3486328125 0.7526041671875 0.345703125 0.7565104171875
0 0.38671875 0.68359375 0.3984375 0.68359375 0.3984375 0.6653645828125 0.3896484375 0.6588541671875 0.384765625 0.67578125 0.38671875 0.68359375
0 0.4541015625 0.6536458328125 0.451171875 0.6575520828125 0.453125 0.6731770828125 0.4599609375 0.6848958328125 0.46484375 0.68359375 0.4716796875 0.6796875 0.47265625 0.6731770828125 0.4638671875 0.6588541671875 0.4541015625 0.6536458328125
0 0.404296875 0.7513020828125 0.4052734375 0.7552083328125 0.419921875 0.75390625 0.4296875 0.73828125 0.4248046875 0.7265625 0.4189453125 0.7265625 0.404296875 0.7513020828125
0 0.4287109375 0.5755208328125 0.43359375 0.57421875 0.4375 0.56640625 0.4365234375 0.5598958328125 0.423828125 0.5638020828125 0.4287109375 0.5755208328125
0 0.4912109375 0.5807291671875 0.50390625 0.58203125 0.505859375 0.5768229171875 0.5009765625 0.5651041671875 0.490234375 0.56640625 0.4912109375 0.5807291671875
0 0.453125 0.60546875 0.4638671875 0.6171875 0.470703125 0.6158854171875 0.474609375 0.6028645828125 0.4677734375 0.59375 0.4599609375 0.5911458328125 0.453125 0.60546875
0 0.4736328125 0.4921875 0.470703125 0.50390625 0.4833984375 0.5182291671875 0.490234375 0.51953125 0.49609375 0.51171875 0.49609375 0.5065104171875 0.4833984375 0.4921875 0.4736328125 0.4921875
0 0.361328125 0.38671875 0.3671875 0.3893229171875 0.373046875 0.3841145828125 0.3681640625 0.3697916671875 0.359375 0.37890625 0.361328125 0.38671875
0 0.3515625 0.4908854171875 0.3564453125 0.4973958328125 0.365234375 0.49609375 0.3671875 0.4856770828125 0.3623046875 0.4765625 0.3515625 0.48046875 0.3515625 0.4908854171875
0 0.4267578125 0.4166666671875 0.41796875 0.4309895828125 0.4208984375 0.4348958328125 0.43359375 0.43359375 0.443359375 0.4283854171875 0.443359375 0.4153645828125 0.4404296875 0.4114583328125 0.4267578125 0.4166666671875
0 0.5537109375 0.3333333328125 0.55078125 0.3372395828125 0.548828125 0.3684895828125 0.5517578125 0.3723958328125 0.556640625 0.37109375 0.564453125 0.3528645828125 0.564453125 0.3372395828125 0.5615234375 0.3333333328125 0.5537109375 0.3333333328125
0 0.6025390625 0.2760416671875 0.599609375 0.2799479171875 0.599609375 0.30859375 0.607421875 0.3111979171875 0.61328125 0.30859375 0.61328125 0.2877604171875 0.6083984375 0.2760416671875 0.6025390625 0.2760416671875
0 0.6435546875 0.3125 0.640625 0.3190104171875 0.634765625 0.3424479171875 0.6376953125 0.3489583328125 0.642578125 0.34765625 0.6484375 0.3424479171875 0.65625 0.3216145828125 0.6513671875 0.3125 0.6435546875 0.3125
0 0.6484375 0.4908854171875 0.6484375 0.4986979171875 0.6533203125 0.5052083328125 0.65625 0.50390625 0.662109375 0.49609375 0.6591796875 0.484375 0.6533203125 0.484375 0.6484375 0.4908854171875
0 0.5546875 0.48046875 0.5595703125 0.484375 0.56640625 0.4830729171875 0.568359375 0.4596354171875 0.5654296875 0.4557291671875 0.556640625 0.4674479171875 0.5546875 0.48046875
0 0.703125 0.64453125 0.7099609375 0.65625 0.716796875 0.6575520828125 0.716796875 0.6419270828125 0.7099609375 0.6328125 0.703125 0.6393229171875 0.703125 0.64453125
0 0.642578125 0.5794270828125 0.642578125 0.5872395828125 0.6474609375 0.59375 0.6572265625 0.6015625 0.662109375 0.6002604171875 0.666015625 0.58984375 0.6611328125 0.5833333328125 0.6533203125 0.578125 0.642578125 0.5794270828125
0 0.5849609375 0.5546875 0.58203125 0.55859375 0.5830078125 0.5729166671875 0.59765625 0.5716145828125 0.6044921875 0.5703125 0.611328125 0.5611979171875 0.611328125 0.5559895828125 0.5849609375 0.5546875
0 0.5810546875 0.6927083328125 0.591796875 0.69140625 0.591796875 0.68359375 0.5869140625 0.6744791671875 0.578125 0.6809895828125 0.5810546875 0.6927083328125
0 0.53125 0.68359375 0.5361328125 0.6927083328125 0.541015625 0.69140625 0.544921875 0.68359375 0.541015625 0.6731770828125 0.5361328125 0.671875 0.53125 0.68359375
0 0.6904296875 0.7291666671875 0.703125 0.7278645828125 0.705078125 0.7122395828125 0.7021484375 0.7083333328125 0.689453125 0.7122395828125 0.6904296875 0.7291666671875
0 0.6806640625 0.4322916671875 0.6953125 0.4309895828125 0.697265625 0.4205729171875 0.6943359375 0.4114583328125 0.677734375 0.4231770828125 0.6806640625 0.4322916671875
0 0.71875 0.4778645828125 0.7236328125 0.484375 0.73828125 0.48828125 0.7421875 0.4778645828125 0.7412109375 0.46875 0.720703125 0.4674479171875 0.71875 0.4778645828125