0 0.2939453125 0.3854166671875 0.30859375 0.38671875 0.30859375 0.37890625 0.2978515625 0.3645833328125 0.2890625 0.3736979171875 0.2939453125 0.3854166671875
0 0.259765625 0.2825520828125 0.2646484375 0.2916666671875 0.271484375 0.2903645828125 0.2890625 0.2799479171875 0.2861328125 0.265625 0.2666015625 0.2734375 0.259765625 0.2825520828125
0 0.2080078125 0.3854166671875 0.1982421875 0.390625 0.197265625 0.40234375 0.2021484375 0.4088541671875 0.20703125 0.4075520828125 0.2236328125 0.4010416671875 0.228515625 0.3919270828125 0.2197265625 0.3854166671875 0.2080078125 0.3854166671875
0 0.2880859375 0.5104166671875 0.28515625 0.5143229171875 0.283203125 0.5247395828125 0.29296875 0.52734375 0.30078125 0.5221354171875 0.302734375 0.5143229171875 0.2998046875 0.5104166671875 0.2880859375 0.5104166671875
0 0.2578125 0.64453125 0.2646484375 0.6614583328125 0.2734375 0.66015625 0.27734375 0.6497395828125 0.2744140625 0.6458333328125 0.2626953125 0.640625 0.2578125 0.64453125
0 0.1982421875 0.6041666671875 0.1953125 0.62109375 0.1982421875 0.625 0.2109375 0.6236979171875 0.21484375 0.62109375 0.21484375 0.6080729171875 0.2119140625 0.6041666671875 0.1982421875 0.6041666671875
0 0.265625 0.57421875 0.265625 0.5846354171875 0.2724609375 0.59375 0.2890625 0.5950520828125 0.29296875 0.5872395828125 0.2919921875 0.5807291671875 0.2744140625 0.5729166671875 0.265625 0.57421875
0 0.205078125 0.4934895828125 0.205078125 0.4986979171875 0.2138671875 0.5052083328125 0.232421875 0.50390625 0.234375 0.48828125 0.2314453125 0.484375 0.2119140625 0.484375 0.205078125 0.4934895828125
0 0.32421875 0.7955729171875 0.333984375 0.7981770828125 0.33984375 0.78515625 0.3310546875 0.7760416671875 0.32421875 0.7877604171875 0.32421875 0.7955729171875
0 0.17578125 0.7799479171875 0.177734375 0.80078125 0.1826171875 0.8072916671874999 0.189453125 0.8059895828125001 0.193359375 0.80078125 0.193359375 0.77734375 0.1787109375 0.7760416671875 0.17578125 0.7799479171875
0 0.3095703125 0.7213541671875 0.3037109375 0.7213541671875 0.298828125 0.7278645828125 0.291015625 0.76171875 0.2939453125 0.7682291671875 0.302734375 0.7721354171875 0.30859375 0.76171875 0.314453125 0.7356770828125 0.314453125 0.7278645828125 0.3095703125 0.7213541671875
0 0.34765625 0.58203125 0.34765625 0.5924479171875 0.357421875 0.59765625 0.361328125 0.58203125 0.3583984375 0.578125 0.3505859375 0.578125 0.34765625 0.58203125
0 0.392578125 0.6315104171875 0.392578125 0.6393229171875 0.3974609375 0.6458333328125 0.404296875 0.6471354171875 0.41015625 0.6393229171875 0.41015625 0.6315104171875 0.3994140625 0.625 0.392578125 0.6315104171875
0 0.376953125 0.70703125 0.376953125 0.7122395828125 0.3876953125 0.7317708328125 0.396484375 0.7330729171875 0.3984375 0.72265625 0.390625 0.7044270828125 0.3837890625 0.6979166671875 0.376953125 0.70703125
0 0.533203125 0.3763020828125 0.54296875 0.3815104171875 0.546875 0.37109375 0.544921875 0.3580729171875 0.5400390625 0.3567708328125 0.533203125 0.3763020828125
0 0.3544921875 0.359375 0.3515625 0.36328125 0.353515625 0.3763020828125 0.359375 0.37890625 0.3671875 0.3736979171875 0.3671875 0.36328125 0.3642578125 0.359375 0.3544921875 0.359375
0 0.45703125 0.3997395828125 0.4599609375 0.4036458328125 0.466796875 0.40234375 0.46875 0.3815104171875 0.4619140625 0.3776041671875 0.45703125 0.3815104171875 0.45703125 0.3997395828125
0 0.3359375 0.4466145828125 0.33984375 0.4596354171875 0.3505859375 0.4713541671875 0.35546875 0.4700520828125 0.361328125 0.4596354171875 0.3525390625 0.4479166671875 0.3388671875 0.4427083328125 0.3359375 0.4466145828125
0 0.5107421875 0.4244791671875 0.505859375 0.4309895828125 0.5107421875 0.4427083328125 0.5234375 0.44140625 0.53125 0.4388020828125 0.53125 0.42578125 0.5283203125 0.421875 0.5107421875 0.4244791671875
0 0.3935546875 0.390625 0.392578125 0.41015625 0.396484375 0.4231770828125 0.4013671875 0.4296875 0.40625 0.4283854171875 0.4140625 0.4205729171875 0.404296875 0.3971354171875 0.3994140625 0.390625 0.3935546875 0.390625
0 0.4873046875 0.5911458328125 0.478515625 0.60546875 0.478515625 0.6158854171875 0.4814453125 0.6197916671875 0.490234375 0.6184895828125 0.49609375 0.6028645828125 0.49609375 0.5924479171875 0.4931640625 0.5885416671875 0.4873046875 0.5911458328125
0 0.5205078125 0.5442708328125 0.517578125 0.5481770828125 0.51953125 0.5611979171875 0.52734375 0.5611979171875 0.53125 0.55859375 0.53125 0.55078125 0.5263671875 0.5442708328125 0.5205078125 0.5442708328125
0 0.47265625 0.6627604171875 0.484375 0.6627604171875 0.484375 0.65234375 0.4794921875 0.6458333328125 0.4736328125 0.6458333328125 0.47265625 0.6627604171875
0 0.6171875 0.76171875 0.6220703125 0.7682291671875 0.62890625 0.7669270828125 0.630859375 0.7565104171875 0.6259765625 0.75 0.6201171875 0.75 0.6171875 0.76171875
0 0.509765625 0.7356770828125 0.509765625 0.7434895828125 0.5166015625 0.75 0.51953125 0.7486979171875 0.53125 0.7252604171875 0.5302734375 0.7161458328125 0.5205078125 0.71875 0.509765625 0.7356770828125
0 0.650390625 0.68359375 0.650390625 0.69140625 0.6572265625 0.703125 0.662109375 0.7018229171875 0.666015625 0.6861979171875 0.6611328125 0.6770833328125 0.6572265625 0.6770833328125 0.650390625 0.68359375
0 0.619140625 0.6393229171875 0.6259765625 0.6458333328125 0.6328125 0.64453125 0.63671875 0.6236979171875 0.6279296875 0.6171875 0.619140625 0.6315104171875 0.619140625 0.6393229171875
0 0.5693359375 0.6197916671875 0.5546875 0.63671875 0.552734375 0.6471354171875 0.5556640625 0.6510416671875 0.560546875 0.6497395828125 0.578125 0.6341145828125 0.580078125 0.62890625 0.5751953125 0.6197916671875 0.5693359375 0.6197916671875
0 0.640625 0.22265625 0.6455078125 0.22916666718749998 0.65234375 0.22786458281250002 0.654296875 0.21484375 0.6455078125 0.20833333281250002 0.640625 0.21484375 0.640625 0.22265625
0 0.4716796875 0.22395833281250002 0.466796875 0.23567708281250002 0.4736328125 0.24479166718749998 0.4765625 0.24348958281250002 0.482421875 0.23567708281250002 0.482421875 0.23046875 0.4775390625 0.22395833281250002 0.4716796875 0.22395833281250002
0 0.625 0.2955729171875 0.630859375 0.2981770828125 0.63671875 0.29296875 0.6318359375 0.28125 0.625 0.28515625 0.625 0.2955729171875
0 0.537109375 0.26953125 0.5390625 0.2799479171875 0.5439453125 0.2864583328125 0.546875 0.28515625 0.564453125 0.2669270828125 0.5615234375 0.2578125 0.5517578125 0.2578125 0.537109375 0.26953125
0 0.6357421875 0.3723958328125 0.634765625 0.3815104171875 0.638671875 0.39453125 0.6494140625 0.40625 0.654296875 0.4049479171875 0.662109375 0.39453125 0.662109375 0.3893229171875 0.6455078125 0.375 0.6357421875 0.3723958328125
0 0.708984375 0.3502604171875 0.71875 0.36328125 0.7265625 0.35546875 0.72265625 0.3450520828125 0.7158203125 0.3411458328125 0.708984375 0.3502604171875
0 0.705078125 0.27734375 0.705078125 0.29296875 0.7080078125 0.296875 0.716796875 0.2955729171875 0.73046875 0.2825520828125 0.7294921875 0.2760416671875 0.7177734375 0.2734375 0.705078125 0.27734375
0 0.6015625 0.4544270828125 0.6015625 0.4622395828125 0.6044921875 0.46875 0.61328125 0.4674479171875 0.6171875 0.45703125 0.6123046875 0.4479166671875 0.6083984375 0.4479166671875 0.6015625 0.4544270828125
0 0.720703125 0.4309895828125 0.7275390625 0.4427083328125 0.734375 0.44140625 0.736328125 0.4205729171875 0.7294921875 0.4166666671875 0.72265625 0.4231770828125 0.720703125 0.4309895828125
0 0.6865234375 0.578125 0.677734375 0.5872395828125 0.677734375 0.59765625 0.689453125 0.59765625 0.6953125 0.5924479171875 0.6953125 0.5872395828125 0.6904296875 0.578125 0.6865234375 0.578125
0 0.7333984375 0.5755208328125 0.728515625 0.58203125 0.728515625 0.5924479171875 0.7333984375 0.5963541671875 0.740234375 0.5950520828125 0.74609375 0.58984375 0.744140625 0.5794270828125 0.7412109375 0.5755208328125 0.7333984375 0.5755208328125
0 0.638671875 0.54296875 0.6416015625 0.5520833328125 0.650390625 0.55078125 0.658203125 0.54296875 0.66796875 0.5221354171875 0.6572265625 0.5104166671875 0.638671875 0.54296875
0 0.7275390625 0.671875 0.72265625 0.6809895828125 0.7265625 0.69140625 0.732421875 0.6940104171875 0.740234375 0.68359375 0.740234375 0.6731770828125 0.7373046875 0.6692708328125 0.7275390625 0.671875