0 0.3447265625 0.3489583328125 0.3515625 0.34765625 0.35546875 0.3372395828125 0.3447265625 0.3307291671875 0.33984375 0.3424479171875 0.3447265625 0.3489583328125
0 0.5078125 0.31640625 0.5126953125 0.3255208328125 0.517578125 0.32421875 0.5234375 0.3190104171875 0.5234375 0.3138020828125 0.5146484375 0.3046875 0.5078125 0.31640625
0 0.4189453125 0.23958333281250002 0.4287109375 0.24479166718749998 0.435546875 0.24348958281250002 0.435546875 0.23307291718749998 0.4267578125 0.21875 0.416015625 0.23046875 0.4189453125 0.23958333281250002
0 0.4794921875 0.2942708328125 0.484375 0.29296875 0.486328125 0.27734375 0.4736328125 0.2578125 0.46484375 0.26953125 0.4794921875 0.2942708328125
0 0.3623046875 0.2421875 0.36328125 0.2643229171875 0.3720703125 0.28125 0.37890625 0.2799479171875 0.384765625 0.2721354171875 0.3828125 0.2643229171875 0.3681640625 0.2421875 0.3623046875 0.2421875
0 0.3076171875 0.23958333281250002 0.306640625 0.24869791718749998 0.314453125 0.2721354171875 0.3173828125 0.2760416671875 0.32421875 0.2747395828125 0.328125 0.2721354171875 0.328125 0.2669270828125 0.3203125 0.23828125 0.3076171875 0.23958333281250002
0 0.2265625 0.3138020828125 0.2314453125 0.3229166671875 0.244140625 0.3216145828125 0.24609375 0.3111979171875 0.2431640625 0.3046875 0.2333984375 0.3046875 0.2265625 0.3138020828125
0 0.318359375 0.42578125 0.3212890625 0.4296875 0.326171875 0.4283854171875 0.33203125 0.4205729171875 0.330078125 0.4075520828125 0.3173828125 0.4088541671875 0.318359375 0.42578125
0 0.2431640625 0.3697916671875 0.2255859375 0.3776041671875 0.22265625 0.3815104171875 0.224609375 0.3919270828125 0.2294921875 0.3984375 0.232421875 0.3971354171875 0.2568359375 0.3854166671875 0.259765625 0.3763020828125 0.2548828125 0.3697916671875 0.2431640625 0.3697916671875
0 0.248046875 0.5299479171875 0.2568359375 0.5442708328125 0.259765625 0.54296875 0.267578125 0.53515625 0.2626953125 0.5234375 0.2548828125 0.5208333328125 0.248046875 0.5299479171875
0 0.306640625 0.5091145828125 0.3095703125 0.5130208328125 0.31640625 0.51171875 0.314453125 0.4986979171875 0.3095703125 0.4947916671875 0.306640625 0.4986979171875 0.306640625 0.5091145828125
0 0.3974609375 0.4739583328125 0.38671875 0.4830729171875 0.390625 0.4986979171875 0.396484375 0.4986979171875 0.40625 0.48828125 0.40625 0.4778645828125 0.4033203125 0.4739583328125 0.3974609375 0.4739583328125
0 0.42578125 0.5533854171875 0.4326171875 0.5651041671875 0.439453125 0.5638020828125 0.439453125 0.53515625 0.4306640625 0.5286458328125 0.42578125 0.5325520828125 0.42578125 0.5533854171875
0 0.345703125 0.6184895828125 0.359375 0.62109375 0.36328125 0.6080729171875 0.3505859375 0.6015625 0.345703125 0.6080729171875 0.345703125 0.6184895828125
0 0.22265625 0.6341145828125 0.22265625 0.6471354171875 0.232421875 0.6471354171875 0.23828125 0.6419270828125 0.23828125 0.62890625 0.2294921875 0.625 0.22265625 0.6341145828125
0 0.3955078125 0.6197916671875 0.392578125 0.6263020828125 0.396484375 0.63671875 0.404296875 0.64453125 0.412109375 0.63671875 0.412109375 0.6315104171875 0.4013671875 0.6197916671875 0.3955078125 0.6197916671875
0 0.2880859375 0.5833333328125 0.283203125 0.5924479171875 0.283203125 0.60546875 0.2861328125 0.609375 0.291015625 0.6080729171875 0.30078125 0.5950520828125 0.30078125 0.58984375 0.2939453125 0.5833333328125 0.2880859375 0.5833333328125
0 0.595703125 0.6809895828125 0.59765625 0.6888020828125 0.6025390625 0.6953125 0.60546875 0.6940104171875 0.611328125 0.68359375 0.6064453125 0.6770833328125 0.5986328125 0.6770833328125 0.595703125 0.6809895828125
0 0.625 0.7330729171875 0.63671875 0.73828125 0.640625 0.7174479171875 0.6298828125 0.7109375 0.626953125 0.71484375 0.625 0.7330729171875
0 0.455078125 0.67578125 0.455078125 0.68359375 0.4609375 0.69921875 0.466796875 0.7018229171875 0.46875 0.67578125 0.4658203125 0.6692708328125 0.4619140625 0.6692708328125 0.455078125 0.67578125
0 0.4677734375 0.6197916671875 0.4521484375 0.6276041671875 0.44921875 0.6315104171875 0.451171875 0.6393229171875 0.4541015625 0.6432291671875 0.458984375 0.6419270828125 0.4697265625 0.6380208328125 0.4765625 0.6315104171875 0.4765625 0.6263020828125 0.4677734375 0.6197916671875
0 0.5478515625 0.7005208328125 0.53125 0.7174479171875 0.533203125 0.7252604171875 0.5380859375 0.7317708328125 0.541015625 0.73046875 0.5546875 0.7174479171875 0.55859375 0.7044270828125 0.5556640625 0.6979166671875 0.5478515625 0.7005208328125
0 0.5703125 0.6653645828125 0.564453125 0.68359375 0.564453125 0.69921875 0.5703125 0.69921875 0.580078125 0.6888020828125 0.5859375 0.6731770828125 0.5751953125 0.6614583328125 0.5703125 0.6653645828125
0 0.27734375 0.7434895828125 0.2802734375 0.7473958328125 0.291015625 0.74609375 0.2939453125 0.7317708328125 0.2802734375 0.7291666671875 0.27734375 0.7330729171875 0.27734375 0.7434895828125
0 0.3388671875 0.7604166671875 0.3359375 0.7643229171875 0.337890625 0.7799479171875 0.34765625 0.7799479171875 0.3515625 0.7747395828125 0.349609375 0.7643229171875 0.3466796875 0.7604166671875 0.3388671875 0.7604166671875
0 0.4150390625 0.75 0.4140625 0.76171875 0.4189453125 0.7682291671875 0.42578125 0.7669270828125 0.4296875 0.7643229171875 0.427734375 0.75390625 0.4208984375 0.7473958328125 0.4150390625 0.75
0 0.443359375 0.4231770828125 0.4453125 0.4309895828125 0.451171875 0.43359375 0.462890625 0.4231770828125 0.4619140625 0.4166666671875 0.4541015625 0.4140625 0.443359375 0.4231770828125
0 0.5703125 0.3658854171875 0.5703125 0.3763020828125 0.5771484375 0.3880208328125 0.580078125 0.38671875 0.583984375 0.37890625 0.583984375 0.3658854171875 0.5751953125 0.3619791671875 0.5703125 0.3658854171875
0 0.6953125 0.3216145828125 0.693359375 0.3294270828125 0.6982421875 0.3359375 0.712890625 0.3372395828125 0.716796875 0.3294270828125 0.7138671875 0.3177083328125 0.7001953125 0.3177083328125 0.6953125 0.3216145828125
0 0.640625 0.35546875 0.640625 0.3606770828125 0.6474609375 0.3671875 0.666015625 0.3658854171875 0.666015625 0.3580729171875 0.6513671875 0.3463541671875 0.6455078125 0.3463541671875 0.640625 0.35546875
0 0.619140625 0.34765625 0.61328125 0.3684895828125 0.6142578125 0.375 0.625 0.37890625 0.6328125 0.3580729171875 0.6328125 0.3502604171875 0.6279296875 0.3411458328125 0.619140625 0.34765625
0 0.5205078125 0.46875 0.52734375 0.4674479171875 0.52734375 0.45703125 0.5205078125 0.453125 0.517578125 0.46484375 0.5205078125 0.46875
0 0.583984375 0.5247395828125 0.5859375 0.5169270828125 0.5791015625 0.5104166671875 0.57421875 0.5221354171875 0.583984375 0.5247395828125
0 0.578125 0.46484375 0.5947265625 0.484375 0.599609375 0.4830729171875 0.59765625 0.4674479171875 0.5830078125 0.4505208328125 0.578125 0.45703125 0.578125 0.46484375
0 0.607421875 0.58203125 0.607421875 0.58984375 0.615234375 0.5924479171875 0.630859375 0.56640625 0.6220703125 0.5572916671875 0.615234375 0.5611979171875 0.607421875 0.58203125
0 0.7275390625 0.6796875 0.72265625 0.68359375 0.72265625 0.69140625 0.7275390625 0.7005208328125 0.732421875 0.69921875 0.73828125 0.6966145828125 0.73828125 0.6888020828125 0.7333984375 0.6796875 0.7275390625 0.6796875
0 0.7783203125 0.6822916671875 0.767578125 0.69140625 0.7705078125 0.703125 0.78125 0.7018229171875 0.7900390625 0.6979166671875 0.796875 0.6861979171875 0.7939453125 0.6822916671875 0.7783203125 0.6822916671875
0 0.6884765625 0.5364583328125 0.685546875 0.5403645828125 0.69140625 0.5559895828125 0.7021484375 0.5677083328125 0.705078125 0.56640625 0.7109375 0.55859375 0.7109375 0.5533854171875 0.6982421875 0.5390625 0.6884765625 0.5364583328125
0 0.7470703125 0.5234375 0.744140625 0.5403645828125 0.7490234375 0.5442708328125 0.755859375 0.54296875 0.7802734375 0.5390625 0.783203125 0.5325520828125 0.78125 0.5221354171875 0.7470703125 0.5234375
0 0.728515625 0.61328125 0.7353515625 0.625 0.73828125 0.6236979171875 0.74609375 0.61328125 0.7412109375 0.6015625 0.7333984375 0.6015625 0.728515625 0.61328125