0 0.2880859375 0.328125 0.2666015625 0.328125 0.263671875 0.33203125 0.263671875 0.34765625 0.275390625 0.34765625 0.2861328125 0.3463541671875 0.29296875 0.33984375 0.29296875 0.3346354171875 0.2880859375 0.328125
0 0.34765625 0.26171875 0.34765625 0.2747395828125 0.3544921875 0.28125 0.357421875 0.2799479171875 0.361328125 0.27734375 0.36328125 0.2643229171875 0.3525390625 0.2578125 0.34765625 0.26171875
0 0.39453125 0.1966145828125 0.4091796875 0.21614583281250002 0.419921875 0.21744791718749998 0.416015625 0.1966145828125 0.4052734375 0.1822916671875 0.4013671875 0.1822916671875 0.39453125 0.1966145828125
0 0.1923828125 0.4348958328125 0.189453125 0.44140625 0.193359375 0.4544270828125 0.2021484375 0.46875 0.205078125 0.4674479171875 0.212890625 0.4596354171875 0.2109375 0.4518229171875 0.2021484375 0.4375 0.1923828125 0.4348958328125
0 0.244140625 0.4700520828125 0.244140625 0.48046875 0.2470703125 0.484375 0.25390625 0.4830729171875 0.267578125 0.4622395828125 0.2607421875 0.4505208328125 0.2568359375 0.4505208328125 0.244140625 0.4700520828125
0 0.2607421875 0.6354166671875 0.267578125 0.6341145828125 0.26953125 0.62109375 0.2626953125 0.609375 0.255859375 0.62890625 0.2607421875 0.6354166671875
0 0.193359375 0.6315104171875 0.19140625 0.6419270828125 0.1943359375 0.6458333328125 0.208984375 0.6471354171875 0.212890625 0.6419270828125 0.2041015625 0.6302083328125 0.1962890625 0.6276041671875 0.193359375 0.6315104171875
0 0.181640625 0.58984375 0.1884765625 0.5989583328125 0.1953125 0.59765625 0.203125 0.5794270828125 0.2001953125 0.5625 0.19140625 0.5690104171875 0.181640625 0.58984375
0 0.3330078125 0.796875 0.337890625 0.7955729171875 0.345703125 0.7747395828125 0.3330078125 0.765625 0.32421875 0.7877604171875 0.3330078125 0.796875
0 0.2021484375 0.7526041671875 0.197265625 0.76171875 0.197265625 0.7721354171875 0.2001953125 0.7760416671875 0.212890625 0.7747395828125 0.220703125 0.76953125 0.220703125 0.76171875 0.2158203125 0.7552083328125 0.2021484375 0.7526041671875
0 0.3017578125 0.6979166671875 0.2958984375 0.7005208328125 0.291015625 0.7096354171875 0.298828125 0.74609375 0.3017578125 0.75 0.30859375 0.7486979171875 0.314453125 0.7408854171875 0.314453125 0.7356770828125 0.30859375 0.7096354171875 0.3017578125 0.6979166671875
0 0.439453125 0.7486979171875 0.4404296875 0.7578125 0.451171875 0.7591145828125 0.45703125 0.7408854171875 0.4521484375 0.7213541671875 0.447265625 0.7252604171875 0.439453125 0.7486979171875
0 0.455078125 0.66015625 0.4609375 0.66015625 0.466796875 0.6549479171875 0.4619140625 0.640625 0.453125 0.64453125 0.455078125 0.66015625
0 0.501953125 0.59765625 0.501953125 0.60546875 0.5126953125 0.6197916671875 0.51953125 0.62109375 0.51953125 0.6028645828125 0.5107421875 0.5911458328125 0.5068359375 0.5911458328125 0.501953125 0.59765625
0 0.50390625 0.7799479171875 0.50390625 0.7877604171875 0.5087890625 0.7942708328125 0.51171875 0.79296875 0.51953125 0.78515625 0.51953125 0.7799479171875 0.5126953125 0.7708333328125 0.50390625 0.7799479171875
0 0.533203125 0.71484375 0.533203125 0.7044270828125 0.5244140625 0.6979166671875 0.5234375 0.71484375 0.533203125 0.71484375
0 0.349609375 0.5221354171875 0.359375 0.5247395828125 0.3681640625 0.5208333328125 0.369140625 0.5143229171875 0.3525390625 0.5052083328125 0.349609375 0.5221354171875
0 0.37890625 0.4231770828125 0.3837890625 0.4296875 0.392578125 0.4283854171875 0.39453125 0.41796875 0.3896484375 0.4114583328125 0.380859375 0.4153645828125 0.37890625 0.4231770828125
0 0.41015625 0.52734375 0.4140625 0.5377604171875 0.419921875 0.5403645828125 0.439453125 0.51953125 0.4365234375 0.5130208328125 0.4228515625 0.515625 0.41015625 0.52734375
0 0.64453125 0.3528645828125 0.640625 0.37109375 0.64453125 0.3763020828125 0.658203125 0.3606770828125 0.6572265625 0.3515625 0.6474609375 0.3489583328125 0.64453125 0.3528645828125
0 0.671875 0.2877604171875 0.6767578125 0.2942708328125 0.681640625 0.29296875 0.68359375 0.2799479171875 0.6787109375 0.2734375 0.6728515625 0.2734375 0.671875 0.2877604171875
0 0.6484375 0.25390625 0.6591796875 0.265625 0.6640625 0.2643229171875 0.66015625 0.23307291718749998 0.6474609375 0.234375 0.64453125 0.24088541718749998 0.6484375 0.25390625
0 0.705078125 0.30859375 0.7138671875 0.3177083328125 0.720703125 0.31640625 0.71875 0.28515625 0.7060546875 0.2864583328125 0.703125 0.2903645828125 0.705078125 0.30859375
0 0.54296875 0.48828125 0.5458984375 0.4921875 0.552734375 0.4908854171875 0.556640625 0.48828125 0.5546875 0.4778645828125 0.5458984375 0.4765625 0.54296875 0.48828125
0 0.474609375 0.47265625 0.48046875 0.4752604171875 0.4853515625 0.4739583328125 0.4921875 0.4622395828125 0.4755859375 0.4609375 0.474609375 0.47265625
0 0.603515625 0.42578125 0.603515625 0.4309895828125 0.6103515625 0.4401041671875 0.615234375 0.4388020828125 0.623046875 0.4283854171875 0.6162109375 0.4166666671875 0.6103515625 0.4166666671875 0.603515625 0.42578125
0 0.62890625 0.42578125 0.6318359375 0.4375 0.640625 0.4361979171875 0.646484375 0.4309895828125 0.6416015625 0.4192708328125 0.6357421875 0.4192708328125 0.62890625 0.42578125
0 0.544921875 0.3997395828125 0.5478515625 0.4088541671875 0.568359375 0.41015625 0.576171875 0.4049479171875 0.5712890625 0.3880208328125 0.5537109375 0.390625 0.544921875 0.3997395828125
0 0.6455078125 0.6276041671875 0.63671875 0.6341145828125 0.638671875 0.6471354171875 0.64453125 0.6497395828125 0.65625 0.6419270828125 0.658203125 0.6315104171875 0.6552734375 0.6276041671875 0.6455078125 0.6276041671875
0 0.615234375 0.6419270828125 0.607421875 0.6627604171875 0.6083984375 0.671875 0.615234375 0.6705729171875 0.62890625 0.6497395828125 0.62890625 0.64453125 0.6220703125 0.6354166671875 0.615234375 0.6419270828125
0 0.5703125 0.7513020828125 0.5751953125 0.7604166671875 0.58203125 0.7591145828125 0.595703125 0.7330729171875 0.5888671875 0.7239583328125 0.580078125 0.73046875 0.5703125 0.7513020828125
0 0.734375 0.7018229171875 0.734375 0.70703125 0.7412109375 0.71875 0.74609375 0.7174479171875 0.75390625 0.7096354171875 0.75390625 0.7044270828125 0.7412109375 0.6953125 0.734375 0.7018229171875
0 0.7666015625 0.6640625 0.76171875 0.6783854171875 0.7724609375 0.6875 0.77734375 0.6861979171875 0.78125 0.68359375 0.78125 0.67578125 0.7724609375 0.6640625 0.7666015625 0.6640625
0 0.783203125 0.78515625 0.796875 0.7877604171875 0.798828125 0.7799479171875 0.794921875 0.7643229171875 0.7822265625 0.765625 0.783203125 0.78515625
0 0.67578125 0.5377604171875 0.6767578125 0.546875 0.689453125 0.5481770828125 0.69140625 0.5377604171875 0.6884765625 0.5338541671875 0.6787109375 0.5338541671875 0.67578125 0.5377604171875
0 0.7265625 0.50390625 0.7294921875 0.5078125 0.740234375 0.5065104171875 0.7421875 0.49609375 0.7373046875 0.4895833328125 0.7265625 0.4908854171875 0.7265625 0.50390625
0 0.73828125 0.53515625 0.73828125 0.55078125 0.7490234375 0.5703125 0.75390625 0.5690104171875 0.763671875 0.55859375 0.7470703125 0.5338541671875 0.7412109375 0.53125 0.73828125 0.53515625
0 0.7802734375 0.265625 0.77734375 0.26953125 0.779296875 0.2825520828125 0.7890625 0.3033854171875 0.7939453125 0.3098958328125 0.798828125 0.30859375 0.806640625 0.30078125 0.806640625 0.2955729171875 0.7900390625 0.2682291671875 0.7802734375 0.265625
0 0.798828125 0.21744791718749998 0.8037109375 0.2265625 0.81640625 0.22526041718749998 0.818359375 0.21223958281250002 0.8154296875 0.20833333281250002 0.8076171875 0.20833333281250002 0.798828125 0.21744791718749998
0 0.744140625 0.4283854171875 0.7490234375 0.4348958328125 0.755859375 0.43359375 0.76171875 0.42578125 0.76171875 0.4205729171875 0.7529296875 0.4114583328125 0.744140625 0.4283854171875
0 0.505859375 0.33984375 0.5087890625 0.34375 0.515625 0.3424479171875 0.517578125 0.3294270828125 0.5126953125 0.3229166671875 0.5078125 0.3268229171875 0.505859375 0.33984375