0 0.794921875 0.3528645828125 0.794921875 0.3658854171875 0.7978515625 0.3697916671875 0.810546875 0.3684895828125 0.8125 0.3502604171875 0.810546875 0.33984375 0.8056640625 0.3359375 0.794921875 0.3528645828125
0 0.787109375 0.19140625 0.7900390625 0.1953125 0.798828125 0.1940104171875 0.80078125 0.1783854171875 0.7978515625 0.1744791671875 0.7880859375 0.1770833328125 0.787109375 0.19140625
0 0.75 0.22005208281250002 0.75 0.22526041718749998 0.7587890625 0.23958333281250002 0.7685546875 0.24739583281250002 0.775390625 0.24609375 0.7734375 0.22526041718749998 0.7646484375 0.2109375 0.7587890625 0.2109375 0.75 0.22005208281250002
0 0.70703125 0.4544270828125 0.712890625 0.4544270828125 0.720703125 0.4466145828125 0.7138671875 0.4322916671875 0.703125 0.44140625 0.70703125 0.4544270828125
0 0.7587890625 0.4505208328125 0.76953125 0.44921875 0.771484375 0.44140625 0.7666015625 0.4348958328125 0.75390625 0.4388020828125 0.7587890625 0.4505208328125
0 0.7470703125 0.5520833328125 0.751953125 0.55078125 0.755859375 0.53515625 0.7470703125 0.5286458328125 0.73828125 0.54296875 0.7470703125 0.5520833328125
0 0.7841796875 0.4973958328125 0.794921875 0.49609375 0.798828125 0.4908854171875 0.7900390625 0.4791666671875 0.779296875 0.48828125 0.7841796875 0.4973958328125
0 0.7783203125 0.3984375 0.775390625 0.40234375 0.775390625 0.41796875 0.787109375 0.41796875 0.79296875 0.4127604171875 0.79296875 0.4075520828125 0.7861328125 0.3984375 0.7783203125 0.3984375
0 0.7978515625 0.28125 0.79296875 0.28515625 0.79296875 0.29296875 0.794921875 0.30078125 0.8017578125 0.3098958328125 0.8046875 0.30859375 0.810546875 0.30078125 0.810546875 0.28515625 0.8076171875 0.28125 0.7978515625 0.28125
0 0.609375 0.31640625 0.6123046875 0.328125 0.623046875 0.3294270828125 0.626953125 0.32421875 0.6259765625 0.3151041671875 0.6123046875 0.3125 0.609375 0.31640625
0 0.576171875 0.24869791718749998 0.576171875 0.25390625 0.5830078125 0.2630208328125 0.587890625 0.26171875 0.6015625 0.23828125 0.5986328125 0.23177083281250002 0.5888671875 0.234375 0.576171875 0.24869791718749998
0 0.6357421875 0.24739583281250002 0.6328125 0.2513020828125 0.6328125 0.26171875 0.6357421875 0.2682291671875 0.642578125 0.2669270828125 0.6591796875 0.2630208328125 0.662109375 0.25390625 0.6513671875 0.24479166718749998 0.6357421875 0.24739583281250002
0 0.5283203125 0.2604166671875 0.5234375 0.26953125 0.5234375 0.27734375 0.5439453125 0.3020833328125 0.548828125 0.3033854171875 0.5546875 0.2955729171875 0.5546875 0.2903645828125 0.5361328125 0.2630208328125 0.5283203125 0.2604166671875
0 0.4140625 0.2903645828125 0.4169921875 0.296875 0.42578125 0.2955729171875 0.427734375 0.2825520828125 0.4208984375 0.2760416671875 0.4140625 0.28515625 0.4140625 0.2903645828125
0 0.4072265625 0.3723958328125 0.416015625 0.37109375 0.4169921875 0.3567708328125 0.3984375 0.3580729171875 0.3994140625 0.3671875 0.4072265625 0.3723958328125
0 0.380859375 0.4466145828125 0.37890625 0.45703125 0.3857421875 0.4661458328125 0.3935546875 0.4713541671875 0.40234375 0.4700520828125 0.404296875 0.4596354171875 0.3955078125 0.4479166671875 0.3896484375 0.4427083328125 0.380859375 0.4466145828125
0 0.33203125 0.64453125 0.3369140625 0.6510416671875 0.341796875 0.6497395828125 0.34765625 0.6419270828125 0.345703125 0.63671875 0.3310546875 0.6276041671875 0.33203125 0.64453125
0 0.2333984375 0.5885416671875 0.23046875 0.6080729171875 0.23828125 0.6263020828125 0.244140625 0.6263020828125 0.251953125 0.6184895828125 0.244140625 0.59765625 0.2373046875 0.5885416671875 0.2333984375 0.5885416671875
0 0.2646484375 0.6328125 0.26171875 0.63671875 0.2666015625 0.6510416671875 0.2822265625 0.6588541671875 0.287109375 0.6575520828125 0.291015625 0.64453125 0.2861328125 0.6380208328125 0.2744140625 0.6328125 0.2646484375 0.6328125
0 0.3115234375 0.4765625 0.3017578125 0.4765625 0.296875 0.4830729171875 0.298828125 0.49609375 0.302734375 0.5091145828125 0.30859375 0.5143229171875 0.3134765625 0.5130208328125 0.31640625 0.5065104171875 0.314453125 0.4830729171875 0.3115234375 0.4765625
0 0.29296875 0.70703125 0.3017578125 0.7213541671875 0.3046875 0.7200520828125 0.30859375 0.7044270828125 0.3056640625 0.6979166671875 0.2958984375 0.6953125 0.29296875 0.70703125
0 0.322265625 0.7096354171875 0.3232421875 0.7239583328125 0.345703125 0.7252604171875 0.3515625 0.7200520828125 0.3486328125 0.7109375 0.3271484375 0.7057291671875 0.322265625 0.7096354171875
0 0.3671875 0.7174479171875 0.3759765625 0.734375 0.3818359375 0.7395833328125 0.390625 0.73828125 0.390625 0.7252604171875 0.3779296875 0.7083333328125 0.3740234375 0.7083333328125 0.3671875 0.7174479171875
0 0.4560546875 0.5625 0.4609375 0.5611979171875 0.462890625 0.55078125 0.4541015625 0.5442708328125 0.451171875 0.5559895828125 0.4560546875 0.5625
0 0.4189453125 0.5833333328125 0.431640625 0.58203125 0.431640625 0.5768229171875 0.4169921875 0.5598958328125 0.408203125 0.5716145828125 0.4189453125 0.5833333328125
0 0.41796875 0.6549479171875 0.4208984375 0.6588541671875 0.4296875 0.6575520828125 0.43359375 0.64453125 0.4306640625 0.640625 0.4208984375 0.640625 0.41796875 0.6549479171875
0 0.46875 0.74609375 0.466796875 0.76171875 0.47265625 0.76953125 0.48046875 0.7565104171875 0.4814453125 0.734375 0.4736328125 0.734375 0.46875 0.74609375
0 0.4609375 0.6861979171875 0.466796875 0.69140625 0.4765625 0.68359375 0.4736328125 0.671875 0.4609375 0.6731770828125 0.4609375 0.6861979171875
0 0.5634765625 0.75 0.5390625 0.7721354171875 0.541015625 0.7799479171875 0.548828125 0.7877604171875 0.5703125 0.7643229171875 0.572265625 0.75390625 0.5693359375 0.75 0.5634765625 0.75
0 0.54296875 0.5846354171875 0.54296875 0.60546875 0.5458984375 0.609375 0.55078125 0.6080729171875 0.55859375 0.6002604171875 0.552734375 0.5846354171875 0.5458984375 0.5807291671875 0.54296875 0.5846354171875
0 0.53125 0.6731770828125 0.5341796875 0.6770833328125 0.548828125 0.6783854171875 0.5546875 0.66796875 0.5458984375 0.6588541671875 0.5361328125 0.65625 0.53125 0.6731770828125
0 0.5078125 0.5872395828125 0.5166015625 0.6041666671875 0.521484375 0.6028645828125 0.5283203125 0.5989583328125 0.529296875 0.5924479171875 0.5185546875 0.5755208328125 0.5078125 0.5872395828125
0 0.6064453125 0.4140625 0.6171875 0.4127604171875 0.619140625 0.40234375 0.6142578125 0.3958333328125 0.603515625 0.40234375 0.6064453125 0.4140625
0 0.68359375 0.5611979171875 0.6884765625 0.5677083328125 0.697265625 0.56640625 0.6953125 0.53515625 0.6923828125 0.53125 0.6806640625 0.5338541671875 0.68359375 0.5611979171875
0 0.7294921875 0.7369791671875 0.7265625 0.7434895828125 0.7265625 0.75390625 0.732421875 0.7565104171875 0.7392578125 0.7526041671875 0.7421875 0.74609375 0.7353515625 0.7369791671875 0.7294921875 0.7369791671875
0 0.7177734375 0.8020833328125001 0.744140625 0.8033854171874999 0.74609375 0.79296875 0.7431640625 0.7890625 0.716796875 0.7877604171875 0.7177734375 0.8020833328125001
0 0.625 0.6549479171875 0.6298828125 0.6614583328125 0.63671875 0.66015625 0.640625 0.6497395828125 0.6357421875 0.6432291671875 0.6279296875 0.6432291671875 0.625 0.6549479171875
0 0.80859375 0.6419270828125 0.810546875 0.65234375 0.8134765625 0.65625 0.818359375 0.6549479171875 0.826171875 0.6471354171875 0.826171875 0.6419270828125 0.8193359375 0.6328125 0.80859375 0.6419270828125
0 0.7998046875 0.71875 0.796875 0.72265625 0.798828125 0.7330729171875 0.810546875 0.7408854171875 0.818359375 0.7330729171875 0.818359375 0.7252604171875 0.8095703125 0.7161458328125 0.7998046875 0.71875
0 0.6875 0.22265625 0.6904296875 0.2265625 0.69921875 0.22526041718749998 0.703125 0.22005208281250002 0.7001953125 0.20833333281250002 0.6875 0.21223958281250002 0.6875 0.22265625