0 0.4453125 0.22786458281250002 0.455078125 0.23828125 0.462890625 0.22526041718749998 0.4580078125 0.21614583281250002 0.4521484375 0.21354166718749998 0.4453125 0.22786458281250002
0 0.466796875 0.1888020828125 0.466796875 0.19921875 0.4697265625 0.203125 0.48046875 0.20182291718749998 0.48046875 0.18359375 0.4755859375 0.1744791671875 0.4716796875 0.1744791671875 0.466796875 0.1888020828125
0 0.5361328125 0.3098958328125 0.544921875 0.3111979171875 0.544921875 0.2981770828125 0.5302734375 0.2838541671875 0.525390625 0.2981770828125 0.5361328125 0.3098958328125
0 0.251953125 0.3190104171875 0.2568359375 0.3307291671875 0.265625 0.3294270828125 0.26953125 0.32421875 0.2666015625 0.3151041671875 0.2607421875 0.3125 0.251953125 0.3190104171875
0 0.21875 0.33203125 0.2216796875 0.3411458328125 0.236328125 0.33984375 0.23828125 0.3346354171875 0.2353515625 0.3229166671875 0.2275390625 0.3229166671875 0.21875 0.33203125
0 0.3525390625 0.390625 0.3583984375 0.3880208328125 0.3583984375 0.3932291671875 0.3671875 0.39453125 0.3642578125 0.3802083328125 0.3564453125 0.3776041671875 0.353515625 0.3815104171875 0.3525390625 0.390625
0 0.345703125 0.4205729171875 0.349609375 0.43359375 0.3564453125 0.4401041671875 0.36328125 0.4388020828125 0.365234375 0.4283854171875 0.359375 0.4127604171875 0.3525390625 0.4114583328125 0.345703125 0.4205729171875
0 0.2216796875 0.6458333328125 0.21875 0.6497395828125 0.216796875 0.6653645828125 0.22265625 0.66796875 0.232421875 0.6627604171875 0.234375 0.6549479171875 0.2314453125 0.6458333328125 0.2216796875 0.6458333328125
0 0.248046875 0.56640625 0.2509765625 0.5703125 0.2578125 0.5690104171875 0.26171875 0.5611979171875 0.2548828125 0.5520833328125 0.2490234375 0.5546875 0.248046875 0.56640625
0 0.2431640625 0.5234375 0.2421875 0.5377604171875 0.2470703125 0.5442708328125 0.251953125 0.54296875 0.255859375 0.5403645828125 0.255859375 0.52734375 0.2529296875 0.5234375 0.2431640625 0.5234375
0 0.1875 0.4674479171875 0.185546875 0.48046875 0.1884765625 0.484375 0.2119140625 0.4947916671875 0.21875 0.4934895828125 0.220703125 0.4830729171875 0.2138671875 0.4739583328125 0.1904296875 0.4635416671875 0.1875 0.4674479171875
0 0.314453125 0.6888020828125 0.328125 0.6888020828125 0.328125 0.6705729171875 0.3173828125 0.6692708328125 0.314453125 0.6731770828125 0.314453125 0.6888020828125
0 0.25 0.69921875 0.2548828125 0.703125 0.263671875 0.7018229171875 0.263671875 0.6809895828125 0.2529296875 0.6796875 0.25 0.68359375 0.25 0.69921875
0 0.2900390625 0.7083333328125 0.283203125 0.71484375 0.28515625 0.7278645828125 0.291015625 0.73046875 0.2958984375 0.7291666671875 0.3046875 0.7174479171875 0.2998046875 0.7083333328125 0.2900390625 0.7083333328125
0 0.41015625 0.76953125 0.4130859375 0.78125 0.423828125 0.7799479171875 0.42578125 0.77734375 0.4228515625 0.7682291671875 0.4130859375 0.765625 0.41015625 0.76953125
0 0.3681640625 0.7265625 0.3828125 0.7252604171875 0.3818359375 0.7083333328125 0.3740234375 0.7083333328125 0.361328125 0.7174479171875 0.3681640625 0.7265625
0 0.34765625 0.62109375 0.34765625 0.6315104171875 0.3544921875 0.6432291671875 0.359375 0.6419270828125 0.36328125 0.63671875 0.36328125 0.62890625 0.3505859375 0.6171875 0.34765625 0.62109375
0 0.517578125 0.4466145828125 0.517578125 0.4778645828125 0.5205078125 0.4817708328125 0.53125 0.48046875 0.529296875 0.4544270828125 0.525390625 0.4440104171875 0.5205078125 0.4427083328125 0.517578125 0.4466145828125
0 0.46875 0.46484375 0.4716796875 0.4765625 0.48046875 0.4752604171875 0.48828125 0.4518229171875 0.4853515625 0.4401041671875 0.4765625 0.44140625 0.46875 0.46484375
0 0.451171875 0.5924479171875 0.4638671875 0.609375 0.4716796875 0.6145833328125 0.4765625 0.61328125 0.474609375 0.6002604171875 0.4677734375 0.5911458328125 0.4560546875 0.5859375 0.451171875 0.5924479171875
0 0.5634765625 0.5338541671875 0.560546875 0.5377604171875 0.55859375 0.5455729171875 0.5615234375 0.5494791671875 0.5712890625 0.5546875 0.578125 0.5533854171875 0.5859375 0.55078125 0.5830078125 0.5416666671875 0.5712890625 0.5338541671875 0.5634765625 0.5338541671875
0 0.578125 0.5065104171875 0.5888671875 0.5234375 0.603515625 0.52734375 0.607421875 0.5169270828125 0.6044921875 0.5104166671875 0.5869140625 0.5026041671875 0.578125 0.5065104171875
0 0.51953125 0.6809895828125 0.5244140625 0.6875 0.52734375 0.6861979171875 0.533203125 0.68359375 0.5283203125 0.6692708328125 0.51953125 0.67578125 0.51953125 0.6809895828125
0 0.490234375 0.74609375 0.501953125 0.7486979171875 0.50390625 0.7200520828125 0.4990234375 0.7161458328125 0.490234375 0.73046875 0.490234375 0.74609375
0 0.6572265625 0.23697916718749998 0.662109375 0.23567708281250002 0.66796875 0.22265625 0.6591796875 0.21354166718749998 0.650390625 0.23046875 0.6572265625 0.23697916718749998
0 0.6904296875 0.2630208328125 0.685546875 0.2721354171875 0.69140625 0.2903645828125 0.697265625 0.29296875 0.7041015625 0.2890625 0.70703125 0.2825520828125 0.6962890625 0.2630208328125 0.6904296875 0.2630208328125
0 0.728515625 0.2591145828125 0.7333984375 0.2682291671875 0.7529296875 0.2864583328125 0.759765625 0.28515625 0.765625 0.2747395828125 0.7412109375 0.24739583281250002 0.7373046875 0.24739583281250002 0.728515625 0.2591145828125
0 0.744140625 0.49609375 0.7451171875 0.4765625 0.728515625 0.48046875 0.7294921875 0.4973958328125 0.744140625 0.49609375
0 0.7421875 0.4205729171875 0.7470703125 0.4348958328125 0.75390625 0.43359375 0.76953125 0.41796875 0.7666015625 0.40625 0.7568359375 0.4088541671875 0.7421875 0.4205729171875
0 0.67578125 0.6106770828125 0.6796875 0.62109375 0.6845703125 0.6276041671875 0.69140625 0.6263020828125 0.6953125 0.61328125 0.6865234375 0.6041666671875 0.6787109375 0.6041666671875 0.67578125 0.6106770828125
0 0.552734375 0.8346354171874999 0.552734375 0.8424479171874999 0.5556640625 0.8463541671874999 0.560546875 0.8450520828125001 0.568359375 0.8372395828125001 0.5654296875 0.8255208328125001 0.5595703125 0.8255208328125001 0.552734375 0.8346354171874999
0 0.57421875 0.7356770828125 0.5771484375 0.7473958328125 0.5859375 0.74609375 0.587890625 0.7356770828125 0.5849609375 0.7317708328125 0.5771484375 0.7317708328125 0.57421875 0.7356770828125
0 0.6103515625 0.6276041671875 0.603515625 0.6393229171875 0.603515625 0.66015625 0.6064453125 0.6640625 0.615234375 0.6627604171875 0.619140625 0.65234375 0.619140625 0.6341145828125 0.6162109375 0.6276041671875 0.6103515625 0.6276041671875
0 0.6015625 0.7486979171875 0.6025390625 0.7630208328125 0.6201171875 0.7734375 0.626953125 0.7721354171875 0.62890625 0.76171875 0.6220703125 0.7526041671875 0.6083984375 0.7421875 0.6015625 0.7486979171875
0 0.6533203125 0.7317708328125 0.640625 0.7513020828125 0.638671875 0.76171875 0.64453125 0.7643229171875 0.6572265625 0.7604166671875 0.666015625 0.7486979171875 0.6591796875 0.7317708328125 0.6533203125 0.7317708328125
0 0.6572265625 0.6614583328125 0.6748046875 0.6692708328125 0.6796875 0.66796875 0.6806640625 0.6484375 0.6611328125 0.6432291671875 0.654296875 0.6497395828125 0.6572265625 0.6614583328125
0 0.6591796875 0.8151041671874999 0.65625 0.82421875 0.6689453125 0.8411458328125001 0.677734375 0.8424479171874999 0.68359375 0.83984375 0.681640625 0.83203125 0.6650390625 0.8125 0.6591796875 0.8151041671874999
0 0.740234375 0.6471354171875 0.7431640625 0.6510416671875 0.748046875 0.6497395828125 0.75390625 0.64453125 0.75390625 0.63671875 0.7451171875 0.6302083328125 0.740234375 0.6471354171875
0 0.73828125 0.7044270828125 0.7431640625 0.71875 0.75 0.7174479171875 0.755859375 0.71484375 0.755859375 0.7044270828125 0.7509765625 0.6953125 0.73828125 0.7044270828125
0 0.7255859375 0.7421875 0.72265625 0.74609375 0.720703125 0.7721354171875 0.7236328125 0.78125 0.73046875 0.7799479171875 0.736328125 0.7669270828125 0.736328125 0.74609375 0.7333984375 0.7421875 0.7255859375 0.7421875