0 0.236328125 0.3111979171875 0.244140625 0.3294270828125 0.2490234375 0.3359375 0.255859375 0.3346354171875 0.259765625 0.3268229171875 0.248046875 0.2981770828125 0.2373046875 0.2994791671875 0.236328125 0.3111979171875
0 0.2353515625 0.22395833281250002 0.212890625 0.24348958281250002 0.212890625 0.2513020828125 0.22265625 0.2591145828125 0.2314453125 0.2552083328125 0.25 0.23567708281250002 0.2431640625 0.22135416718749998 0.2353515625 0.22395833281250002
0 0.24609375 0.3893229171875 0.2470703125 0.4010416671875 0.259765625 0.40234375 0.263671875 0.39453125 0.2607421875 0.3880208328125 0.2529296875 0.3854166671875 0.24609375 0.3893229171875
0 0.2216796875 0.4348958328125 0.216796875 0.4440104171875 0.21875 0.44921875 0.2373046875 0.4765625 0.244140625 0.4752604171875 0.24609375 0.46484375 0.2421875 0.4518229171875 0.2294921875 0.4322916671875 0.2216796875 0.4348958328125
0 0.2919921875 0.5 0.30078125 0.4986979171875 0.302734375 0.48828125 0.2978515625 0.4791666671875 0.287109375 0.4856770828125 0.2919921875 0.5
0 0.259765625 0.5377604171875 0.2626953125 0.5442708328125 0.2802734375 0.5546875 0.2890625 0.5533854171875 0.2802734375 0.53125 0.2705078125 0.5234375 0.263671875 0.52734375 0.259765625 0.5377604171875
0 0.27734375 0.7356770828125 0.2763671875 0.75 0.291015625 0.7486979171875 0.29296875 0.7434895828125 0.2900390625 0.734375 0.2841796875 0.7317708328125 0.27734375 0.7356770828125
0 0.19921875 0.6236979171875 0.2041015625 0.6328125 0.208984375 0.6315104171875 0.216796875 0.6236979171875 0.216796875 0.6158854171875 0.2041015625 0.6119791671875 0.19921875 0.6236979171875
0 0.28125 0.6809895828125 0.28125 0.69140625 0.28515625 0.6966145828125 0.296875 0.6888020828125 0.2939453125 0.6744791671875 0.2880859375 0.6744791671875 0.28125 0.6809895828125
0 0.2197265625 0.6927083328125 0.216796875 0.69921875 0.216796875 0.71484375 0.2197265625 0.71875 0.224609375 0.7174479171875 0.234375 0.7096354171875 0.232421875 0.69921875 0.2275390625 0.6927083328125 0.2197265625 0.6927083328125
0 0.33984375 0.66015625 0.341796875 0.6731770828125 0.349609375 0.6731770828125 0.35546875 0.6627604171875 0.3505859375 0.65625 0.3427734375 0.65625 0.33984375 0.66015625
0 0.3779296875 0.7005208328125 0.373046875 0.70703125 0.376953125 0.7252604171875 0.3818359375 0.734375 0.390625 0.7356770828125 0.392578125 0.7252604171875 0.388671875 0.7044270828125 0.3857421875 0.7005208328125 0.3779296875 0.7005208328125
0 0.3935546875 0.6432291671875 0.390625 0.6471354171875 0.3916015625 0.6640625 0.408203125 0.6653645828125 0.4130859375 0.6640625 0.4140625 0.6575520828125 0.4052734375 0.6458333328125 0.3935546875 0.6432291671875
0 0.376953125 0.59765625 0.375 0.6106770828125 0.3779296875 0.6145833328125 0.3876953125 0.6223958328125 0.40234375 0.62109375 0.400390625 0.6106770828125 0.3876953125 0.5963541671875 0.3798828125 0.59375 0.376953125 0.59765625
0 0.341796875 0.7747395828125 0.34765625 0.77734375 0.357421875 0.76953125 0.3486328125 0.7552083328125 0.341796875 0.76171875 0.341796875 0.7747395828125
0 0.4326171875 0.7265625 0.4453125 0.7278645828125 0.4453125 0.7200520828125 0.4404296875 0.7161458328125 0.431640625 0.7200520828125 0.4326171875 0.7265625
0 0.4453125 0.66015625 0.4453125 0.6653645828125 0.455078125 0.6731770828125 0.46875 0.6497395828125 0.46875 0.6419270828125 0.4638671875 0.6354166671875 0.4453125 0.66015625
0 0.4150390625 0.484375 0.419921875 0.4830729171875 0.42578125 0.4752604171875 0.4150390625 0.46875 0.412109375 0.48046875 0.4150390625 0.484375
0 0.4248046875 0.5260416671875 0.44140625 0.5247395828125 0.4423828125 0.5078125 0.4287109375 0.5078125 0.421875 0.5169270828125 0.4248046875 0.5260416671875
0 0.3623046875 0.4557291671875 0.37890625 0.4544270828125 0.3779296875 0.4375 0.3583984375 0.4375 0.3515625 0.4440104171875 0.3623046875 0.4557291671875
0 0.359375 0.26953125 0.3681640625 0.2838541671875 0.373046875 0.2825520828125 0.37890625 0.2721354171875 0.3623046875 0.24739583281250002 0.3564453125 0.24739583281250002 0.359375 0.26953125
0 0.3408203125 0.3255208328125 0.3359375 0.33203125 0.3359375 0.33984375 0.3388671875 0.34375 0.34765625 0.3424479171875 0.3515625 0.3372395828125 0.3515625 0.3294270828125 0.3486328125 0.3255208328125 0.3408203125 0.3255208328125
0 0.3447265625 0.3697916671875 0.345703125 0.3841145828125 0.3505859375 0.390625 0.35546875 0.3893229171875 0.361328125 0.3841145828125 0.361328125 0.3763020828125 0.3544921875 0.3671875 0.3447265625 0.3697916671875
0 0.470703125 0.21223958281250002 0.4736328125 0.21614583281250002 0.484375 0.21484375 0.486328125 0.20182291718749998 0.4814453125 0.1953125 0.4736328125 0.1953125 0.470703125 0.21223958281250002
0 0.466796875 0.30078125 0.4716796875 0.3098958328125 0.4765625 0.30859375 0.482421875 0.2955729171875 0.48046875 0.2747395828125 0.4677734375 0.2734375 0.466796875 0.30078125
0 0.576171875 0.3111979171875 0.5810546875 0.3177083328125 0.587890625 0.31640625 0.591796875 0.30859375 0.5830078125 0.296875 0.576171875 0.3059895828125 0.576171875 0.3111979171875
0 0.6640625 0.3111979171875 0.6669921875 0.3203125 0.685546875 0.3216145828125 0.6875 0.3059895828125 0.6845703125 0.3020833328125 0.6728515625 0.3020833328125 0.6640625 0.3111979171875
0 0.576171875 0.50390625 0.5771484375 0.5130208328125 0.59375 0.51171875 0.595703125 0.5013020828125 0.5927734375 0.4921875 0.5869140625 0.4921875 0.576171875 0.50390625
0 0.642578125 0.4361979171875 0.640625 0.4544270828125 0.65234375 0.4544270828125 0.65625 0.4283854171875 0.6533203125 0.421875 0.6494140625 0.421875 0.642578125 0.4361979171875
0 0.6240234375 0.3723958328125 0.6171875 0.37890625 0.619140625 0.3971354171875 0.6240234375 0.40625 0.62890625 0.4049479171875 0.6328125 0.3971354171875 0.6328125 0.3815104171875 0.6298828125 0.3723958328125 0.6240234375 0.3723958328125
0 0.525390625 0.4596354171875 0.5322265625 0.4713541671875 0.537109375 0.4700520828125 0.537109375 0.44921875 0.5322265625 0.4453125 0.525390625 0.4518229171875 0.525390625 0.4596354171875
0 0.5888671875 0.3776041671875 0.5859375 0.3841145828125 0.5859375 0.4049479171875 0.5888671875 0.4140625 0.59375 0.4127604171875 0.5986328125 0.4114583328125 0.6015625 0.40234375 0.595703125 0.37890625 0.5888671875 0.3776041671875
0 0.525390625 0.5481770828125 0.5302734375 0.5546875 0.53515625 0.5533854171875 0.5390625 0.5455729171875 0.5322265625 0.5364583328125 0.5283203125 0.5364583328125 0.525390625 0.5481770828125
0 0.4912109375 0.453125 0.498046875 0.4544270828125 0.501953125 0.4466145828125 0.5009765625 0.4296875 0.48828125 0.4440104171875 0.4912109375 0.453125
0 0.5986328125 0.5364583328125 0.58984375 0.5481770828125 0.5908203125 0.5546875 0.6015625 0.5533854171875 0.6171875 0.54296875 0.6171875 0.5377604171875 0.6103515625 0.5286458328125 0.5986328125 0.5364583328125
0 0.6650390625 0.5572916671875 0.662109375 0.5611979171875 0.662109375 0.5716145828125 0.666015625 0.58203125 0.6748046875 0.59375 0.677734375 0.5924479171875 0.68359375 0.5872395828125 0.68359375 0.5794270828125 0.6689453125 0.5572916671875 0.6650390625 0.5572916671875
0 0.556640625 0.63671875 0.556640625 0.6419270828125 0.5654296875 0.6510416671875 0.568359375 0.6497395828125 0.572265625 0.64453125 0.572265625 0.63671875 0.5634765625 0.6276041671875 0.556640625 0.63671875
0 0.6123046875 0.7421875 0.603515625 0.75390625 0.6103515625 0.765625 0.615234375 0.7643229171875 0.62109375 0.7591145828125 0.62109375 0.7513020828125 0.6162109375 0.7421875 0.6123046875 0.7421875
0 0.5859375 0.69921875 0.5927734375 0.7083333328125 0.607421875 0.7096354171875 0.609375 0.7044270828125 0.6044921875 0.6901041671875 0.5927734375 0.6927083328125 0.5859375 0.69921875
0 0.533203125 0.71484375 0.548828125 0.72265625 0.552734375 0.70703125 0.5419921875 0.6979166671875 0.5361328125 0.6979166671875 0.533203125 0.71484375