0 0.2529296875 0.6380208328125 0.25 0.6419270828125 0.2568359375 0.65625 0.2734375 0.6627604171875 0.27734375 0.6549479171875 0.2744140625 0.6432291671875 0.2607421875 0.6380208328125 0.2529296875 0.6380208328125
0 0.2216796875 0.59375 0.21875 0.59765625 0.21875 0.6158854171875 0.2255859375 0.6328125 0.232421875 0.6315104171875 0.23828125 0.6263020828125 0.23828125 0.62109375 0.23046875 0.6002604171875 0.2216796875 0.59375
0 0.3486328125 0.5651041671875 0.353515625 0.5638020828125 0.35546875 0.5533854171875 0.3466796875 0.546875 0.34375 0.55859375 0.3486328125 0.5651041671875
0 0.337890625 0.69140625 0.33984375 0.70703125 0.3447265625 0.7109375 0.3515625 0.7096354171875 0.353515625 0.6966145828125 0.3486328125 0.6901041671875 0.3408203125 0.6875 0.337890625 0.69140625
0 0.31640625 0.63671875 0.318359375 0.6471354171875 0.3232421875 0.65625 0.328125 0.6549479171875 0.3359375 0.64453125 0.3291015625 0.6354166671875 0.3193359375 0.6302083328125 0.31640625 0.63671875
0 0.337890625 0.4127604171875 0.337890625 0.41796875 0.3466796875 0.4270833328125 0.357421875 0.4283854171875 0.361328125 0.4205729171875 0.3544921875 0.4114583328125 0.3408203125 0.4088541671875 0.337890625 0.4127604171875
0 0.306640625 0.4466145828125 0.30859375 0.4544270828125 0.3173828125 0.4635416671875 0.33203125 0.4674479171875 0.3359375 0.4622395828125 0.3330078125 0.4505208328125 0.3154296875 0.4427083328125 0.306640625 0.4466145828125
0 0.3603515625 0.7135416671875 0.35546875 0.72265625 0.357421875 0.7278645828125 0.3681640625 0.7421875 0.37890625 0.7408854171875 0.380859375 0.7330729171875 0.375 0.72265625 0.3642578125 0.7109375 0.3603515625 0.7135416671875
0 0.3779296875 0.296875 0.373046875 0.3033854171875 0.373046875 0.3111979171875 0.3779296875 0.3177083328125 0.38671875 0.31640625 0.390625 0.3111979171875 0.390625 0.3033854171875 0.3857421875 0.296875 0.3779296875 0.296875
0 0.3662109375 0.3020833328125 0.36328125 0.30859375 0.3671875 0.3111979171875 0.3662109375 0.3020833328125
0 0.4560546875 0.20052083281250002 0.44921875 0.20182291718749998 0.4453125 0.22005208281250002 0.447265625 0.23828125 0.453125 0.24088541718749998 0.458984375 0.23046875 0.462890625 0.21223958281250002 0.462890625 0.20703125 0.4560546875 0.20052083281250002
0 0.3974609375 0.359375 0.39453125 0.3736979171875 0.3974609375 0.3776041671875 0.40625 0.3763020828125 0.4130859375 0.375 0.416015625 0.3684895828125 0.4091796875 0.3619791671875 0.3974609375 0.359375
0 0.5205078125 0.4453125 0.529296875 0.4440104171875 0.529296875 0.4309895828125 0.5205078125 0.4296875 0.517578125 0.44140625 0.5205078125 0.4453125
0 0.4677734375 0.4348958328125 0.4765625 0.43359375 0.486328125 0.42578125 0.4794921875 0.4114583328125 0.466796875 0.42578125 0.4677734375 0.4348958328125
0 0.4765625 0.58203125 0.4794921875 0.5859375 0.4921875 0.5846354171875 0.4921875 0.5638020828125 0.4892578125 0.5598958328125 0.4775390625 0.5625 0.4765625 0.58203125
0 0.5009765625 0.4661458328125 0.49609375 0.4778645828125 0.49609375 0.4934895828125 0.4990234375 0.4973958328125 0.50390625 0.49609375 0.51171875 0.4778645828125 0.51171875 0.4700520828125 0.5068359375 0.4661458328125 0.5009765625 0.4661458328125
0 0.4267578125 0.578125 0.421875 0.58203125 0.421875 0.58984375 0.4267578125 0.5989583328125 0.431640625 0.59765625 0.4375 0.5924479171875 0.4375 0.5872395828125 0.4326171875 0.578125 0.4267578125 0.578125
0 0.451171875 0.6940104171875 0.45703125 0.6940104171875 0.46484375 0.6861979171875 0.4599609375 0.6744791671875 0.44921875 0.6783854171875 0.451171875 0.6940104171875
0 0.4609375 0.73828125 0.455078125 0.7565104171875 0.45703125 0.7721354171875 0.462890625 0.7721354171875 0.470703125 0.75390625 0.470703125 0.7408854171875 0.4677734375 0.7369791671875 0.4609375 0.73828125
0 0.521484375 0.6627604171875 0.51953125 0.67578125 0.5244140625 0.6822916671875 0.537109375 0.6809895828125 0.54296875 0.6731770828125 0.5400390625 0.6666666671875 0.5322265625 0.6614583328125 0.521484375 0.6627604171875
0 0.5478515625 0.7552083328125 0.529296875 0.7721354171875 0.53125 0.7877604171875 0.537109375 0.7903645828125 0.556640625 0.7721354171875 0.560546875 0.76171875 0.5576171875 0.7526041671875 0.5478515625 0.7552083328125
0 0.7177734375 0.7395833328125 0.71484375 0.75390625 0.7177734375 0.7578125 0.72265625 0.7565104171875 0.728515625 0.7513020828125 0.728515625 0.74609375 0.7236328125 0.7395833328125 0.7177734375 0.7395833328125
0 0.6904296875 0.7838541671875 0.681640625 0.7903645828125 0.6865234375 0.8046875 0.6953125 0.8033854171874999 0.7119140625 0.796875 0.712890625 0.7903645828125 0.7080078125 0.7838541671875 0.6904296875 0.7838541671875
0 0.6328125 0.6966145828125 0.6357421875 0.703125 0.642578125 0.7018229171875 0.6484375 0.6888020828125 0.6484375 0.66796875 0.6357421875 0.6666666671875 0.6328125 0.6966145828125
0 0.5869140625 0.5520833328125 0.578125 0.5611979171875 0.580078125 0.5690104171875 0.591796875 0.5950520828125 0.5947265625 0.5989583328125 0.6015625 0.59765625 0.60546875 0.5924479171875 0.60546875 0.5846354171875 0.59375 0.55859375 0.5869140625 0.5520833328125
0 0.509765625 0.2955729171875 0.509765625 0.3033854171875 0.5146484375 0.3098958328125 0.521484375 0.30859375 0.525390625 0.3033854171875 0.525390625 0.2955729171875 0.5146484375 0.2890625 0.509765625 0.2955729171875
0 0.603515625 0.30078125 0.6083984375 0.3072916671875 0.6171875 0.3059895828125 0.630859375 0.2981770828125 0.6279296875 0.28125 0.6123046875 0.2864583328125 0.603515625 0.30078125
0 0.53125 0.22786458281250002 0.529296875 0.23828125 0.5400390625 0.25 0.55078125 0.25390625 0.5546875 0.2513020828125 0.552734375 0.23828125 0.5361328125 0.22135416718749998 0.53125 0.22786458281250002
0 0.6396484375 0.22135416718749998 0.63671875 0.22526041718749998 0.63671875 0.23307291718749998 0.6416015625 0.23958333281250002 0.6552734375 0.24739583281250002 0.662109375 0.24609375 0.666015625 0.23567708281250002 0.6611328125 0.22916666718749998 0.6474609375 0.22135416718749998 0.6396484375 0.22135416718749998
0 0.728515625 0.26953125 0.72265625 0.2721354171875 0.7255859375 0.2760416671875 0.732421875 0.2747395828125 0.734375 0.2669270828125 0.7255859375 0.2604166671875 0.724609375 0.2643229171875 0.728515625 0.26953125
0 0.7900390625 0.234375 0.798828125 0.23307291718749998 0.8046875 0.22786458281250002 0.7998046875 0.2109375 0.787109375 0.22005208281250002 0.7900390625 0.234375
0 0.6640625 0.33203125 0.6689453125 0.3463541671875 0.677734375 0.3450520828125 0.681640625 0.33984375 0.6787109375 0.328125 0.6669921875 0.328125 0.6640625 0.33203125
0 0.6923828125 0.4296875 0.701171875 0.4283854171875 0.7001953125 0.4166666671875 0.689453125 0.4153645828125 0.689453125 0.42578125 0.6923828125 0.4296875
0 0.77734375 0.31640625 0.783203125 0.3346354171875 0.7958984375 0.3463541671875 0.798828125 0.3450520828125 0.806640625 0.3294270828125 0.7919921875 0.3151041671875 0.7802734375 0.3125 0.77734375 0.31640625
0 0.6787109375 0.5260416671875 0.67578125 0.5299479171875 0.681640625 0.5455729171875 0.689453125 0.5455729171875 0.693359375 0.5403645828125 0.689453125 0.52734375 0.6865234375 0.5234375 0.6787109375 0.5260416671875
0 0.724609375 0.62109375 0.7294921875 0.6302083328125 0.740234375 0.6315104171875 0.744140625 0.62109375 0.7392578125 0.6145833328125 0.7294921875 0.6145833328125 0.724609375 0.62109375
0 0.689453125 0.6393229171875 0.6875 0.64453125 0.6923828125 0.65625 0.6982421875 0.6614583328125 0.70703125 0.66015625 0.7109375 0.6497395828125 0.7080078125 0.6432291671875 0.7001953125 0.6380208328125 0.689453125 0.6393229171875
0 0.796875 0.64453125 0.796875 0.6497395828125 0.7998046875 0.65625 0.80859375 0.6549479171875 0.814453125 0.64453125 0.8095703125 0.6354166671875 0.8037109375 0.6354166671875 0.796875 0.64453125
0 0.7900390625 0.71875 0.78515625 0.73046875 0.7919921875 0.7395833328125 0.80078125 0.7408854171875 0.806640625 0.7330729171875 0.806640625 0.7278645828125 0.7998046875 0.71875 0.7900390625 0.71875
0 0.767578125 0.49609375 0.7705078125 0.5 0.783203125 0.4986979171875 0.78515625 0.4908854171875 0.7783203125 0.4791666671875 0.767578125 0.4856770828125 0.767578125 0.49609375
0 0.783203125 0.44921875 0.78515625 0.4309895828125 0.7724609375 0.4296875 0.76953125 0.4440104171875 0.783203125 0.44921875