0 0.2998046875 0.2526041671875 0.296875 0.2591145828125 0.3046875 0.2877604171875 0.3125 0.2903645828125 0.318359375 0.2825520828125 0.310546875 0.25390625 0.3056640625 0.25 0.2998046875 0.2526041671875
0 0.3544921875 0.2552083328125 0.3515625 0.2591145828125 0.353515625 0.27734375 0.3623046875 0.2942708328125 0.369140625 0.29296875 0.375 0.28515625 0.373046875 0.27734375 0.3642578125 0.2630208328125 0.3544921875 0.2552083328125
0 0.189453125 0.21484375 0.189453125 0.22005208281250002 0.201171875 0.23046875 0.2265625 0.20442708281250002 0.2197265625 0.1901041671875 0.2158203125 0.1901041671875 0.189453125 0.21484375
0 0.2548828125 0.34375 0.25 0.3528645828125 0.251953125 0.3580729171875 0.2568359375 0.3619791671875 0.263671875 0.3606770828125 0.26953125 0.35546875 0.26953125 0.34765625 0.2666015625 0.34375 0.2548828125 0.34375
0 0.2216796875 0.328125 0.21875 0.3372395828125 0.2236328125 0.34375 0.232421875 0.3450520828125 0.23828125 0.33984375 0.23828125 0.3294270828125 0.2353515625 0.3255208328125 0.2216796875 0.328125
0 0.3037109375 0.3958333328125 0.298828125 0.3997395828125 0.298828125 0.4127604171875 0.3017578125 0.4192708328125 0.30859375 0.41796875 0.314453125 0.41015625 0.314453125 0.3997395828125 0.3115234375 0.3958333328125 0.3037109375 0.3958333328125
0 0.2470703125 0.40625 0.24609375 0.4205729171875 0.251953125 0.4388020828125 0.2607421875 0.4505208328125 0.267578125 0.44921875 0.26953125 0.4388020828125 0.26171875 0.4075520828125 0.2587890625 0.4036458328125 0.2470703125 0.40625
0 0.2236328125 0.5104166671875 0.22265625 0.5247395828125 0.232421875 0.5247395828125 0.236328125 0.51953125 0.236328125 0.51171875 0.2333984375 0.5078125 0.2236328125 0.5104166671875
0 0.1953125 0.62890625 0.1953125 0.63671875 0.1982421875 0.640625 0.20703125 0.6393229171875 0.212890625 0.6315104171875 0.212890625 0.6236979171875 0.2001953125 0.6197916671875 0.1953125 0.62890625
0 0.2294921875 0.5703125 0.228515625 0.5768229171875 0.234375 0.58984375 0.2431640625 0.6015625 0.25 0.6002604171875 0.25 0.58203125 0.24609375 0.5716145828125 0.2392578125 0.5625 0.2294921875 0.5703125
0 0.271484375 0.7591145828125 0.28125 0.76171875 0.287109375 0.7591145828125 0.287109375 0.74609375 0.2724609375 0.7447916671875 0.271484375 0.7591145828125
0 0.275390625 0.69140625 0.27734375 0.7018229171875 0.2802734375 0.7057291671875 0.28515625 0.7044270828125 0.29296875 0.69921875 0.29296875 0.69140625 0.2880859375 0.6848958328125 0.275390625 0.69140625
0 0.212890625 0.70703125 0.212890625 0.7252604171875 0.21875 0.7278645828125 0.228515625 0.72265625 0.2236328125 0.703125 0.2158203125 0.703125 0.212890625 0.70703125
0 0.392578125 0.7799479171875 0.3984375 0.7799479171875 0.40234375 0.7747395828125 0.3994140625 0.7578125 0.390625 0.7643229171875 0.392578125 0.7799479171875
0 0.3330078125 0.7734375 0.330078125 0.77734375 0.330078125 0.7903645828125 0.3330078125 0.796875 0.33984375 0.7955729171875 0.345703125 0.7877604171875 0.345703125 0.7825520828125 0.3408203125 0.7734375 0.3330078125 0.7734375
0 0.36328125 0.51953125 0.3681640625 0.5260416671875 0.376953125 0.5247395828125 0.376953125 0.5169270828125 0.3720703125 0.5104166671875 0.3681640625 0.5104166671875 0.36328125 0.51953125
0 0.373046875 0.5794270828125 0.3798828125 0.5885416671875 0.390625 0.58984375 0.3916015625 0.5703125 0.3759765625 0.5677083328125 0.373046875 0.5716145828125 0.373046875 0.5794270828125
0 0.34375 0.6471354171875 0.3505859375 0.65625 0.36328125 0.6549479171875 0.373046875 0.65234375 0.3720703125 0.6354166671875 0.3544921875 0.6380208328125 0.34375 0.6471354171875
0 0.4013671875 0.7057291671875 0.39453125 0.7122395828125 0.3974609375 0.7239583328125 0.412109375 0.72265625 0.423828125 0.7174479171875 0.423828125 0.70703125 0.4208984375 0.703125 0.4013671875 0.7057291671875
0 0.466796875 0.20963541718749998 0.466796875 0.22265625 0.4697265625 0.2265625 0.48046875 0.22526041718749998 0.482421875 0.20963541718749998 0.4794921875 0.20572916718749998 0.4697265625 0.20572916718749998 0.466796875 0.20963541718749998
0 0.462890625 0.3138020828125 0.4677734375 0.3203125 0.47265625 0.3190104171875 0.4765625 0.3138020828125 0.4765625 0.28515625 0.4638671875 0.2838541671875 0.462890625 0.3138020828125
0 0.5068359375 0.4791666671875 0.501953125 0.4856770828125 0.5126953125 0.4947916671875 0.521484375 0.4934895828125 0.52734375 0.48828125 0.52734375 0.48046875 0.5224609375 0.4713541671875 0.5068359375 0.4791666671875
0 0.509765625 0.4361979171875 0.5107421875 0.4244791671875 0.501953125 0.4283854171875 0.5029296875 0.4375 0.509765625 0.4361979171875
0 0.45703125 0.37890625 0.462890625 0.3815104171875 0.46875 0.3736979171875 0.4658203125 0.3671875 0.455078125 0.37109375 0.45703125 0.37890625
0 0.5048828125 0.375 0.501953125 0.3841145828125 0.5166015625 0.4036458328125 0.5234375 0.4049479171875 0.529296875 0.3971354171875 0.529296875 0.3919270828125 0.5205078125 0.3802083328125 0.5048828125 0.375
0 0.447265625 0.52734375 0.4482421875 0.5338541671875 0.458984375 0.53515625 0.466796875 0.5299479171875 0.4619140625 0.515625 0.4580078125 0.515625 0.447265625 0.52734375
0 0.4326171875 0.4635416671875 0.453125 0.4622395828125 0.458984375 0.4544270828125 0.4560546875 0.4453125 0.431640625 0.4466145828125 0.4326171875 0.4635416671875
0 0.5146484375 0.5885416671875 0.5087890625 0.5859375 0.498046875 0.6028645828125 0.49609375 0.6158854171875 0.501953125 0.6158854171875 0.5087890625 0.6145833328125 0.517578125 0.6028645828125 0.51953125 0.5950520828125 0.5146484375 0.5885416671875
0 0.439453125 0.6341145828125 0.443359375 0.6419270828125 0.4462890625 0.6458333328125 0.451171875 0.64453125 0.455078125 0.6315104171875 0.4521484375 0.6276041671875 0.4423828125 0.6276041671875 0.439453125 0.6341145828125
0 0.5185546875 0.671875 0.517578125 0.6783854171875 0.5234375 0.6940104171875 0.529296875 0.6966145828125 0.537109375 0.6888020828125 0.53515625 0.6809895828125 0.5244140625 0.671875 0.5185546875 0.671875
0 0.61328125 0.73828125 0.6162109375 0.7421875 0.630859375 0.7434895828125 0.634765625 0.73046875 0.6318359375 0.7265625 0.615234375 0.7252604171875 0.61328125 0.73828125
0 0.537109375 0.58203125 0.5400390625 0.5911458328125 0.546875 0.5924479171875 0.55859375 0.5638020828125 0.5556640625 0.5572916671875 0.5517578125 0.5572916671875 0.537109375 0.58203125
0 0.5791015625 0.328125 0.58203125 0.3268229171875 0.5859375 0.31640625 0.5771484375 0.3098958328125 0.572265625 0.3190104171875 0.5791015625 0.328125
0 0.6318359375 0.3619791671875 0.630859375 0.37890625 0.6396484375 0.3932291671875 0.642578125 0.3919270828125 0.6484375 0.38671875 0.6484375 0.37890625 0.6376953125 0.3619791671875 0.6318359375 0.3619791671875
0 0.6611328125 0.328125 0.6796875 0.33203125 0.68359375 0.31640625 0.6806640625 0.3125 0.662109375 0.31640625 0.6611328125 0.328125
0 0.625 0.29296875 0.6279296875 0.3046875 0.650390625 0.3059895828125 0.65234375 0.29296875 0.6494140625 0.2890625 0.6357421875 0.2864583328125 0.625 0.29296875
0 0.65625 0.41796875 0.662109375 0.4309895828125 0.669921875 0.4309895828125 0.67578125 0.4205729171875 0.6689453125 0.4114583328125 0.6572265625 0.4088541671875 0.65625 0.41796875
0 0.7265625 0.4596354171875 0.7265625 0.4778645828125 0.73828125 0.4778645828125 0.7421875 0.45703125 0.73828125 0.4440104171875 0.7333984375 0.4427083328125 0.7265625 0.4596354171875
0 0.70703125 0.5924479171875 0.7158203125 0.6015625 0.71875 0.6002604171875 0.724609375 0.58984375 0.7216796875 0.5833333328125 0.7119140625 0.578125 0.70703125 0.5924479171875
0 0.69921875 0.6341145828125 0.701171875 0.64453125 0.70703125 0.6471354171875 0.71484375 0.64453125 0.7138671875 0.6276041671875 0.7021484375 0.6276041671875 0.69921875 0.6341145828125