0 0.1865234375 0.24739583281250002 0.181640625 0.25390625 0.1796875 0.2721354171875 0.18359375 0.2877604171875 0.1865234375 0.2916666671875 0.19140625 0.2903645828125 0.197265625 0.2877604171875 0.197265625 0.2747395828125 0.19140625 0.25390625 0.1865234375 0.24739583281250002
0 0.30078125 0.28515625 0.30078125 0.3033854171875 0.3037109375 0.3072916671875 0.310546875 0.3059895828125 0.31640625 0.29296875 0.31640625 0.28515625 0.3056640625 0.2786458328125 0.30078125 0.28515625
0 0.287109375 0.1966145828125 0.2890625 0.20703125 0.3017578125 0.2265625 0.30859375 0.22526041718749998 0.314453125 0.21744791718749998 0.2958984375 0.1901041671875 0.2919921875 0.1901041671875 0.287109375 0.1966145828125
0 0.265625 0.41796875 0.2685546875 0.4296875 0.28125 0.4283854171875 0.28515625 0.42578125 0.2822265625 0.4140625 0.2724609375 0.4114583328125 0.265625 0.41796875
0 0.2021484375 0.3489583328125 0.19921875 0.3528645828125 0.201171875 0.3606770828125 0.21875 0.37890625 0.224609375 0.37109375 0.22265625 0.3606770828125 0.2099609375 0.3489583328125 0.2021484375 0.3489583328125
0 0.265625 0.52734375 0.267578125 0.5377604171875 0.2763671875 0.5494791671875 0.279296875 0.5481770828125 0.279296875 0.52734375 0.2763671875 0.5234375 0.2685546875 0.5234375 0.265625 0.52734375
0 0.189453125 0.5481770828125 0.1953125 0.5481770828125 0.205078125 0.54296875 0.1982421875 0.5208333328125 0.18359375 0.52734375 0.189453125 0.5481770828125
0 0.3154296875 0.4765625 0.3046875 0.49609375 0.3046875 0.5091145828125 0.3076171875 0.5130208328125 0.3125 0.51171875 0.326171875 0.4908854171875 0.326171875 0.4830729171875 0.3193359375 0.4765625 0.3154296875 0.4765625
0 0.28515625 0.6419270828125 0.28515625 0.6497395828125 0.2880859375 0.6536458328125 0.294921875 0.65234375 0.298828125 0.6471354171875 0.298828125 0.6393229171875 0.2900390625 0.6354166671875 0.28515625 0.6419270828125
0 0.2470703125 0.6536458328125 0.212890625 0.66015625 0.2158203125 0.6770833328125 0.23828125 0.67578125 0.2490234375 0.6744791671875 0.251953125 0.6705729171875 0.251953125 0.66015625 0.2470703125 0.6536458328125
0 0.185546875 0.8059895828125001 0.1884765625 0.8098958328125001 0.197265625 0.80859375 0.19921875 0.7825520828125 0.1865234375 0.78125 0.18359375 0.78515625 0.185546875 0.8059895828125001
0 0.359375 0.4049479171875 0.365234375 0.4205729171875 0.373046875 0.4205729171875 0.37890625 0.4127604171875 0.373046875 0.3997395828125 0.3603515625 0.3880208328125 0.359375 0.4049479171875
0 0.35546875 0.2903645828125 0.3623046875 0.3046875 0.3671875 0.3033854171875 0.373046875 0.2981770828125 0.373046875 0.28515625 0.3662109375 0.28125 0.35546875 0.2903645828125
0 0.4169921875 0.28125 0.4091796875 0.28125 0.40625 0.2955729171875 0.40625 0.3190104171875 0.412109375 0.3190104171875 0.419921875 0.30859375 0.423828125 0.2903645828125 0.423828125 0.28515625 0.4169921875 0.28125
0 0.458984375 0.3815104171875 0.458984375 0.3919270828125 0.4609375 0.3997395828125 0.466796875 0.40234375 0.470703125 0.3971354171875 0.470703125 0.3815104171875 0.4638671875 0.3776041671875 0.458984375 0.3815104171875
0 0.3984375 0.6393229171875 0.41015625 0.64453125 0.4140625 0.6341145828125 0.4091796875 0.6276041671875 0.4033203125 0.6276041671875 0.3984375 0.6393229171875
0 0.521484375 0.5481770828125 0.5234375 0.55859375 0.53125 0.55859375 0.53515625 0.5559895828125 0.533203125 0.5455729171875 0.5244140625 0.5442708328125 0.521484375 0.5481770828125
0 0.330078125 0.7955729171875 0.3369140625 0.8020833328125001 0.341796875 0.80078125 0.345703125 0.78515625 0.3369140625 0.7786458328125 0.33203125 0.78515625 0.330078125 0.7955729171875
0 0.3828125 0.70703125 0.3828125 0.71484375 0.388671875 0.7278645828125 0.3974609375 0.734375 0.404296875 0.7330729171875 0.404296875 0.7252604171875 0.396484375 0.70703125 0.3876953125 0.7005208328125 0.3828125 0.70703125
0 0.4765625 0.6497395828125 0.478515625 0.6627604171875 0.48828125 0.6627604171875 0.490234375 0.65234375 0.4853515625 0.6458333328125 0.4794921875 0.6458333328125 0.4765625 0.6497395828125
0 0.482421875 0.6080729171875 0.4833984375 0.6171875 0.494140625 0.6184895828125 0.501953125 0.59765625 0.5009765625 0.5885416671875 0.4931640625 0.5885416671875 0.482421875 0.6080729171875
0 0.5166015625 0.421875 0.5078125 0.4309895828125 0.5107421875 0.4401041671875 0.521484375 0.44140625 0.53515625 0.4361979171875 0.53515625 0.4231770828125 0.5322265625 0.4192708328125 0.5166015625 0.421875
0 0.533203125 0.3736979171875 0.5419921875 0.3802083328125 0.546875 0.37890625 0.548828125 0.35546875 0.5439453125 0.3515625 0.537109375 0.3606770828125 0.533203125 0.3736979171875
0 0.537109375 0.26953125 0.5439453125 0.2838541671875 0.548828125 0.2825520828125 0.56640625 0.2643229171875 0.5634765625 0.2552083328125 0.5498046875 0.2578125 0.537109375 0.26953125
0 0.603515625 0.4518229171875 0.603515625 0.45703125 0.6083984375 0.4661458328125 0.615234375 0.46484375 0.62109375 0.45703125 0.6142578125 0.4453125 0.6103515625 0.4453125 0.603515625 0.4518229171875
0 0.515625 0.7356770828125 0.5185546875 0.7473958328125 0.52734375 0.74609375 0.537109375 0.7252604171875 0.5361328125 0.7135416671875 0.5263671875 0.7161458328125 0.515625 0.7356770828125
0 0.6318359375 0.6145833328125 0.623046875 0.6315104171875 0.6259765625 0.6380208328125 0.634765625 0.6419270828125 0.640625 0.62890625 0.640625 0.6184895828125 0.6376953125 0.6145833328125 0.6318359375 0.6145833328125
0 0.5625 0.6341145828125 0.55859375 0.6471354171875 0.56640625 0.6471354171875 0.5859375 0.62890625 0.5810546875 0.6197916671875 0.5751953125 0.6197916671875 0.5625 0.6341145828125
0 0.623046875 0.7486979171875 0.623046875 0.7591145828125 0.6279296875 0.765625 0.63671875 0.7643229171875 0.63671875 0.7513020828125 0.6318359375 0.7447916671875 0.6259765625 0.7447916671875 0.623046875 0.7486979171875
0 0.6611328125 0.6744791671875 0.654296875 0.68359375 0.66015625 0.6966145828125 0.666015625 0.69921875 0.671875 0.69140625 0.671875 0.6809895828125 0.6669921875 0.6744791671875 0.6611328125 0.6744791671875
0 0.6865234375 0.5755208328125 0.6796875 0.5872395828125 0.6845703125 0.5963541671875 0.689453125 0.5950520828125 0.6962890625 0.59375 0.701171875 0.5872395828125 0.6943359375 0.5729166671875 0.6865234375 0.5755208328125
0 0.6826171875 0.46875 0.6796875 0.4752604171875 0.6796875 0.4856770828125 0.6826171875 0.4895833328125 0.7001953125 0.4947916671875 0.712890625 0.4934895828125 0.71484375 0.4856770828125 0.7080078125 0.4765625 0.6884765625 0.46875 0.6826171875 0.46875
0 0.728515625 0.6731770828125 0.728515625 0.6783854171875 0.7353515625 0.6875 0.740234375 0.6861979171875 0.74609375 0.6705729171875 0.7431640625 0.6640625 0.7353515625 0.6640625 0.728515625 0.6731770828125
0 0.7373046875 0.5703125 0.732421875 0.5768229171875 0.732421875 0.5846354171875 0.7373046875 0.5911458328125 0.744140625 0.58984375 0.75 0.5846354171875 0.75 0.5768229171875 0.7470703125 0.5703125 0.7373046875 0.5703125
0 0.6298828125 0.2760416671875 0.625 0.2825520828125 0.625 0.29296875 0.6279296875 0.296875 0.6328125 0.2955729171875 0.63671875 0.2903645828125 0.63671875 0.2825520828125 0.6337890625 0.2760416671875 0.6298828125 0.2760416671875
0 0.642578125 0.22265625 0.65234375 0.22265625 0.65234375 0.20703125 0.6455078125 0.20572916718749998 0.642578125 0.20963541718749998 0.642578125 0.22265625
0 0.7080078125 0.171875 0.705078125 0.17578125 0.705078125 0.1888020828125 0.7099609375 0.1953125 0.712890625 0.1940104171875 0.7216796875 0.1927083328125 0.732421875 0.1809895828125 0.7236328125 0.171875 0.7080078125 0.171875
0 0.724609375 0.4205729171875 0.724609375 0.4283854171875 0.7294921875 0.4348958328125 0.73828125 0.43359375 0.740234375 0.4205729171875 0.7353515625 0.4114583328125 0.7314453125 0.4114583328125 0.724609375 0.4205729171875
0 0.73046875 0.3268229171875 0.7333984375 0.3307291671875 0.740234375 0.3294270828125 0.744140625 0.32421875 0.7421875 0.3111979171875 0.7314453125 0.3098958328125 0.73046875 0.3268229171875
0 0.744140625 0.2565104171875 0.744140625 0.27734375 0.7509765625 0.2916666671875 0.7578125 0.2903645828125 0.767578125 0.2825520828125 0.7578125 0.26171875 0.7470703125 0.2526041671875 0.744140625 0.2565104171875
0 0.466796875 0.23307291718749998 0.4697265625 0.23958333281250002 0.478515625 0.24088541718749998 0.482421875 0.23567708281250002 0.482421875 0.22786458281250002 0.4736328125 0.22135416718749998 0.466796875 0.23307291718749998