0 0.75390625 0.24088541718749998 0.7568359375 0.24479166718749998 0.76171875 0.24348958281250002 0.76953125 0.23307291718749998 0.7646484375 0.22135416718749998 0.75390625 0.23307291718749998 0.75390625 0.24088541718749998
0 0.603515625 0.2643229171875 0.615234375 0.2643229171875 0.615234375 0.2513020828125 0.6083984375 0.23958333281250002 0.603515625 0.24609375 0.603515625 0.2643229171875
0 0.7001953125 0.171875 0.6953125 0.17578125 0.689453125 0.19140625 0.689453125 0.20703125 0.693359375 0.20963541718749998 0.703125 0.19921875 0.708984375 0.1861979171875 0.708984375 0.1809895828125 0.7001953125 0.171875
0 0.5341796875 0.2630208328125 0.54296875 0.26171875 0.55859375 0.24088541718749998 0.5498046875 0.22916666718749998 0.533203125 0.2513020828125 0.5341796875 0.2630208328125
0 0.50390625 0.3138020828125 0.5087890625 0.3203125 0.515625 0.3190104171875 0.533203125 0.3111979171875 0.5302734375 0.2942708328125 0.5146484375 0.2994791671875 0.50390625 0.3138020828125
0 0.279296875 0.3684895828125 0.2841796875 0.375 0.287109375 0.3736979171875 0.29296875 0.3684895828125 0.29296875 0.3580729171875 0.2802734375 0.3541666671875 0.279296875 0.3684895828125
0 0.4091796875 0.3151041671875 0.416015625 0.3138020828125 0.427734375 0.30078125 0.4189453125 0.2864583328125 0.40625 0.3033854171875 0.4091796875 0.3151041671875
0 0.3359375 0.31640625 0.3359375 0.3268229171875 0.3388671875 0.3307291671875 0.34765625 0.3294270828125 0.3544921875 0.3255208328125 0.359375 0.31640625 0.3564453125 0.3072916671875 0.3359375 0.31640625
0 0.255859375 0.46484375 0.2626953125 0.4713541671875 0.267578125 0.4700520828125 0.2734375 0.4596354171875 0.2685546875 0.453125 0.2607421875 0.453125 0.255859375 0.46484375
0 0.291015625 0.57421875 0.30078125 0.57421875 0.302734375 0.5533854171875 0.2958984375 0.5520833328125 0.291015625 0.5638020828125 0.291015625 0.57421875
0 0.3232421875 0.5833333328125 0.318359375 0.5924479171875 0.3212890625 0.6015625 0.330078125 0.6002604171875 0.333984375 0.5950520828125 0.333984375 0.58203125 0.3310546875 0.578125 0.3232421875 0.5833333328125
0 0.3291015625 0.6510416671875 0.337890625 0.6497395828125 0.3515625 0.62890625 0.3427734375 0.6171875 0.328125 0.6393229171875 0.3291015625 0.6510416671875
0 0.23828125 0.5559895828125 0.2392578125 0.5625 0.251953125 0.56640625 0.267578125 0.55859375 0.267578125 0.5481770828125 0.2626953125 0.5416666671875 0.23828125 0.5559895828125
0 0.306640625 0.71484375 0.306640625 0.7330729171875 0.3125 0.7356770828125 0.328125 0.7096354171875 0.3251953125 0.7005208328125 0.3173828125 0.6979166671875 0.306640625 0.71484375
0 0.3984375 0.67578125 0.4013671875 0.6822916671875 0.40625 0.68359375 0.41015625 0.6783854171875 0.41015625 0.66796875 0.4013671875 0.6640625 0.3984375 0.67578125
0 0.3935546875 0.7161458328125 0.39453125 0.73828125 0.3974609375 0.7421875 0.41015625 0.7408854171875 0.412109375 0.7330729171875 0.408203125 0.7174479171875 0.4052734375 0.7135416671875 0.3935546875 0.7161458328125
0 0.4375 0.7565104171875 0.439453125 0.77734375 0.451171875 0.7877604171875 0.455078125 0.77734375 0.451171875 0.7565104171875 0.4443359375 0.75 0.4375 0.7565104171875
0 0.478515625 0.48828125 0.4814453125 0.4921875 0.48828125 0.4908854171875 0.4921875 0.4856770828125 0.490234375 0.48046875 0.4814453125 0.4765625 0.478515625 0.48828125
0 0.583984375 0.5533854171875 0.5869140625 0.5598958328125 0.59375 0.5611979171875 0.59765625 0.5559895828125 0.5947265625 0.5442708328125 0.5869140625 0.546875 0.583984375 0.5533854171875
0 0.5830078125 0.4817708328125 0.580078125 0.4856770828125 0.580078125 0.49609375 0.587890625 0.4986979171875 0.5927734375 0.4973958328125 0.599609375 0.4856770828125 0.5947265625 0.4817708328125 0.5830078125 0.4817708328125
0 0.4775390625 0.3828125 0.478515625 0.4127604171875 0.4814453125 0.4192708328125 0.486328125 0.41796875 0.4921875 0.4127604171875 0.490234375 0.39453125 0.4853515625 0.3828125 0.4775390625 0.3828125
0 0.552734375 0.4283854171875 0.5546875 0.44140625 0.5673828125 0.4557291671875 0.572265625 0.4544270828125 0.578125 0.44140625 0.5615234375 0.4244791671875 0.5556640625 0.4244791671875 0.552734375 0.4283854171875
0 0.521484375 0.5872395828125 0.52734375 0.58984375 0.5390625 0.5768229171875 0.5380859375 0.5677083328125 0.525390625 0.56640625 0.521484375 0.5872395828125
0 0.455078125 0.56640625 0.4599609375 0.5807291671875 0.470703125 0.5794270828125 0.48046875 0.57421875 0.4775390625 0.5651041671875 0.4580078125 0.5625 0.455078125 0.56640625
0 0.5458984375 0.6901041671875 0.556640625 0.69140625 0.556640625 0.68359375 0.5517578125 0.6744791671875 0.54296875 0.6809895828125 0.5458984375 0.6901041671875
0 0.6005859375 0.7395833328125 0.59375 0.7434895828125 0.59375 0.75390625 0.599609375 0.77734375 0.6025390625 0.78125 0.607421875 0.7799479171875 0.611328125 0.7747395828125 0.611328125 0.7591145828125 0.607421875 0.7434895828125 0.6005859375 0.7395833328125
0 0.767578125 0.8111979171874999 0.767578125 0.8190104171874999 0.7724609375 0.8255208328125001 0.779296875 0.8268229171874999 0.78515625 0.82421875 0.787109375 0.8138020828125001 0.7724609375 0.8046875 0.767578125 0.8111979171874999
0 0.6953125 0.7278645828125 0.6982421875 0.7369791671875 0.70703125 0.73828125 0.71875 0.7330729171875 0.7138671875 0.7161458328125 0.7021484375 0.71875 0.6953125 0.7278645828125
0 0.65625 0.7044270828125 0.6640625 0.7044270828125 0.6796875 0.68359375 0.6728515625 0.671875 0.65625 0.6940104171875 0.65625 0.7044270828125
0 0.515625 0.7486979171875 0.5224609375 0.7578125 0.529296875 0.7565104171875 0.533203125 0.7434895828125 0.5244140625 0.734375 0.517578125 0.7408854171875 0.515625 0.7486979171875
0 0.79296875 0.3658854171875 0.806640625 0.3684895828125 0.810546875 0.35546875 0.8056640625 0.3489583328125 0.7958984375 0.3489583328125 0.79296875 0.3658854171875
0 0.8193359375 0.28125 0.8125 0.2877604171875 0.8125 0.29296875 0.814453125 0.30078125 0.8193359375 0.3072916671875 0.822265625 0.3059895828125 0.830078125 0.2981770828125 0.830078125 0.29296875 0.8232421875 0.28125 0.8193359375 0.28125
0 0.712890625 0.33984375 0.701171875 0.3658854171875 0.7080078125 0.375 0.71484375 0.3736979171875 0.732421875 0.3424479171875 0.7294921875 0.3307291671875 0.7216796875 0.328125 0.712890625 0.33984375
0 0.609375 0.3528645828125 0.6123046875 0.3567708328125 0.62109375 0.35546875 0.623046875 0.3450520828125 0.6123046875 0.3385416671875 0.609375 0.3424479171875 0.609375 0.3528645828125
0 0.744140625 0.53515625 0.7509765625 0.5494791671875 0.7578125 0.5481770828125 0.763671875 0.5403645828125 0.7587890625 0.53125 0.7529296875 0.5286458328125 0.744140625 0.53515625
0 0.796875 0.4856770828125 0.796875 0.5013020828125 0.7998046875 0.5052083328125 0.806640625 0.50390625 0.810546875 0.4986979171875 0.810546875 0.4830729171875 0.8017578125 0.4817708328125 0.796875 0.4856770828125
0 0.7646484375 0.4140625 0.76171875 0.4205729171875 0.767578125 0.4361979171875 0.7802734375 0.4479166671875 0.78515625 0.4466145828125 0.791015625 0.4361979171875 0.791015625 0.4283854171875 0.7763671875 0.4166666671875 0.7646484375 0.4140625
0 0.7236328125 0.5677083328125 0.720703125 0.5716145828125 0.720703125 0.5846354171875 0.728515625 0.5846354171875 0.734375 0.5794270828125 0.734375 0.5716145828125 0.7314453125 0.5677083328125 0.7236328125 0.5677083328125
0 0.6806640625 0.5208333328125 0.6640625 0.5481770828125 0.6640625 0.55859375 0.6669921875 0.5625 0.673828125 0.5611979171875 0.685546875 0.5481770828125 0.693359375 0.5299479171875 0.6845703125 0.5208333328125 0.6806640625 0.5208333328125
0 0.8037109375 0.6015625 0.814453125 0.6002604171875 0.81640625 0.5846354171875 0.8037109375 0.5807291671875 0.80078125 0.59765625 0.8037109375 0.6015625
0 0.7626953125 0.6588541671875 0.763671875 0.6783854171875 0.7666015625 0.6822916671875 0.775390625 0.6809895828125 0.78125 0.67578125 0.779296875 0.6627604171875 0.7666015625 0.65625 0.7626953125 0.6588541671875