0 0.28515625 0.40234375 0.28515625 0.4075520828125 0.2880859375 0.4140625 0.296875 0.4127604171875 0.302734375 0.40234375 0.2978515625 0.3932291671875 0.2919921875 0.3932291671875 0.28515625 0.40234375
0 0.2392578125 0.390625 0.236328125 0.39453125 0.23828125 0.4049479171875 0.25 0.41015625 0.255859375 0.40234375 0.255859375 0.39453125 0.2490234375 0.3880208328125 0.2392578125 0.390625
0 0.3349609375 0.2864583328125 0.33203125 0.2903645828125 0.3408203125 0.3072916671875 0.3525390625 0.3151041671875 0.357421875 0.3138020828125 0.361328125 0.3033854171875 0.3583984375 0.2942708328125 0.3427734375 0.2864583328125 0.3349609375 0.2864583328125
0 0.2294921875 0.3020833328125 0.2265625 0.3138020828125 0.23828125 0.3372395828125 0.25 0.3372395828125 0.25 0.3268229171875 0.2421875 0.3059895828125 0.2373046875 0.2994791671875 0.2294921875 0.3020833328125
0 0.275390625 0.23828125 0.2734375 0.24609375 0.2763671875 0.2552083328125 0.2998046875 0.265625 0.310546875 0.2643229171875 0.3125 0.2565104171875 0.3095703125 0.24479166718749998 0.2880859375 0.23697916718749998 0.275390625 0.23828125
0 0.251953125 0.54296875 0.2705078125 0.5572916671875 0.28125 0.5559895828125 0.275390625 0.5377604171875 0.2626953125 0.5286458328125 0.2587890625 0.5286458328125 0.251953125 0.54296875
0 0.3515625 0.4518229171875 0.3544921875 0.4557291671875 0.361328125 0.4544270828125 0.36328125 0.4440104171875 0.3564453125 0.4348958328125 0.3515625 0.44140625 0.3515625 0.4518229171875
0 0.31640625 0.4700520828125 0.3212890625 0.4765625 0.330078125 0.4752604171875 0.333984375 0.47265625 0.333984375 0.4622395828125 0.3212890625 0.4557291671875 0.31640625 0.4700520828125
0 0.2216796875 0.4348958328125 0.2177734375 0.4348958328125 0.208984375 0.4466145828125 0.224609375 0.4752604171875 0.234375 0.48046875 0.23828125 0.4778645828125 0.23828125 0.4622395828125 0.232421875 0.44921875 0.2216796875 0.4348958328125
0 0.193359375 0.6236979171875 0.193359375 0.62890625 0.1982421875 0.6354166671875 0.201171875 0.6341145828125 0.2109375 0.6236979171875 0.2080078125 0.6171875 0.1982421875 0.6171875 0.193359375 0.6236979171875
0 0.2783203125 0.6979166671875 0.283203125 0.6966145828125 0.291015625 0.6888020828125 0.2861328125 0.6770833328125 0.2734375 0.6861979171875 0.2783203125 0.6979166671875
0 0.2724609375 0.7552083328125 0.283203125 0.75390625 0.2841796875 0.7369791671875 0.2744140625 0.7369791671875 0.26953125 0.7434895828125 0.2724609375 0.7552083328125
0 0.2138671875 0.6979166671875 0.2109375 0.7174479171875 0.2138671875 0.7213541671875 0.21875 0.7200520828125 0.224609375 0.71484375 0.224609375 0.7044270828125 0.2216796875 0.6979166671875 0.2138671875 0.6979166671875
0 0.3935546875 0.2734375 0.39453125 0.2877604171875 0.3974609375 0.2916666671875 0.404296875 0.2903645828125 0.408203125 0.2877604171875 0.40625 0.2747395828125 0.4033203125 0.2708333328125 0.3935546875 0.2734375
0 0.3388671875 0.7578125 0.333984375 0.76953125 0.3388671875 0.78125 0.34375 0.7799479171875 0.349609375 0.7747395828125 0.349609375 0.7643229171875 0.3447265625 0.7578125 0.3388671875 0.7578125
0 0.3671875 0.70703125 0.3671875 0.71484375 0.373046875 0.7330729171875 0.384765625 0.73828125 0.38671875 0.73046875 0.3828125 0.7096354171875 0.3759765625 0.7005208328125 0.3671875 0.70703125
0 0.3828125 0.6627604171875 0.3857421875 0.6666666671875 0.3984375 0.66796875 0.408203125 0.6627604171875 0.3974609375 0.6484375 0.3857421875 0.6484375 0.3828125 0.6627604171875
0 0.41015625 0.5611979171875 0.4130859375 0.5677083328125 0.419921875 0.56640625 0.423828125 0.5611979171875 0.4228515625 0.5572916671875 0.4130859375 0.5572916671875 0.41015625 0.5611979171875
0 0.4052734375 0.4869791671875 0.3984375 0.49609375 0.4052734375 0.5078125 0.41015625 0.5065104171875 0.41796875 0.4986979171875 0.41796875 0.4934895828125 0.4111328125 0.4869791671875 0.4052734375 0.4869791671875
0 0.419921875 0.45703125 0.419921875 0.4700520828125 0.4228515625 0.4739583328125 0.4375 0.47265625 0.447265625 0.46484375 0.4423828125 0.4583333328125 0.4287109375 0.453125 0.419921875 0.45703125
0 0.4345703125 0.3723958328125 0.4267578125 0.3723958328125 0.421875 0.3893229171875 0.421875 0.4049479171875 0.4248046875 0.4088541671875 0.4296875 0.4075520828125 0.43359375 0.4049479171875 0.4375 0.3893229171875 0.4375 0.3763020828125 0.4345703125 0.3723958328125
0 0.4267578125 0.7291666671875 0.439453125 0.73046875 0.4365234375 0.71875 0.4287109375 0.7161458328125 0.42578125 0.7200520828125 0.4267578125 0.7291666671875
0 0.4375 0.6653645828125 0.4462890625 0.6744791671875 0.44921875 0.6731770828125 0.462890625 0.6497395828125 0.4580078125 0.6380208328125 0.4521484375 0.640625 0.4375 0.6653645828125
0 0.3671875 0.60546875 0.3671875 0.6106770828125 0.3779296875 0.6223958328125 0.39453125 0.6236979171875 0.396484375 0.6184895828125 0.3779296875 0.5963541671875 0.3740234375 0.5963541671875 0.3671875 0.60546875
0 0.4375 0.5481770828125 0.447265625 0.5611979171875 0.45703125 0.5481770828125 0.45703125 0.5377604171875 0.4521484375 0.5338541671875 0.4375 0.5481770828125
0 0.517578125 0.5403645828125 0.517578125 0.55078125 0.525390625 0.5559895828125 0.529296875 0.5533854171875 0.53125 0.54296875 0.5205078125 0.5364583328125 0.517578125 0.5403645828125
0 0.515625 0.4544270828125 0.517578125 0.46484375 0.5244140625 0.4739583328125 0.529296875 0.47265625 0.53125 0.4544270828125 0.5283203125 0.4479166671875 0.5205078125 0.4479166671875 0.515625 0.4544270828125
0 0.48046875 0.4440104171875 0.4833984375 0.4557291671875 0.4912109375 0.4557291671875 0.4951171875 0.4479166671875 0.498046875 0.4544270828125 0.498046875 0.4361979171875 0.4951171875 0.4322916671875 0.4892578125 0.4322916671875 0.48046875 0.4440104171875
0 0.5810546875 0.3776041671875 0.578125 0.3841145828125 0.578125 0.4075520828125 0.5810546875 0.4140625 0.58984375 0.4127604171875 0.59375 0.4075520828125 0.591796875 0.3893229171875 0.5869140625 0.3776041671875 0.5810546875 0.3776041671875
0 0.56640625 0.30859375 0.5732421875 0.3203125 0.578125 0.3190104171875 0.58203125 0.3138020828125 0.58203125 0.3059895828125 0.5751953125 0.296875 0.56640625 0.30859375
0 0.5732421875 0.5130208328125 0.583984375 0.51171875 0.587890625 0.5065104171875 0.5830078125 0.4921875 0.568359375 0.5065104171875 0.5732421875 0.5130208328125
0 0.6083984375 0.4192708328125 0.603515625 0.42578125 0.6103515625 0.4348958328125 0.623046875 0.43359375 0.6279296875 0.4322916671875 0.630859375 0.42578125 0.6259765625 0.4140625 0.6083984375 0.4192708328125
0 0.548828125 0.6419270828125 0.5576171875 0.6510416671875 0.5625 0.6497395828125 0.56640625 0.63671875 0.5595703125 0.6302083328125 0.5537109375 0.6302083328125 0.548828125 0.6419270828125
0 0.5986328125 0.53125 0.5869140625 0.5416666671875 0.58203125 0.5533854171875 0.587890625 0.5559895828125 0.6064453125 0.546875 0.609375 0.54296875 0.607421875 0.5325520828125 0.5986328125 0.53125
0 0.6064453125 0.7421875 0.59765625 0.75390625 0.6025390625 0.765625 0.609375 0.7643229171875 0.615234375 0.7565104171875 0.615234375 0.7513020828125 0.6103515625 0.7421875 0.6064453125 0.7421875
0 0.580078125 0.7044270828125 0.5888671875 0.7109375 0.6015625 0.7096354171875 0.5986328125 0.6901041671875 0.5869140625 0.6927083328125 0.580078125 0.69921875 0.580078125 0.7044270828125
0 0.525390625 0.7122395828125 0.5380859375 0.7239583328125 0.54296875 0.72265625 0.546875 0.7096354171875 0.5419921875 0.703125 0.5302734375 0.6979166671875 0.525390625 0.7122395828125
0 0.638671875 0.34765625 0.63671875 0.35546875 0.6416015625 0.3619791671875 0.65625 0.36328125 0.66015625 0.3606770828125 0.66015625 0.3450520828125 0.6572265625 0.3411458328125 0.638671875 0.34765625
0 0.6455078125 0.46875 0.640625 0.4700520828125 0.630859375 0.4908854171875 0.630859375 0.5013020828125 0.638671875 0.5013020828125 0.646484375 0.4934895828125 0.650390625 0.4830729171875 0.650390625 0.4752604171875 0.6455078125 0.46875
0 0.654296875 0.5690104171875 0.662109375 0.5872395828125 0.6669921875 0.59375 0.669921875 0.5924479171875 0.677734375 0.58203125 0.6630859375 0.5572916671875 0.6572265625 0.5572916671875 0.654296875 0.5690104171875