0 0.314453125 0.3216145828125 0.3193359375 0.3307291671875 0.326171875 0.3294270828125 0.328125 0.31640625 0.3212890625 0.3098958328125 0.314453125 0.31640625 0.314453125 0.3216145828125
0 0.3251953125 0.3619791671875 0.32421875 0.37890625 0.330078125 0.3815104171875 0.3369140625 0.3802083328125 0.337890625 0.37109375 0.3349609375 0.3645833328125 0.3251953125 0.3619791671875
0 0.2265625 0.31640625 0.2294921875 0.328125 0.2421875 0.3294270828125 0.24609375 0.3216145828125 0.2431640625 0.3125 0.2353515625 0.3098958328125 0.2265625 0.31640625
0 0.359375 0.24609375 0.361328125 0.2643229171875 0.3701171875 0.28125 0.376953125 0.2799479171875 0.3828125 0.2721354171875 0.380859375 0.2643229171875 0.3623046875 0.2421875 0.359375 0.24609375
0 0.3095703125 0.23697916718749998 0.3046875 0.24869791718749998 0.3125 0.2747395828125 0.318359375 0.27734375 0.32421875 0.2721354171875 0.32421875 0.26171875 0.318359375 0.24088541718749998 0.3095703125 0.23697916718749998
0 0.216796875 0.23828125 0.216796875 0.24609375 0.2236328125 0.2552083328125 0.228515625 0.25390625 0.25390625 0.23046875 0.2470703125 0.21614583281250002 0.2353515625 0.22135416718749998 0.216796875 0.23828125
0 0.26171875 0.53515625 0.2646484375 0.5390625 0.2802734375 0.5494791671875 0.291015625 0.5481770828125 0.2802734375 0.5260416671875 0.2724609375 0.5208333328125 0.265625 0.5221354171875 0.26171875 0.53515625
0 0.1923828125 0.4479166671875 0.189453125 0.4544270828125 0.19921875 0.4752604171875 0.2060546875 0.484375 0.21484375 0.4856770828125 0.216796875 0.4752604171875 0.205078125 0.4466145828125 0.2001953125 0.4427083328125 0.1923828125 0.4479166671875
0 0.28125 0.6783854171875 0.2861328125 0.6901041671875 0.29296875 0.6888020828125 0.298828125 0.68359375 0.2939453125 0.671875 0.2880859375 0.671875 0.28125 0.6783854171875
0 0.201171875 0.6236979171875 0.2041015625 0.6276041671875 0.212890625 0.6263020828125 0.21875 0.6184895828125 0.21875 0.6080729171875 0.2041015625 0.6067708328125 0.201171875 0.6236979171875
0 0.216796875 0.7044270828125 0.2197265625 0.7135416671875 0.2265625 0.7122395828125 0.234375 0.70703125 0.232421875 0.69140625 0.2216796875 0.6875 0.216796875 0.7044270828125
0 0.333984375 0.69921875 0.333984375 0.70703125 0.33984375 0.7252604171875 0.345703125 0.7252604171875 0.3515625 0.7096354171875 0.349609375 0.6966145828125 0.3408203125 0.6927083328125 0.333984375 0.69921875
0 0.2783203125 0.7473958328125 0.2890625 0.74609375 0.29296875 0.7408854171875 0.2919921875 0.7317708328125 0.27734375 0.7330729171875 0.2783203125 0.7473958328125
0 0.3388671875 0.7604166671875 0.333984375 0.7721354171875 0.3388671875 0.7838541671875 0.34375 0.7825520828125 0.3515625 0.7747395828125 0.3515625 0.76953125 0.3486328125 0.7630208328125 0.3388671875 0.7604166671875
0 0.375 0.6028645828125 0.3916015625 0.6197916671875 0.404296875 0.6184895828125 0.404296875 0.61328125 0.3857421875 0.5911458328125 0.3818359375 0.5911458328125 0.375 0.6028645828125
0 0.4453125 0.66015625 0.45703125 0.6705729171875 0.470703125 0.6471354171875 0.4677734375 0.6354166671875 0.4580078125 0.6380208328125 0.4453125 0.66015625
0 0.3427734375 0.6536458328125 0.33984375 0.6575520828125 0.341796875 0.66796875 0.3447265625 0.671875 0.349609375 0.6705729171875 0.357421875 0.6627604171875 0.357421875 0.6575520828125 0.3544921875 0.6536458328125 0.3427734375 0.6536458328125
0 0.427734375 0.74609375 0.431640625 0.7565104171875 0.4375 0.7565104171875 0.44140625 0.7513020828125 0.439453125 0.7434895828125 0.4306640625 0.7395833328125 0.427734375 0.74609375
0 0.3916015625 0.7265625 0.388671875 0.73046875 0.390625 0.76171875 0.3984375 0.76171875 0.40234375 0.75390625 0.404296875 0.73046875 0.4013671875 0.7265625 0.3916015625 0.7265625
0 0.4140625 0.4752604171875 0.4169921875 0.4791666671875 0.423828125 0.4778645828125 0.427734375 0.47265625 0.4248046875 0.46875 0.4169921875 0.46875 0.4140625 0.4752604171875
0 0.4287109375 0.5234375 0.4453125 0.5221354171875 0.4443359375 0.5052083328125 0.4326171875 0.5052083328125 0.423828125 0.5143229171875 0.4287109375 0.5234375
0 0.3564453125 0.4453125 0.3681640625 0.453125 0.380859375 0.4518229171875 0.3798828125 0.4348958328125 0.3623046875 0.4348958328125 0.35546875 0.4388020828125 0.3564453125 0.4453125
0 0.265625 0.46484375 0.267578125 0.4778645828125 0.27734375 0.4778645828125 0.283203125 0.4674479171875 0.2763671875 0.4583333328125 0.2685546875 0.4609375 0.265625 0.46484375
0 0.490234375 0.4440104171875 0.4931640625 0.4505208328125 0.5 0.4518229171875 0.50390625 0.4440104171875 0.5029296875 0.4296875 0.4990234375 0.4296875 0.490234375 0.4440104171875
0 0.52734375 0.45703125 0.5361328125 0.4713541671875 0.5390625 0.4700520828125 0.541015625 0.4518229171875 0.5380859375 0.4453125 0.5322265625 0.4453125 0.52734375 0.45703125
0 0.52734375 0.5377604171875 0.52734375 0.5481770828125 0.5322265625 0.5546875 0.53515625 0.5533854171875 0.541015625 0.54296875 0.5341796875 0.5338541671875 0.5302734375 0.5338541671875 0.52734375 0.5377604171875
0 0.583984375 0.3033854171875 0.580078125 0.3033854171875 0.580078125 0.3111979171875 0.5849609375 0.3177083328125 0.58984375 0.31640625 0.59375 0.3059895828125 0.5869140625 0.296875 0.5830078125 0.296875 0.583984375 0.3033854171875
0 0.474609375 0.1966145828125 0.474609375 0.21223958281250002 0.4794921875 0.21614583281250002 0.486328125 0.21484375 0.490234375 0.19921875 0.4853515625 0.1927083328125 0.4775390625 0.1927083328125 0.474609375 0.1966145828125
0 0.470703125 0.3033854171875 0.4736328125 0.3072916671875 0.482421875 0.3059895828125 0.484375 0.2721354171875 0.4716796875 0.2708333328125 0.46875 0.27734375 0.470703125 0.3033854171875
0 0.669921875 0.3997395828125 0.6708984375 0.4088541671875 0.677734375 0.4075520828125 0.689453125 0.3971354171875 0.6826171875 0.3828125 0.6787109375 0.3828125 0.669921875 0.3997395828125
0 0.7265625 0.4388020828125 0.7314453125 0.4479166671875 0.73828125 0.4466145828125 0.748046875 0.4309895828125 0.748046875 0.41796875 0.7451171875 0.4140625 0.7265625 0.4388020828125
0 0.66796875 0.30859375 0.6708984375 0.3203125 0.689453125 0.3216145828125 0.69140625 0.3059895828125 0.6884765625 0.3020833328125 0.6748046875 0.3020833328125 0.66796875 0.30859375
0 0.650390625 0.3684895828125 0.6591796875 0.3776041671875 0.666015625 0.37890625 0.669921875 0.36328125 0.6572265625 0.3515625 0.6494140625 0.3515625 0.650390625 0.3684895828125
0 0.630859375 0.2877604171875 0.6337890625 0.2942708328125 0.6396484375 0.296875 0.658203125 0.2955729171875 0.66015625 0.2825520828125 0.6533203125 0.2760416671875 0.6396484375 0.2760416671875 0.630859375 0.2877604171875
0 0.712890625 0.61328125 0.7197265625 0.6197916671875 0.72265625 0.6184895828125 0.728515625 0.60546875 0.7197265625 0.5989583328125 0.712890625 0.6080729171875 0.712890625 0.61328125
0 0.6318359375 0.5026041671875 0.61328125 0.5091145828125 0.61328125 0.51953125 0.6162109375 0.5234375 0.625 0.5221354171875 0.6357421875 0.5182291671875 0.640625 0.51171875 0.640625 0.50390625 0.6318359375 0.5026041671875
0 0.6630859375 0.5651041671875 0.66015625 0.5690104171875 0.6669921875 0.5807291671875 0.6806640625 0.5885416671875 0.685546875 0.5872395828125 0.689453125 0.5768229171875 0.6884765625 0.5703125 0.6767578125 0.5651041671875 0.6630859375 0.5651041671875
0 0.697265625 0.7565104171875 0.7021484375 0.7604166671875 0.7109375 0.7591145828125 0.71484375 0.74609375 0.7080078125 0.7395833328125 0.7001953125 0.7395833328125 0.697265625 0.7565104171875
0 0.689453125 0.67578125 0.6953125 0.6888020828125 0.705078125 0.69140625 0.708984375 0.6783854171875 0.6962890625 0.6666666671875 0.6904296875 0.6666666671875 0.689453125 0.67578125
0 0.533203125 0.7044270828125 0.533203125 0.7122395828125 0.5439453125 0.7213541671875 0.548828125 0.7200520828125 0.5546875 0.70703125 0.5498046875 0.7005208328125 0.5380859375 0.6953125 0.533203125 0.7044270828125