0 0.2431640625 0.3098958328125 0.2373046875 0.3098958328125 0.232421875 0.3216145828125 0.2421875 0.3424479171875 0.2470703125 0.3489583328125 0.25 0.34765625 0.255859375 0.3450520828125 0.255859375 0.3346354171875 0.248046875 0.31640625 0.2431640625 0.3098958328125
0 0.28125 0.24869791718749998 0.2822265625 0.2630208328125 0.3056640625 0.2734375 0.31640625 0.2721354171875 0.318359375 0.26171875 0.3154296875 0.2552083328125 0.2900390625 0.24479166718749998 0.28125 0.24869791718749998
0 0.390625 0.2747395828125 0.392578125 0.28515625 0.40234375 0.2877604171875 0.408203125 0.2825520828125 0.404296875 0.2669270828125 0.3935546875 0.2682291671875 0.390625 0.2747395828125
0 0.4296875 0.1888020828125 0.4296875 0.1940104171875 0.4365234375 0.203125 0.44140625 0.20182291718749998 0.447265625 0.19140625 0.4404296875 0.1796875 0.4365234375 0.1796875 0.4296875 0.1888020828125
0 0.3603515625 0.3854166671875 0.353515625 0.39453125 0.353515625 0.3997395828125 0.3583984375 0.40625 0.36328125 0.4049479171875 0.369140625 0.3997395828125 0.369140625 0.39453125 0.3642578125 0.3854166671875 0.3603515625 0.3854166671875
0 0.2177734375 0.4505208328125 0.216796875 0.45703125 0.228515625 0.4856770828125 0.236328125 0.4908854171875 0.240234375 0.48828125 0.240234375 0.4674479171875 0.2275390625 0.4427083328125 0.2177734375 0.4505208328125
0 0.294921875 0.4049479171875 0.29296875 0.41796875 0.2978515625 0.4244791671875 0.302734375 0.4231770828125 0.306640625 0.41796875 0.306640625 0.4075520828125 0.2998046875 0.4010416671875 0.294921875 0.4049479171875
0 0.2421875 0.4075520828125 0.2490234375 0.4166666671875 0.2578125 0.4153645828125 0.26171875 0.4049479171875 0.2568359375 0.3984375 0.2421875 0.40234375 0.2421875 0.4075520828125
0 0.3515625 0.3111979171875 0.34765625 0.32421875 0.3505859375 0.3333333328125 0.36328125 0.3346354171875 0.3671875 0.3190104171875 0.3662109375 0.296875 0.3623046875 0.296875 0.3515625 0.3111979171875
0 0.2021484375 0.625 0.197265625 0.63671875 0.2021484375 0.6458333328125 0.208984375 0.64453125 0.21484375 0.6393229171875 0.216796875 0.62890625 0.2138671875 0.625 0.2021484375 0.625
0 0.2646484375 0.5182291671875 0.2607421875 0.5182291671875 0.255859375 0.5377604171875 0.259765625 0.55078125 0.265625 0.5559895828125 0.2763671875 0.5520833328125 0.27734375 0.5455729171875 0.271484375 0.52734375 0.2646484375 0.5182291671875
0 0.21484375 0.7252604171875 0.2197265625 0.7317708328125 0.22265625 0.73046875 0.232421875 0.72265625 0.2275390625 0.7057291671875 0.216796875 0.70703125 0.21484375 0.7252604171875
0 0.279296875 0.6940104171875 0.28125 0.7018229171875 0.287109375 0.70703125 0.296875 0.7018229171875 0.2919921875 0.6875 0.2861328125 0.6875 0.279296875 0.6940104171875
0 0.3427734375 0.7682291671875 0.33984375 0.7747395828125 0.341796875 0.7877604171875 0.3515625 0.7877604171875 0.35546875 0.78515625 0.35546875 0.7747395828125 0.3505859375 0.7682291671875 0.3427734375 0.7682291671875
0 0.2763671875 0.7473958328125 0.275390625 0.76171875 0.2802734375 0.765625 0.287109375 0.7643229171875 0.291015625 0.76171875 0.29296875 0.7513020828125 0.2900390625 0.7473958328125 0.2763671875 0.7473958328125
0 0.380859375 0.6966145828125 0.3837890625 0.7005208328125 0.392578125 0.69921875 0.39453125 0.6888020828125 0.3857421875 0.6744791671875 0.380859375 0.68359375 0.380859375 0.6966145828125
0 0.4453125 0.67578125 0.453125 0.69921875 0.458984375 0.69921875 0.46484375 0.6940104171875 0.462890625 0.6809895828125 0.4482421875 0.671875 0.4453125 0.67578125
0 0.4130859375 0.7421875 0.3984375 0.7669270828125 0.4013671875 0.7734375 0.41015625 0.7721354171875 0.423828125 0.7565104171875 0.423828125 0.7486979171875 0.4189453125 0.7421875 0.4130859375 0.7421875
0 0.345703125 0.50390625 0.345703125 0.5091145828125 0.3525390625 0.5182291671875 0.3623046875 0.5260416671875 0.369140625 0.5247395828125 0.373046875 0.5143229171875 0.3681640625 0.5078125 0.3623046875 0.5026041671875 0.345703125 0.50390625
0 0.34375 0.6263020828125 0.3486328125 0.6380208328125 0.357421875 0.63671875 0.359375 0.62890625 0.3544921875 0.6223958328125 0.3466796875 0.6223958328125 0.34375 0.6263020828125
0 0.4130859375 0.5625 0.4140625 0.5768229171875 0.421875 0.5768229171875 0.427734375 0.5716145828125 0.427734375 0.56640625 0.4248046875 0.5625 0.4130859375 0.5625
0 0.388671875 0.4622395828125 0.388671875 0.4700520828125 0.3955078125 0.4765625 0.400390625 0.4752604171875 0.404296875 0.46484375 0.40234375 0.45703125 0.3935546875 0.453125 0.388671875 0.4622395828125
0 0.4873046875 0.23177083281250002 0.484375 0.23828125 0.486328125 0.2591145828125 0.49609375 0.2591145828125 0.5 0.2565104171875 0.498046875 0.23828125 0.4951171875 0.23177083281250002 0.4873046875 0.23177083281250002
0 0.482421875 0.33984375 0.474609375 0.36328125 0.4794921875 0.3723958328125 0.48828125 0.37109375 0.494140625 0.35546875 0.494140625 0.33984375 0.4912109375 0.3359375 0.482421875 0.33984375
0 0.486328125 0.5247395828125 0.478515625 0.5455729171875 0.4873046875 0.5546875 0.4921875 0.5533854171875 0.498046875 0.5403645828125 0.498046875 0.5221354171875 0.4951171875 0.5182291671875 0.486328125 0.5247395828125
0 0.525390625 0.55078125 0.517578125 0.56640625 0.5244140625 0.578125 0.529296875 0.5768229171875 0.5390625 0.55859375 0.5390625 0.54296875 0.5361328125 0.5390625 0.525390625 0.55078125
0 0.552734375 0.48046875 0.548828125 0.49609375 0.560546875 0.5013020828125 0.564453125 0.4934895828125 0.564453125 0.4778645828125 0.5576171875 0.4739583328125 0.552734375 0.48046875
0 0.5166015625 0.4192708328125 0.517578125 0.4361979171875 0.5283203125 0.4505208328125 0.53515625 0.4518229171875 0.5390625 0.4466145828125 0.5390625 0.4388020828125 0.5224609375 0.4192708328125 0.5166015625 0.4192708328125
0 0.6240234375 0.40625 0.62109375 0.41015625 0.62109375 0.4231770828125 0.6259765625 0.4322916671875 0.62890625 0.4309895828125 0.634765625 0.4205729171875 0.63671875 0.41015625 0.6337890625 0.40625 0.6240234375 0.40625
0 0.55859375 0.3528645828125 0.556640625 0.3658854171875 0.5595703125 0.3697916671875 0.564453125 0.3684895828125 0.580078125 0.34765625 0.5751953125 0.3385416671875 0.5693359375 0.3385416671875 0.55859375 0.3528645828125
0 0.58984375 0.3893229171875 0.5927734375 0.3932291671875 0.59765625 0.3919270828125 0.615234375 0.3684895828125 0.6064453125 0.3567708328125 0.58984375 0.37890625 0.58984375 0.3893229171875
0 0.498046875 0.61328125 0.5048828125 0.6197916671875 0.509765625 0.6184895828125 0.513671875 0.6028645828125 0.4990234375 0.5963541671875 0.49609375 0.6028645828125 0.498046875 0.61328125
0 0.4755859375 0.6328125 0.490234375 0.6341145828125 0.4921875 0.6184895828125 0.4892578125 0.6145833328125 0.474609375 0.6158854171875 0.4755859375 0.6328125
0 0.533203125 0.7096354171875 0.5390625 0.69921875 0.5302734375 0.6875 0.525390625 0.7018229171875 0.533203125 0.7096354171875
0 0.57421875 0.70703125 0.583984375 0.7096354171875 0.5859375 0.6966145828125 0.5771484375 0.6927083328125 0.572265625 0.69921875 0.57421875 0.70703125
0 0.68359375 0.73046875 0.68359375 0.7434895828125 0.6865234375 0.7473958328125 0.6953125 0.74609375 0.69921875 0.7434895828125 0.69921875 0.7278645828125 0.6865234375 0.7265625 0.68359375 0.73046875
0 0.625 0.6080729171875 0.6357421875 0.6223958328125 0.642578125 0.6236979171875 0.64453125 0.6106770828125 0.6357421875 0.5963541671875 0.6279296875 0.5963541671875 0.625 0.6080729171875
0 0.66015625 0.5455729171875 0.6630859375 0.5494791671875 0.673828125 0.5481770828125 0.67578125 0.52734375 0.6689453125 0.5182291671875 0.662109375 0.5247395828125 0.66015625 0.5455729171875
0 0.6767578125 0.4270833328125 0.67578125 0.4388020828125 0.6796875 0.44921875 0.6884765625 0.4583333328125 0.693359375 0.45703125 0.6953125 0.4440104171875 0.689453125 0.42578125 0.6845703125 0.421875 0.6767578125 0.4270833328125
0 0.701171875 0.6705729171875 0.7041015625 0.6744791671875 0.712890625 0.6731770828125 0.708984375 0.65234375 0.7001953125 0.6510416671875 0.697265625 0.6627604171875 0.701171875 0.6705729171875