0 0.384765625 0.20703125 0.3955078125 0.21875 0.4052734375 0.22395833281250002 0.412109375 0.22265625 0.416015625 0.20703125 0.4111328125 0.203125 0.3955078125 0.20052083281250002 0.384765625 0.20703125
0 0.2626953125 0.3177083328125 0.2578125 0.32421875 0.255859375 0.3346354171875 0.2626953125 0.3411458328125 0.26953125 0.33984375 0.2734375 0.3346354171875 0.2734375 0.3268229171875 0.2685546875 0.3177083328125 0.2626953125 0.3177083328125
0 0.3037109375 0.23958333281250002 0.3046875 0.2565104171875 0.310546875 0.2591145828125 0.3291015625 0.2526041671875 0.33203125 0.24088541718749998 0.3271484375 0.234375 0.3037109375 0.23958333281250002
0 0.3056640625 0.3411458328125 0.302734375 0.3528645828125 0.3076171875 0.359375 0.3125 0.3580729171875 0.31640625 0.35546875 0.31640625 0.3450520828125 0.3134765625 0.3411458328125 0.3056640625 0.3411458328125
0 0.357421875 0.3372395828125 0.361328125 0.3502604171875 0.3681640625 0.3567708328125 0.37109375 0.35546875 0.373046875 0.3294270828125 0.3701171875 0.3255208328125 0.3583984375 0.328125 0.357421875 0.3372395828125
0 0.23828125 0.4518229171875 0.23828125 0.4596354171875 0.2431640625 0.4661458328125 0.25 0.46484375 0.25390625 0.4596354171875 0.2509765625 0.4505208328125 0.2431640625 0.4479166671875 0.23828125 0.4518229171875
0 0.376953125 0.4309895828125 0.376953125 0.44140625 0.3798828125 0.4453125 0.3984375 0.4440104171875 0.40234375 0.44140625 0.3994140625 0.4296875 0.3837890625 0.4270833328125 0.376953125 0.4309895828125
0 0.328125 0.48828125 0.3330078125 0.4973958328125 0.33984375 0.49609375 0.345703125 0.4674479171875 0.3330078125 0.4635416671875 0.328125 0.47265625 0.328125 0.48828125
0 0.3046875 0.58203125 0.3046875 0.5924479171875 0.3125 0.5924479171875 0.318359375 0.58203125 0.3154296875 0.5729166671875 0.3115234375 0.5729166671875 0.3046875 0.58203125
0 0.3037109375 0.6484375 0.30078125 0.6549479171875 0.298828125 0.6783854171875 0.3017578125 0.6822916671875 0.306640625 0.6809895828125 0.314453125 0.6653645828125 0.31640625 0.65234375 0.3134765625 0.6484375 0.3037109375 0.6484375
0 0.2685546875 0.7239583328125 0.263671875 0.7408854171875 0.2822265625 0.7552083328125 0.287109375 0.75390625 0.291015625 0.7486979171875 0.2890625 0.7408854171875 0.2724609375 0.7239583328125 0.2685546875 0.7239583328125
0 0.2275390625 0.5416666671875 0.220703125 0.55078125 0.2275390625 0.5572916671875 0.236328125 0.55859375 0.251953125 0.55078125 0.251953125 0.5403645828125 0.2470703125 0.5338541671875 0.2275390625 0.5416666671875
0 0.3876953125 0.6744791671875 0.392578125 0.6731770828125 0.392578125 0.66015625 0.3857421875 0.6588541671875 0.384765625 0.6705729171875 0.3876953125 0.6744791671875
0 0.37890625 0.7330729171875 0.392578125 0.7330729171875 0.392578125 0.7122395828125 0.3896484375 0.7083333328125 0.3779296875 0.7109375 0.37890625 0.7330729171875
0 0.4228515625 0.7447916671875 0.423828125 0.7721354171875 0.4306640625 0.78125 0.435546875 0.7799479171875 0.4375 0.7669270828125 0.43359375 0.7486979171875 0.4287109375 0.7421875 0.4228515625 0.7447916671875
0 0.619140625 0.2643229171875 0.6220703125 0.2682291671875 0.62890625 0.2669270828125 0.6328125 0.26171875 0.630859375 0.25390625 0.6201171875 0.2526041671875 0.619140625 0.2643229171875
0 0.5595703125 0.328125 0.556640625 0.33203125 0.55859375 0.3450520828125 0.5634765625 0.3541666671875 0.56640625 0.3528645828125 0.5703125 0.3502604171875 0.572265625 0.33203125 0.5693359375 0.328125 0.5595703125 0.328125
0 0.5107421875 0.2630208328125 0.517578125 0.26171875 0.53515625 0.2513020828125 0.5302734375 0.234375 0.5078125 0.2513020828125 0.5107421875 0.2630208328125
0 0.5771484375 0.5520833328125 0.587890625 0.55078125 0.5849609375 0.5338541671875 0.5791015625 0.5338541671875 0.57421875 0.5403645828125 0.5771484375 0.5520833328125
0 0.5654296875 0.4765625 0.564453125 0.4908854171875 0.5673828125 0.4947916671875 0.57421875 0.4934895828125 0.5810546875 0.4895833328125 0.583984375 0.48046875 0.5810546875 0.4765625 0.5654296875 0.4765625
0 0.5390625 0.4361979171875 0.5546875 0.44921875 0.5625 0.4361979171875 0.5498046875 0.421875 0.5380859375 0.4192708328125 0.5390625 0.4361979171875
0 0.509765625 0.5559895828125 0.509765625 0.57421875 0.5126953125 0.5807291671875 0.517578125 0.5794270828125 0.5234375 0.56640625 0.5234375 0.5559895828125 0.5205078125 0.5520833328125 0.509765625 0.5559895828125
0 0.52734375 0.6809895828125 0.5390625 0.6861979171875 0.541015625 0.67578125 0.5361328125 0.6692708328125 0.5302734375 0.6692708328125 0.52734375 0.6809895828125
0 0.5 0.7408854171875 0.509765625 0.7513020828125 0.517578125 0.73828125 0.5107421875 0.7291666671875 0.5068359375 0.7291666671875 0.5 0.7408854171875
0 0.5791015625 0.7369791671875 0.576171875 0.7408854171875 0.58203125 0.7669270828125 0.5849609375 0.7734375 0.591796875 0.7721354171875 0.595703125 0.7669270828125 0.591796875 0.7408854171875 0.5888671875 0.734375 0.5791015625 0.7369791671875
0 0.75 0.22265625 0.751953125 0.22786458281250002 0.76171875 0.22786458281250002 0.765625 0.21484375 0.7626953125 0.2109375 0.7548828125 0.2109375 0.75 0.22265625
0 0.673828125 0.1861979171875 0.673828125 0.20182291718749998 0.6796875 0.20442708281250002 0.6953125 0.1783854171875 0.6884765625 0.1692708328125 0.6826171875 0.1692708328125 0.673828125 0.1861979171875
0 0.8037109375 0.2760416671875 0.796875 0.28515625 0.80078125 0.2981770828125 0.806640625 0.30078125 0.814453125 0.2955729171875 0.814453125 0.2877604171875 0.8076171875 0.2760416671875 0.8037109375 0.2760416671875
0 0.7802734375 0.3619791671875 0.791015625 0.3606770828125 0.794921875 0.3502604171875 0.7822265625 0.34375 0.77734375 0.3580729171875 0.7802734375 0.3619791671875
0 0.7490234375 0.4088541671875 0.74609375 0.4127604171875 0.751953125 0.4283854171875 0.7587890625 0.4375 0.76953125 0.44140625 0.775390625 0.4309895828125 0.775390625 0.4231770828125 0.7548828125 0.4088541671875 0.7490234375 0.4088541671875
0 0.6845703125 0.3697916671875 0.6640625 0.39453125 0.662109375 0.40234375 0.6689453125 0.4114583328125 0.671875 0.41015625 0.6953125 0.3841145828125 0.697265625 0.37890625 0.6923828125 0.3723958328125 0.6845703125 0.3697916671875
0 0.779296875 0.4830729171875 0.78125 0.49609375 0.7841796875 0.5 0.79296875 0.4986979171875 0.796875 0.48046875 0.7939453125 0.4765625 0.7822265625 0.4791666671875 0.779296875 0.4830729171875
0 0.7294921875 0.5442708328125 0.7265625 0.5481770828125 0.728515625 0.55859375 0.7353515625 0.5651041671875 0.73828125 0.5638020828125 0.744140625 0.5559895828125 0.744140625 0.55078125 0.7392578125 0.5442708328125 0.7294921875 0.5442708328125
0 0.6689453125 0.515625 0.662109375 0.5169270828125 0.6484375 0.5455729171875 0.6484375 0.5533854171875 0.6513671875 0.5572916671875 0.65625 0.5559895828125 0.671875 0.5377604171875 0.67578125 0.52734375 0.67578125 0.5221354171875 0.6689453125 0.515625
0 0.7880859375 0.5755208328125 0.78515625 0.5924479171875 0.794921875 0.59765625 0.798828125 0.5950520828125 0.80078125 0.58203125 0.7939453125 0.5755208328125 0.7880859375 0.5755208328125
0 0.703125 0.62890625 0.7080078125 0.6354166671875 0.71484375 0.6341145828125 0.716796875 0.62109375 0.7099609375 0.6145833328125 0.703125 0.6236979171875 0.703125 0.62890625
0 0.6796875 0.7200520828125 0.6796875 0.7278645828125 0.6845703125 0.734375 0.693359375 0.7330729171875 0.703125 0.7278645828125 0.6982421875 0.7109375 0.6884765625 0.7109375 0.6796875 0.7200520828125
0 0.748046875 0.6731770828125 0.7509765625 0.6770833328125 0.7578125 0.67578125 0.763671875 0.6731770828125 0.76171875 0.6575520828125 0.7470703125 0.6536458328125 0.748046875 0.6731770828125
0 0.638671875 0.69140625 0.6416015625 0.7005208328125 0.6484375 0.69921875 0.6640625 0.6783854171875 0.6552734375 0.6666666671875 0.642578125 0.6809895828125 0.638671875 0.69140625
0 0.75 0.80859375 0.751953125 0.81640625 0.7587890625 0.8229166671874999 0.763671875 0.8216145828125001 0.76953125 0.81640625 0.76953125 0.8059895828125001 0.7548828125 0.7994791671875 0.75 0.80859375