0 0.48828125 0.22265625 0.4892578125 0.23958333281250002 0.51171875 0.24088541718749998 0.515625 0.23567708281250002 0.5126953125 0.2265625 0.5009765625 0.22135416718749998 0.48828125 0.22265625
0 0.400390625 0.28515625 0.3984375 0.2955729171875 0.4013671875 0.2994791671875 0.4130859375 0.3098958328125 0.423828125 0.3111979171875 0.42578125 0.30859375 0.4189453125 0.2916666671875 0.4052734375 0.28125 0.400390625 0.28515625
0 0.291015625 0.3059895828125 0.291015625 0.3138020828125 0.2958984375 0.3203125 0.302734375 0.3190104171875 0.318359375 0.3059895828125 0.3154296875 0.2942708328125 0.3037109375 0.2942708328125 0.291015625 0.3059895828125
0 0.27734375 0.6393229171875 0.2861328125 0.65625 0.294921875 0.6549479171875 0.296875 0.6419270828125 0.2939453125 0.6380208328125 0.2802734375 0.6354166671875 0.27734375 0.6393229171875
0 0.28515625 0.5690104171875 0.287109375 0.5794270828125 0.2919921875 0.5859375 0.2998046875 0.5911458328125 0.310546875 0.58984375 0.3125 0.5768229171875 0.3095703125 0.5729166671875 0.2958984375 0.5677083328125 0.28515625 0.5690104171875
0 0.3046875 0.51171875 0.3046875 0.51953125 0.3125 0.5221354171875 0.32421875 0.51171875 0.3212890625 0.5052083328125 0.3115234375 0.5026041671875 0.3046875 0.51171875
0 0.2529296875 0.4401041671875 0.25 0.4440104171875 0.2607421875 0.4635416671875 0.271484375 0.4674479171875 0.27734375 0.4596354171875 0.2744140625 0.4505208328125 0.2626953125 0.4401041671875 0.2529296875 0.4401041671875
0 0.2177734375 0.6197916671875 0.232421875 0.6184895828125 0.236328125 0.6158854171875 0.2353515625 0.5989583328125 0.216796875 0.6002604171875 0.2177734375 0.6197916671875
0 0.2158203125 0.7421875 0.212890625 0.74609375 0.21484375 0.7643229171875 0.2197265625 0.7708333328125 0.2265625 0.76953125 0.23046875 0.7643229171875 0.228515625 0.7434895828125 0.2236328125 0.7395833328125 0.2158203125 0.7421875
0 0.3125 0.75390625 0.3154296875 0.7630208328125 0.326171875 0.7643229171875 0.3359375 0.7252604171875 0.3291015625 0.7161458328125 0.322265625 0.7174479171875 0.3125 0.75390625
0 0.4140625 0.6315104171875 0.4208984375 0.640625 0.42578125 0.6393229171875 0.431640625 0.62890625 0.4267578125 0.6223958328125 0.4189453125 0.6197916671875 0.4140625 0.6315104171875
0 0.3671875 0.5846354171875 0.3740234375 0.5911458328125 0.376953125 0.58984375 0.3828125 0.5794270828125 0.3779296875 0.5729166671875 0.3720703125 0.5729166671875 0.3671875 0.5846354171875
0 0.4423828125 0.5625 0.45703125 0.5611979171875 0.4560546875 0.5442708328125 0.4306640625 0.5442708328125 0.427734375 0.5481770828125 0.4423828125 0.5625
0 0.3623046875 0.4401041671875 0.361328125 0.4596354171875 0.3642578125 0.4661458328125 0.37109375 0.46484375 0.376953125 0.4596354171875 0.376953125 0.4518229171875 0.3662109375 0.4401041671875 0.3623046875 0.4401041671875
0 0.486328125 0.3971354171875 0.486328125 0.4075520828125 0.4892578125 0.4114583328125 0.5 0.41015625 0.5 0.3971354171875 0.4970703125 0.3932291671875 0.4892578125 0.3932291671875 0.486328125 0.3971354171875
0 0.5546875 0.3606770828125 0.5546875 0.37109375 0.56640625 0.3736979171875 0.568359375 0.3606770828125 0.56640625 0.3502604171875 0.5615234375 0.3463541671875 0.5546875 0.3606770828125
0 0.396484375 0.4153645828125 0.4033203125 0.4244791671875 0.41015625 0.4231770828125 0.4140625 0.4153645828125 0.4072265625 0.4036458328125 0.4033203125 0.4036458328125 0.396484375 0.4153645828125
0 0.4658203125 0.3489583328125 0.462890625 0.3528645828125 0.462890625 0.36328125 0.4658203125 0.3671875 0.482421875 0.3684895828125 0.4873046875 0.3671875 0.490234375 0.3580729171875 0.4814453125 0.3489583328125 0.4658203125 0.3489583328125
0 0.396484375 0.7044270828125 0.404296875 0.72265625 0.416015625 0.7278645828125 0.41796875 0.7174479171875 0.408203125 0.6966145828125 0.3994140625 0.6979166671875 0.396484375 0.7044270828125
0 0.34375 0.7877604171875 0.3486328125 0.7942708328125 0.35546875 0.79296875 0.359375 0.77734375 0.3505859375 0.7708333328125 0.345703125 0.77734375 0.34375 0.7877604171875
0 0.564453125 0.26953125 0.564453125 0.2903645828125 0.5703125 0.2903645828125 0.57421875 0.28515625 0.576171875 0.26953125 0.5673828125 0.265625 0.564453125 0.26953125
0 0.6376953125 0.23177083281250002 0.64453125 0.23046875 0.646484375 0.22265625 0.6376953125 0.21614583281250002 0.634765625 0.22786458281250002 0.6376953125 0.23177083281250002
0 0.62890625 0.2877604171875 0.62890625 0.2981770828125 0.6318359375 0.3020833328125 0.63671875 0.30078125 0.640625 0.29296875 0.6357421875 0.2838541671875 0.6318359375 0.2838541671875 0.62890625 0.2877604171875
0 0.7099609375 0.2708333328125 0.705078125 0.2877604171875 0.71875 0.2955729171875 0.7275390625 0.2942708328125 0.732421875 0.2877604171875 0.7216796875 0.2734375 0.7099609375 0.2708333328125
0 0.7421875 0.4205729171875 0.7421875 0.4283854171875 0.7451171875 0.4348958328125 0.75390625 0.4361979171875 0.7578125 0.4309895828125 0.7578125 0.4231770828125 0.7529296875 0.4114583328125 0.7421875 0.4205729171875
0 0.6552734375 0.3697916671875 0.66015625 0.3893229171875 0.6669921875 0.3984375 0.67578125 0.3997395828125 0.681640625 0.3919270828125 0.681640625 0.3841145828125 0.6650390625 0.3697916671875 0.6552734375 0.3697916671875
0 0.62890625 0.46484375 0.638671875 0.45703125 0.6318359375 0.4427083328125 0.62109375 0.4518229171875 0.62890625 0.46484375
0 0.66015625 0.5377604171875 0.6611328125 0.546875 0.671875 0.5455729171875 0.6875 0.51953125 0.6875 0.5143229171875 0.6767578125 0.5052083328125 0.66015625 0.5377604171875
0 0.7314453125 0.3411458328125 0.73046875 0.34765625 0.7373046875 0.359375 0.740234375 0.3580729171875 0.74609375 0.3528645828125 0.74609375 0.3450520828125 0.7392578125 0.3359375 0.7314453125 0.3411458328125
0 0.498046875 0.6028645828125 0.5009765625 0.6145833328125 0.51171875 0.61328125 0.517578125 0.5950520828125 0.517578125 0.5872395828125 0.5126953125 0.5833333328125 0.498046875 0.6028645828125
0 0.541015625 0.5559895828125 0.548828125 0.5559895828125 0.55078125 0.5455729171875 0.5419921875 0.5416666671875 0.5390625 0.5455729171875 0.541015625 0.5559895828125
0 0.513671875 0.4700520828125 0.51171875 0.4752604171875 0.5166015625 0.484375 0.5283203125 0.4921875 0.53515625 0.4908854171875 0.5390625 0.4830729171875 0.5361328125 0.4739583328125 0.5283203125 0.46875 0.513671875 0.4700520828125
0 0.4951171875 0.640625 0.4921875 0.64453125 0.4921875 0.6549479171875 0.4970703125 0.6614583328125 0.5 0.66015625 0.505859375 0.6549479171875 0.505859375 0.6497395828125 0.4990234375 0.640625 0.4951171875 0.640625
0 0.529296875 0.7330729171875 0.5341796875 0.7447916671875 0.541015625 0.7434895828125 0.552734375 0.7174479171875 0.5517578125 0.7109375 0.5400390625 0.7135416671875 0.529296875 0.7330729171875
0 0.6396484375 0.7447916671875 0.63671875 0.7565104171875 0.6435546875 0.765625 0.6484375 0.7643229171875 0.65234375 0.7591145828125 0.650390625 0.7486979171875 0.6474609375 0.7447916671875 0.6396484375 0.7447916671875
0 0.57421875 0.64453125 0.578125 0.64453125 0.599609375 0.6263020828125 0.5927734375 0.6145833328125 0.57421875 0.6341145828125 0.57421875 0.64453125
0 0.669921875 0.6809895828125 0.669921875 0.6861979171875 0.6787109375 0.7005208328125 0.681640625 0.69921875 0.6875 0.68359375 0.6826171875 0.6744791671875 0.6767578125 0.6744791671875 0.669921875 0.6809895828125
0 0.640625 0.6236979171875 0.638671875 0.6341145828125 0.6455078125 0.640625 0.65234375 0.6393229171875 0.65625 0.62890625 0.65625 0.6158854171875 0.6494140625 0.6119791671875 0.640625 0.6236979171875
0 0.748046875 0.58203125 0.7509765625 0.5911458328125 0.765625 0.58984375 0.765625 0.5768229171875 0.7626953125 0.5729166671875 0.7529296875 0.5729166671875 0.748046875 0.58203125
0 0.697265625 0.5924479171875 0.7001953125 0.5963541671875 0.70703125 0.5950520828125 0.716796875 0.58984375 0.7119140625 0.5755208328125 0.697265625 0.58203125 0.697265625 0.5924479171875
0 0.744140625 0.6731770828125 0.744140625 0.6809895828125 0.7509765625 0.6901041671875 0.75390625 0.6888020828125 0.759765625 0.6809895828125 0.759765625 0.66796875 0.7548828125 0.6640625 0.744140625 0.6731770828125