3 0.24869791718749998 0.15234375 0.22786458281250002 0.15234375 0.22395833281250002 0.1552734375 0.23046875 0.1640625 0.2747395828125 0.177734375 0.2890625 0.1787109375 0.2942708328125 0.1767578125 0.2942708328125 0.1728515625 0.26953125 0.158203125 0.24869791718749998 0.15234375
3 0.3841145828125 0.169921875 0.3580729171875 0.17578125 0.3463541671875 0.1826171875 0.36328125 0.19140625 0.3723958328125 0.1904296875 0.40234375 0.18359375 0.40625 0.1728515625 0.3971354171875 0.16796875 0.3841145828125 0.169921875
3 0.4348958328125 0.2099609375 0.4388020828125 0.216796875 0.45703125 0.22265625 0.4921875 0.2216796875 0.5052083328125 0.2158203125 0.5013020828125 0.208984375 0.4388020828125 0.20703125 0.4348958328125 0.2099609375
3 0.1341145828125 0.166015625 0.125 0.1748046875 0.1197916671875 0.2021484375 0.1223958328125 0.2138671875 0.12890625 0.21875 0.1354166671875 0.2177734375 0.1432291671875 0.2021484375 0.1432291671875 0.1689453125 0.1393229171875 0.166015625 0.1341145828125 0.166015625
3 0.19921875 0.275390625 0.1888020828125 0.275390625 0.1471354171875 0.2890625 0.140625 0.2939453125 0.14453125 0.30078125 0.1666666671875 0.3017578125 0.1966145828125 0.29296875 0.20572916718749998 0.2822265625 0.203125 0.2783203125 0.19921875 0.275390625
3 0.21223958281250002 0.4921875 0.1979166671875 0.5009765625 0.1822916671875 0.5283203125 0.1822916671875 0.5361328125 0.1888020828125 0.541015625 0.1927083328125 0.5400390625 0.20052083281250002 0.5380859375 0.21354166718749998 0.5146484375 0.21614583281250002 0.4951171875 0.21223958281250002 0.4921875
3 0.1575520828125 0.384765625 0.1484375 0.3896484375 0.1354166671875 0.4228515625 0.1354166671875 0.4365234375 0.1432291671875 0.4384765625 0.1510416671875 0.4326171875 0.1614583328125 0.4130859375 0.1640625 0.3916015625 0.1575520828125 0.384765625
3 0.21354166718749998 0.6435546875 0.20442708281250002 0.6328125 0.1979166671875 0.6376953125 0.1927083328125 0.6533203125 0.20052083281250002 0.6826171875 0.20963541718749998 0.689453125 0.21354166718749998 0.6884765625 0.21875 0.6845703125 0.21875 0.6689453125 0.21354166718749998 0.6572265625 0.21354166718749998 0.6435546875
3 0.3723958328125 0.5751953125 0.3776041671875 0.5771484375 0.4036458328125 0.5517578125 0.39453125 0.541015625 0.3697916671875 0.5634765625 0.3723958328125 0.5751953125
3 0.2786458328125 0.2666015625 0.2760416671875 0.2724609375 0.2825520828125 0.27734375 0.2890625 0.2763671875 0.328125 0.2548828125 0.3268229171875 0.24609375 0.3111979171875 0.24609375 0.2786458328125 0.2666015625
3 0.2604166671875 0.5615234375 0.2630208328125 0.5693359375 0.2955729171875 0.591796875 0.3177083328125 0.5927734375 0.3177083328125 0.5869140625 0.2799479171875 0.5625 0.2669270828125 0.556640625 0.2604166671875 0.5615234375
3 0.3528645828125 0.43359375 0.3489583328125 0.4423828125 0.3567708328125 0.4521484375 0.3841145828125 0.4765625 0.3932291671875 0.4775390625 0.3932291671875 0.4638671875 0.3828125 0.4521484375 0.36328125 0.435546875 0.3528645828125 0.43359375
3 0.2916666671875 0.3466796875 0.2942708328125 0.3779296875 0.3059895828125 0.388671875 0.3125 0.3876953125 0.3125 0.3486328125 0.3098958328125 0.3388671875 0.3033854171875 0.333984375 0.2916666671875 0.3466796875
3 0.51953125 0.65625 0.4830729171875 0.6640625 0.4713541671875 0.6767578125 0.4752604171875 0.6796875 0.4817708328125 0.6787109375 0.51953125 0.669921875 0.53125 0.6630859375 0.53125 0.6591796875 0.51953125 0.65625
3 0.48828125 0.7421875 0.484375 0.7451171875 0.484375 0.7587890625 0.4895833328125 0.7724609375 0.5 0.7880859375 0.5078125 0.7880859375 0.5104166671875 0.7724609375 0.5052083328125 0.7587890625 0.4973958328125 0.7470703125 0.48828125 0.7421875
3 0.4166666671875 0.6240234375 0.4010416671875 0.6513671875 0.4010416671875 0.6630859375 0.4049479171875 0.66796875 0.4114583328125 0.6669921875 0.4322916671875 0.6318359375 0.4322916671875 0.6240234375 0.4283854171875 0.62109375 0.4166666671875 0.6240234375
3 0.3359375 0.6337890625 0.3307291671875 0.6474609375 0.3307291671875 0.6630859375 0.3385416671875 0.6748046875 0.3463541671875 0.6767578125 0.3515625 0.6708984375 0.3541666671875 0.6455078125 0.3502604171875 0.62890625 0.3359375 0.6337890625
3 0.29296875 0.69921875 0.2838541671875 0.7060546875 0.2786458328125 0.7197265625 0.2786458328125 0.7412109375 0.2877604171875 0.74609375 0.2916666671875 0.7451171875 0.2994791671875 0.7412109375 0.3020833328125 0.7021484375 0.2981770828125 0.69921875 0.29296875 0.69921875
3 0.3515625 0.7490234375 0.3541666671875 0.7607421875 0.37109375 0.7734375 0.3841145828125 0.779296875 0.40625 0.7783203125 0.4036458328125 0.7685546875 0.38671875 0.76171875 0.36328125 0.74609375 0.3515625 0.7490234375
3 0.72265625 0.677734375 0.7135416671875 0.6845703125 0.73046875 0.693359375 0.7682291671875 0.6923828125 0.7747395828125 0.69140625 0.78125 0.6845703125 0.76953125 0.677734375 0.72265625 0.677734375
3 0.7408854171875 0.572265625 0.7369791671875 0.5771484375 0.7526041671875 0.5986328125 0.7721354171875 0.6171875 0.7786458328125 0.6162109375 0.7786458328125 0.6005859375 0.765625 0.5830078125 0.7513020828125 0.572265625 0.7408854171875 0.572265625
3 0.62890625 0.66796875 0.61328125 0.6640625 0.609375 0.6708984375 0.6171875 0.6865234375 0.6276041671875 0.7021484375 0.6341145828125 0.70703125 0.640625 0.7060546875 0.6458333328125 0.7021484375 0.6458333328125 0.6923828125 0.6380208328125 0.6767578125 0.62890625 0.66796875
3 0.6171875 0.6240234375 0.609375 0.6337890625 0.609375 0.6416015625 0.61328125 0.646484375 0.6197916671875 0.6455078125 0.6588541671875 0.6103515625 0.6575520828125 0.603515625 0.63671875 0.607421875 0.6171875 0.6240234375
3 0.6510416671875 0.7216796875 0.6536458328125 0.7646484375 0.65625 0.7744140625 0.66015625 0.77734375 0.6692708328125 0.7763671875 0.671875 0.7412109375 0.6640625 0.7236328125 0.6549479171875 0.71875 0.6510416671875 0.7216796875
3 0.7526041671875 0.7236328125 0.7526041671875 0.7353515625 0.7578125 0.7470703125 0.7708333328125 0.7666015625 0.7799479171875 0.7734375 0.7890625 0.7724609375 0.7890625 0.7548828125 0.7708333328125 0.7275390625 0.7565104171875 0.720703125 0.7526041671875 0.7236328125
3 0.4583333328125 0.4345703125 0.4505208328125 0.4482421875 0.4479166671875 0.4697265625 0.4518229171875 0.474609375 0.4557291671875 0.4736328125 0.4765625 0.4423828125 0.4778645828125 0.42578125 0.4700520828125 0.42578125 0.4583333328125 0.4345703125
3 0.66796875 0.388671875 0.6497395828125 0.392578125 0.6276041671875 0.4150390625 0.6223958328125 0.4287109375 0.62890625 0.43359375 0.6328125 0.4326171875 0.6458333328125 0.4248046875 0.6614583328125 0.4072265625 0.6692708328125 0.3955078125 0.66796875 0.388671875
3 0.5325520828125 0.416015625 0.5286458328125 0.4189453125 0.5286458328125 0.4248046875 0.53515625 0.4296875 0.5794270828125 0.447265625 0.5885416671875 0.4462890625 0.5833333328125 0.4326171875 0.5690104171875 0.423828125 0.5481770828125 0.416015625 0.5325520828125 0.416015625
3 0.7434895828125 0.490234375 0.7135416671875 0.5166015625 0.7135416671875 0.5205078125 0.72265625 0.52734375 0.7291666671875 0.5263671875 0.7473958328125 0.5107421875 0.7552083328125 0.4990234375 0.7513020828125 0.490234375 0.7434895828125 0.490234375
3 0.7330729171875 0.421875 0.7252604171875 0.421875 0.71875 0.4267578125 0.7109375 0.4423828125 0.7083333328125 0.4697265625 0.7161458328125 0.4697265625 0.7291666671875 0.4619140625 0.7395833328125 0.4365234375 0.7395833328125 0.4267578125 0.7330729171875 0.421875
3 0.4856770828125 0.5546875 0.4817708328125 0.5595703125 0.4973958328125 0.5830078125 0.5169270828125 0.599609375 0.5208333328125 0.5986328125 0.5234375 0.5927734375 0.515625 0.5771484375 0.5052083328125 0.5654296875 0.4856770828125 0.5546875
3 0.6067708328125 0.5302734375 0.6067708328125 0.5361328125 0.61328125 0.5390625 0.65234375 0.546875 0.6640625 0.5458984375 0.6640625 0.5380859375 0.65234375 0.53125 0.6263020828125 0.525390625 0.6067708328125 0.5302734375
3 0.69921875 0.162109375 0.6927083328125 0.1669921875 0.69921875 0.17578125 0.7408854171875 0.185546875 0.7473958328125 0.1845703125 0.75 0.1787109375 0.7356770828125 0.16796875 0.7096354171875 0.162109375 0.69921875 0.162109375
3 0.5559895828125 0.15625 0.5520833328125 0.1591796875 0.5520833328125 0.1728515625 0.5703125 0.1982421875 0.5833333328125 0.2041015625 0.5885416671875 0.1962890625 0.578125 0.1748046875 0.5703125 0.1650390625 0.5559895828125 0.15625
3 0.50390625 0.27734375 0.4973958328125 0.2802734375 0.4947916671875 0.2861328125 0.5143229171875 0.294921875 0.54296875 0.298828125 0.5598958328125 0.2978515625 0.5651041671875 0.2939453125 0.5625 0.2880859375 0.5481770828125 0.28125 0.50390625 0.27734375
3 0.5690104171875 0.220703125 0.5651041671875 0.2236328125 0.5651041671875 0.2275390625 0.5794270828125 0.23828125 0.6106770828125 0.25390625 0.6197916671875 0.2529296875 0.6223958328125 0.2431640625 0.59765625 0.2265625 0.58203125 0.220703125 0.5690104171875 0.220703125
3 0.6158854171875 0.30078125 0.6119791671875 0.3056640625 0.6171875 0.3173828125 0.6302083328125 0.3369140625 0.6393229171875 0.34375 0.6432291671875 0.3427734375 0.6484375 0.3369140625 0.6458333328125 0.3251953125 0.6354166671875 0.3095703125 0.6158854171875 0.30078125
3 0.6705729171875 0.236328125 0.6653645828125 0.236328125 0.6588541671875 0.2470703125 0.6614583328125 0.2724609375 0.6666666671875 0.2861328125 0.671875 0.2861328125 0.6848958328125 0.2724609375 0.6848958328125 0.2626953125 0.6796875 0.2431640625 0.6705729171875 0.236328125
3 0.7174479171875 0.2109375 0.7109375 0.2158203125 0.7161458328125 0.2236328125 0.75390625 0.25390625 0.7630208328125 0.2529296875 0.765625 0.2490234375 0.7604166671875 0.2373046875 0.73046875 0.212890625 0.7174479171875 0.2109375
3 0.4322916671875 0.3193359375 0.4322916671875 0.3271484375 0.4375 0.3330078125 0.4596354171875 0.3515625 0.4739583328125 0.3525390625 0.4713541671875 0.3427734375 0.4505208328125 0.3212890625 0.4388020828125 0.314453125 0.4322916671875 0.3193359375