3 0.3776041671875 0.2841796875 0.3776041671875 0.2939453125 0.3893229171875 0.3046875 0.4153645828125 0.318359375 0.4296875 0.3173828125 0.4348958328125 0.3095703125 0.4283854171875 0.3046875 0.3893229171875 0.283203125 0.3776041671875 0.2841796875
3 0.3072916671875 0.2509765625 0.3138020828125 0.2578125 0.3372395828125 0.26171875 0.375 0.2607421875 0.3776041671875 0.2529296875 0.3606770828125 0.244140625 0.3190104171875 0.2421875 0.3072916671875 0.2509765625
3 0.5065104171875 0.22265625 0.5026041671875 0.2255859375 0.5052083328125 0.2392578125 0.5208333328125 0.2646484375 0.5299479171875 0.271484375 0.5338541671875 0.2705078125 0.5390625 0.2666015625 0.5364583328125 0.2529296875 0.5234375 0.2314453125 0.5065104171875 0.22265625
3 0.4934895828125 0.1328125 0.484375 0.1396484375 0.4791666671875 0.1572265625 0.4791666671875 0.1748046875 0.4856770828125 0.1796875 0.4921875 0.1787109375 0.4973958328125 0.1728515625 0.5026041671875 0.1455078125 0.4986979171875 0.1328125 0.4934895828125 0.1328125
3 0.3841145828125 0.154296875 0.3763020828125 0.154296875 0.3372395828125 0.162109375 0.3307291671875 0.1669921875 0.3307291671875 0.1708984375 0.3424479171875 0.17578125 0.3619791671875 0.1748046875 0.3841145828125 0.169921875 0.390625 0.1650390625 0.390625 0.1591796875 0.3841145828125 0.154296875
3 0.14453125 0.18359375 0.1041666671875 0.2021484375 0.1080729171875 0.2109375 0.125 0.2099609375 0.1549479171875 0.19921875 0.1666666671875 0.1845703125 0.1627604171875 0.181640625 0.14453125 0.18359375
3 0.23046875 0.13671875 0.21484375 0.13671875 0.20833333281250002 0.1396484375 0.20833333281250002 0.1455078125 0.22265625 0.15234375 0.23567708281250002 0.154296875 0.25390625 0.162109375 0.2760416671875 0.1630859375 0.2786458328125 0.1611328125 0.2682291671875 0.1494140625 0.24609375 0.140625 0.23046875 0.13671875
3 0.5768229171875 0.130859375 0.5703125 0.1357421875 0.5442708328125 0.1669921875 0.5416666671875 0.1748046875 0.5455729171875 0.177734375 0.5546875 0.1767578125 0.5703125 0.1669921875 0.5859375 0.1474609375 0.5872395828125 0.130859375 0.5768229171875 0.130859375
3 0.1328125 0.4892578125 0.1380208328125 0.5126953125 0.1432291671875 0.5205078125 0.15234375 0.52734375 0.15625 0.5263671875 0.15625 0.4970703125 0.1484375 0.4794921875 0.1393229171875 0.4765625 0.1328125 0.4892578125
3 0.1393229171875 0.26171875 0.1067708328125 0.2919921875 0.1015625 0.3056640625 0.1145833328125 0.3056640625 0.1276041671875 0.2978515625 0.1510416671875 0.2724609375 0.1471354171875 0.26171875 0.1393229171875 0.26171875
3 0.1653645828125 0.375 0.15234375 0.375 0.1106770828125 0.38671875 0.1015625 0.3935546875 0.10546875 0.400390625 0.1276041671875 0.3994140625 0.1575520828125 0.390625 0.1692708328125 0.3818359375 0.1692708328125 0.3779296875 0.1653645828125 0.375
3 0.3463541671875 0.6806640625 0.35546875 0.69140625 0.3619791671875 0.6904296875 0.3645833328125 0.6494140625 0.35546875 0.64453125 0.3463541671875 0.6513671875 0.3463541671875 0.6806640625
3 0.1744791671875 0.6494140625 0.17578125 0.65625 0.20052083281250002 0.6552734375 0.22005208281250002 0.65234375 0.2265625 0.6376953125 0.1888020828125 0.638671875 0.1744791671875 0.6494140625
3 0.20703125 0.736328125 0.1966145828125 0.73828125 0.1901041671875 0.7431640625 0.1770833328125 0.7646484375 0.1770833328125 0.7822265625 0.1848958328125 0.7841796875 0.1927083328125 0.7783203125 0.20833333281250002 0.7509765625 0.2109375 0.7392578125 0.20703125 0.736328125
3 0.3151041671875 0.7314453125 0.3151041671875 0.7373046875 0.3216145828125 0.7421875 0.35546875 0.751953125 0.3671875 0.7509765625 0.3802083328125 0.7470703125 0.37890625 0.740234375 0.3268229171875 0.7265625 0.3151041671875 0.7314453125
3 0.4609375 0.6767578125 0.4635416671875 0.6923828125 0.4700520828125 0.697265625 0.4765625 0.6962890625 0.484375 0.6630859375 0.48046875 0.650390625 0.4661458328125 0.6572265625 0.4609375 0.6767578125
3 0.5768229171875 0.65234375 0.578125 0.6904296875 0.5846354171875 0.697265625 0.5911458328125 0.6962890625 0.5989583328125 0.6884765625 0.5963541671875 0.6630859375 0.5846354171875 0.65234375 0.5768229171875 0.65234375
3 0.4674479171875 0.73046875 0.4635416671875 0.7333984375 0.4635416671875 0.7412109375 0.4713541671875 0.7626953125 0.48046875 0.775390625 0.4895833328125 0.7744140625 0.4921875 0.7626953125 0.4817708328125 0.7373046875 0.47265625 0.73046875 0.4674479171875 0.73046875
3 0.74609375 0.669921875 0.7356770828125 0.669921875 0.69921875 0.6796875 0.6875 0.6884765625 0.6966145828125 0.693359375 0.7135416671875 0.6923828125 0.7434895828125 0.68359375 0.75 0.6787109375 0.75 0.6728515625 0.74609375 0.669921875
3 0.6106770828125 0.71875 0.5859375 0.7412109375 0.578125 0.7529296875 0.578125 0.7626953125 0.5859375 0.7646484375 0.6171875 0.7373046875 0.6276041671875 0.7216796875 0.6236979171875 0.71484375 0.6106770828125 0.71875
3 0.7096354171875 0.73046875 0.6770833328125 0.7548828125 0.6770833328125 0.7666015625 0.6927083328125 0.7666015625 0.71875 0.7490234375 0.7317708328125 0.7353515625 0.7278645828125 0.7265625 0.7096354171875 0.73046875
3 0.3528645828125 0.55078125 0.34375 0.5556640625 0.34375 0.5595703125 0.3580729171875 0.568359375 0.39453125 0.578125 0.4088541671875 0.5771484375 0.4088541671875 0.5712890625 0.3997395828125 0.564453125 0.3736979171875 0.5546875 0.3528645828125 0.55078125
3 0.5611979171875 0.55078125 0.5325520828125 0.560546875 0.5234375 0.5673828125 0.5247395828125 0.576171875 0.5416666671875 0.5751953125 0.5768229171875 0.5625 0.5807291671875 0.5595703125 0.578125 0.5537109375 0.5611979171875 0.55078125
3 0.6953125 0.5927734375 0.6979166671875 0.6201171875 0.7083333328125 0.6337890625 0.7161458328125 0.6357421875 0.7161458328125 0.5908203125 0.7096354171875 0.583984375 0.7018229171875 0.583984375 0.6953125 0.5927734375
3 0.6184895828125 0.59375 0.5963541671875 0.6123046875 0.5911458328125 0.6201171875 0.5911458328125 0.6298828125 0.5950520828125 0.6328125 0.6015625 0.6318359375 0.6354166671875 0.6025390625 0.640625 0.5966796875 0.6393229171875 0.58984375 0.6184895828125 0.59375
3 0.7513020828125 0.265625 0.7083333328125 0.2783203125 0.7096354171875 0.287109375 0.7317708328125 0.2861328125 0.75390625 0.28125 0.765625 0.2685546875 0.76171875 0.265625 0.7513020828125 0.265625
3 0.69140625 0.203125 0.6809895828125 0.203125 0.6276041671875 0.2177734375 0.62890625 0.224609375 0.6484375 0.2255859375 0.6809895828125 0.21875 0.6927083328125 0.2119140625 0.6953125 0.2060546875 0.69140625 0.203125
3 0.3841145828125 0.4683141046875 0.3802083328125 0.4712437921875 0.39453125 0.4800328546875 0.399539296875 0.48358877187499993 0.40625 0.4849156671875 0.4127604171875 0.4897984796875 0.4283854171875 0.4956578546875 0.43850429531249996 0.497869503125 0.4401041671875 0.4907750421875 0.4283854171875 0.4800328546875 0.3997395828125 0.4683141046875 0.3841145828125 0.4683141046875
3 0.28515625 0.455078125 0.2643229171875 0.46484375 0.2578125 0.4697265625 0.2526041671875 0.4814453125 0.2565104171875 0.484375 0.265625 0.4833984375 0.30078125 0.46875 0.3098958328125 0.4599609375 0.3033854171875 0.455078125 0.28515625 0.455078125
3 0.40625 0.3876953125 0.40625 0.3935546875 0.4309895828125 0.412109375 0.4505208328125 0.4169921875 0.453125 0.4111328125 0.4466145828125 0.404296875 0.4153645828125 0.384765625 0.40625 0.3876953125
3 0.3346354171875 0.384765625 0.3255208328125 0.3857421875 0.3072916671875 0.4189453125 0.3072916671875 0.4287109375 0.3111979171875 0.431640625 0.3177083328125 0.4306640625 0.3307291671875 0.4208984375 0.3385416671875 0.4072265625 0.3411458328125 0.3916015625 0.3346354171875 0.384765625
3 0.5403645828125 0.408203125 0.5143229171875 0.4140625 0.5 0.4208984375 0.50390625 0.427734375 0.5260416671875 0.4267578125 0.54296875 0.423828125 0.5598958328125 0.4111328125 0.5559895828125 0.408203125 0.5403645828125 0.408203125
3 0.5846354171875 0.31640625 0.5481770828125 0.328125 0.5390625 0.3388671875 0.5390625 0.3447265625 0.5520833328125 0.3447265625 0.58984375 0.33203125 0.5989583328125 0.3251953125 0.5989583328125 0.3212890625 0.5846354171875 0.31640625
3 0.64453125 0.306640625 0.640625 0.3115234375 0.6458333328125 0.3232421875 0.6731770828125 0.349609375 0.6875 0.3505859375 0.6901041671875 0.3447265625 0.6770833328125 0.3291015625 0.65234375 0.306640625 0.64453125 0.306640625
3 0.29296875 0.5078125 0.2760416671875 0.5166015625 0.2526041671875 0.5439453125 0.2565104171875 0.55078125 0.265625 0.5517578125 0.2734375 0.5478515625 0.2942708328125 0.5244140625 0.296875 0.5107421875 0.29296875 0.5078125
3 0.7044270828125 0.484375 0.6979166671875 0.4892578125 0.7005208328125 0.4970703125 0.7161458328125 0.5224609375 0.7265625 0.5224609375 0.734375 0.5185546875 0.7291666671875 0.5048828125 0.71875 0.4912109375 0.7044270828125 0.484375
3 0.62890625 0.466796875 0.6145833328125 0.4755859375 0.5989583328125 0.5029296875 0.5989583328125 0.5107421875 0.6028645828125 0.513671875 0.6145833328125 0.5126953125 0.6354166671875 0.4794921875 0.6380208328125 0.4697265625 0.6341145828125 0.466796875 0.62890625 0.466796875
3 0.72265625 0.42578125 0.70703125 0.427734375 0.67578125 0.44140625 0.6666666671875 0.4482421875 0.6666666671875 0.4560546875 0.6705729171875 0.458984375 0.6770833328125 0.4580078125 0.71484375 0.443359375 0.7239583328125 0.4365234375 0.7265625 0.4287109375 0.72265625 0.42578125
3 0.2825520828125 0.30078125 0.2604166671875 0.3232421875 0.2578125 0.3427734375 0.265625 0.3447265625 0.2708333328125 0.3427734375 0.296875 0.3115234375 0.2981770828125 0.298828125 0.2825520828125 0.30078125
3 0.4596354171875 0.478515625 0.4583333328125 0.4873046875 0.4635416671875 0.4951171875 0.4817708328125 0.5185546875 0.4921875 0.5244140625 0.4947916671875 0.5087890625 0.4869791671875 0.4951171875 0.4674479171875 0.478515625 0.4596354171875 0.478515625