3 0.3333333328125 0.1201171875 0.3359375 0.1318359375 0.3580729171875 0.1484375 0.37109375 0.154296875 0.3802083328125 0.1533203125 0.3802083328125 0.1455078125 0.3606770828125 0.12890625 0.3424479171875 0.119140625 0.3333333328125 0.1201171875
3 0.37890625 0.212890625 0.33984375 0.21484375 0.3255208328125 0.2197265625 0.3255208328125 0.2236328125 0.33984375 0.23046875 0.3619791671875 0.2294921875 0.3736979171875 0.228515625 0.3828125 0.2236328125 0.3854166671875 0.2197265625 0.37890625 0.212890625
3 0.1666666671875 0.3544921875 0.1692708328125 0.3642578125 0.19140625 0.37890625 0.21223958281250002 0.388671875 0.2265625 0.3876953125 0.22395833281250002 0.3798828125 0.21223958281250002 0.37109375 0.1783854171875 0.353515625 0.1666666671875 0.3544921875
3 0.2903645828125 0.271484375 0.24609375 0.2734375 0.22786458281250002 0.27734375 0.22395833281250002 0.2822265625 0.23567708281250002 0.2890625 0.265625 0.2880859375 0.28515625 0.28515625 0.2942708328125 0.2783203125 0.2942708328125 0.2744140625 0.2903645828125 0.271484375
3 0.24348958281250002 0.1328125 0.23177083281250002 0.1396484375 0.20833333281250002 0.1708984375 0.20833333281250002 0.1806640625 0.22135416718749998 0.1806640625 0.234375 0.1689453125 0.24739583281250002 0.1494140625 0.25 0.1396484375 0.24348958281250002 0.1328125
3 0.19140625 0.232421875 0.1627604171875 0.24609375 0.1484375 0.2607421875 0.1497395828125 0.267578125 0.1614583328125 0.2666015625 0.19921875 0.248046875 0.2109375 0.2392578125 0.2109375 0.2353515625 0.19140625 0.232421875
3 0.7135416671875 0.2587890625 0.7135416671875 0.2646484375 0.72265625 0.26953125 0.7604166671875 0.2802734375 0.7682291671875 0.2724609375 0.7643229171875 0.265625 0.7278645828125 0.25390625 0.7135416671875 0.2587890625
3 0.4778645828125 0.212890625 0.47265625 0.212890625 0.4635416671875 0.2236328125 0.4609375 0.2646484375 0.46875 0.2666015625 0.4791666671875 0.2548828125 0.4817708328125 0.2451171875 0.4817708328125 0.2177734375 0.4778645828125 0.212890625
3 0.7083333328125 0.1337890625 0.71484375 0.146484375 0.75390625 0.158203125 0.7604166671875 0.1572265625 0.7682291671875 0.1533203125 0.7643229171875 0.14453125 0.7200520828125 0.130859375 0.7083333328125 0.1337890625
3 0.5208333328125 0.1904296875 0.5377604171875 0.208984375 0.5690104171875 0.22265625 0.578125 0.2216796875 0.5833333328125 0.2177734375 0.5716145828125 0.205078125 0.5325520828125 0.1875 0.5208333328125 0.1904296875
3 0.57421875 0.130859375 0.5703125 0.1396484375 0.6106770828125 0.169921875 0.6197916671875 0.1689453125 0.6223958328125 0.1591796875 0.6171875 0.1513671875 0.58984375 0.1328125 0.57421875 0.130859375
3 0.6666666671875 0.1962890625 0.6666666671875 0.2021484375 0.6809895828125 0.212890625 0.7096354171875 0.224609375 0.7239583328125 0.2255859375 0.7317708328125 0.2197265625 0.7122395828125 0.20703125 0.6783854171875 0.193359375 0.6666666671875 0.1962890625
3 0.12890625 0.666015625 0.1171875 0.6708984375 0.1184895828125 0.67578125 0.1393229171875 0.68359375 0.16796875 0.689453125 0.1796875 0.6884765625 0.1848958328125 0.6826171875 0.17578125 0.673828125 0.1419270828125 0.666015625 0.12890625 0.666015625
3 0.1809895828125 0.564453125 0.15625 0.5849609375 0.15625 0.5966796875 0.1640625 0.5966796875 0.1979166671875 0.5712890625 0.203125 0.5654296875 0.19921875 0.560546875 0.1809895828125 0.564453125
3 0.1796875 0.5048828125 0.1888020828125 0.515625 0.1979166671875 0.5146484375 0.21614583281250002 0.4775390625 0.21223958281250002 0.470703125 0.1927083328125 0.4775390625 0.1796875 0.5048828125
3 0.35546875 0.728515625 0.34375 0.7275390625 0.3463541671875 0.7373046875 0.3684895828125 0.755859375 0.3893229171875 0.765625 0.3958333328125 0.7646484375 0.3984375 0.7607421875 0.3932291671875 0.7529296875 0.37109375 0.736328125 0.35546875 0.728515625
3 0.2643229171875 0.68359375 0.24479166718749998 0.7041015625 0.23958333281250002 0.7236328125 0.25 0.7236328125 0.2552083328125 0.7216796875 0.2786458328125 0.6943359375 0.2799479171875 0.681640625 0.2643229171875 0.68359375
3 0.1328125 0.7529296875 0.1328125 0.7587890625 0.1419270828125 0.763671875 0.1783854171875 0.775390625 0.1901041671875 0.7744140625 0.1927083328125 0.7666015625 0.18359375 0.759765625 0.15234375 0.75 0.1328125 0.7529296875
3 0.5690104171875 0.73828125 0.5651041671875 0.7412109375 0.5651041671875 0.7744140625 0.5677083328125 0.7822265625 0.57421875 0.787109375 0.578125 0.7861328125 0.5859375 0.7802734375 0.5885416671875 0.7724609375 0.5859375 0.7490234375 0.5690104171875 0.73828125
3 0.7044270828125 0.748046875 0.69921875 0.748046875 0.6848958328125 0.7568359375 0.6692708328125 0.7802734375 0.6692708328125 0.7919921875 0.6822916671875 0.7939453125 0.6901041671875 0.7880859375 0.7057291671875 0.7626953125 0.7083333328125 0.7548828125 0.7044270828125 0.748046875
3 0.5169270828125 0.74609375 0.5 0.7568359375 0.484375 0.7822265625 0.484375 0.7939453125 0.4908854171875 0.798828125 0.4947916671875 0.7978515625 0.5052083328125 0.7900390625 0.5208333328125 0.7626953125 0.5208333328125 0.7490234375 0.5169270828125 0.74609375
3 0.3854166671875 0.6201171875 0.3854166671875 0.6318359375 0.3893229171875 0.634765625 0.3984375 0.6337890625 0.4244791671875 0.6064453125 0.42578125 0.595703125 0.4127604171875 0.595703125 0.3854166671875 0.6201171875
3 0.4856770828125 0.650390625 0.46875 0.6591796875 0.4635416671875 0.6728515625 0.4635416671875 0.6904296875 0.4700520828125 0.697265625 0.4765625 0.6962890625 0.4817708328125 0.6904296875 0.4895833328125 0.6630859375 0.4895833328125 0.6533203125 0.4856770828125 0.650390625
3 0.5338541671875 0.6474609375 0.5286458328125 0.6533203125 0.5286458328125 0.6630859375 0.5325520828125 0.666015625 0.5390625 0.6650390625 0.5807291671875 0.6318359375 0.5794270828125 0.625 0.5611979171875 0.626953125 0.5338541671875 0.6474609375
3 0.5559895828125 0.4765625 0.53515625 0.4765625 0.53125 0.4794921875 0.5338541671875 0.4853515625 0.54296875 0.490234375 0.5638020828125 0.494140625 0.5755208328125 0.4931640625 0.58984375 0.490234375 0.5911458328125 0.4853515625 0.58203125 0.48046875 0.5559895828125 0.4765625
3 0.5533854171875 0.5546875 0.5377604171875 0.560546875 0.5260416671875 0.5712890625 0.5299479171875 0.576171875 0.546875 0.5751953125 0.5768229171875 0.564453125 0.5833333328125 0.5595703125 0.5807291671875 0.5537109375 0.5533854171875 0.5546875
3 0.46484375 0.5078125 0.4557291671875 0.5146484375 0.4505208328125 0.5439453125 0.4505208328125 0.5576171875 0.4544270828125 0.560546875 0.4609375 0.5595703125 0.46875 0.5517578125 0.4739583328125 0.5361328125 0.4739583328125 0.5166015625 0.46484375 0.5078125
3 0.36328125 0.48828125 0.3567708328125 0.4931640625 0.3489583328125 0.5322265625 0.35546875 0.537109375 0.359375 0.5361328125 0.375 0.5205078125 0.3776041671875 0.4970703125 0.37109375 0.48828125 0.36328125 0.48828125
3 0.703125 0.5244140625 0.7005208328125 0.5322265625 0.70703125 0.537109375 0.7161458328125 0.5361328125 0.7526041671875 0.5009765625 0.7486979171875 0.494140625 0.7330729171875 0.498046875 0.703125 0.5244140625
3 0.7005208328125 0.5908203125 0.7005208328125 0.6162109375 0.703125 0.6259765625 0.7109375 0.6337890625 0.71484375 0.63671875 0.7213541671875 0.6357421875 0.7239583328125 0.6240234375 0.71875 0.5888671875 0.7096354171875 0.583984375 0.7005208328125 0.5908203125
3 0.7044270828125 0.45703125 0.6627604171875 0.470703125 0.65625 0.4755859375 0.6627604171875 0.484375 0.6796875 0.4833984375 0.70703125 0.474609375 0.7213541671875 0.4599609375 0.7174479171875 0.45703125 0.7044270828125 0.45703125
3 0.6041666671875 0.3955078125 0.600264259375 0.3976833171875 0.6015625 0.3994140625 0.5970590140625001 0.410347540625 0.6048655828125 0.41369649218750004 0.6405527015625 0.381672121875 0.6366494296874999 0.373299740625 0.62075750625 0.376648690625 0.6041666671875 0.3955078125
3 0.516762975 0.374554015625 0.5162053734375001 0.38857775625 0.5267999796875 0.40511322187500004 0.5364583328125 0.4111328125 0.5489640046875001 0.4232190921875 0.5626254921875 0.42426564375 0.5553765515625 0.40626501406250004 0.5410190703125 0.39129878749999997 0.5276363984375 0.376437803125 0.516762975 0.374554015625
3 0.4114583328125 0.3388671875 0.4088541671875 0.3544921875 0.4127604171875 0.357421875 0.4192708328125 0.3564453125 0.4557291671875 0.3251953125 0.4518229171875 0.318359375 0.43359375 0.3203125 0.4114583328125 0.3388671875
3 0.6158854171875 0.322265625 0.58203125 0.328125 0.56640625 0.33203125 0.5598958328125 0.3388671875 0.56640625 0.34375 0.59375 0.3427734375 0.62109375 0.3359375 0.6302083328125 0.3251953125 0.6263020828125 0.322265625 0.6158854171875 0.322265625
3 0.24088541718749998 0.416015625 0.234375 0.4208984375 0.23697916718749998 0.4267578125 0.24609375 0.431640625 0.26953125 0.435546875 0.296875 0.4345703125 0.3046875 0.4287109375 0.29296875 0.421875 0.2591145828125 0.416015625 0.24088541718749998 0.416015625
3 0.30078125 0.349609375 0.2890625 0.3525390625 0.2890625 0.3583984375 0.2981770828125 0.3671875 0.33203125 0.37890625 0.34375 0.3779296875 0.3515625 0.3740234375 0.3502604171875 0.365234375 0.32421875 0.359375 0.30078125 0.349609375
3 0.5221354171875 0.310546875 0.5013020828125 0.3203125 0.4895833328125 0.3291015625 0.4895833328125 0.3388671875 0.4934895828125 0.341796875 0.5 0.3408203125 0.53515625 0.326171875 0.5494791671875 0.3134765625 0.5455729171875 0.310546875 0.5221354171875 0.310546875
3 0.69921875 0.345703125 0.6875 0.3564453125 0.6875 0.3603515625 0.69140625 0.36328125 0.7005208328125 0.3623046875 0.7565104171875 0.345703125 0.7604166671875 0.3369140625 0.7434895828125 0.333984375 0.69921875 0.345703125
3 0.34375 0.4189453125 0.34375 0.4267578125 0.35546875 0.43359375 0.3763020828125 0.439453125 0.3984375 0.4384765625 0.3984375 0.4306640625 0.3815104171875 0.423828125 0.3502604171875 0.416015625 0.34375 0.4189453125