3 0.24348958281250002 0.265625 0.21875 0.2841796875 0.21354166718749998 0.2998046875 0.21744791718749998 0.302734375 0.22395833281250002 0.3017578125 0.2578125 0.2763671875 0.2604166671875 0.2705078125 0.2565104171875 0.265625 0.24348958281250002 0.265625
3 0.09375 0.1748046875 0.0859375 0.1943359375 0.08854166718749999 0.2119140625 0.09505208281250001 0.216796875 0.1015625 0.2158203125 0.1119791671875 0.1845703125 0.1080729171875 0.169921875 0.1002604171875 0.169921875 0.09375 0.1748046875
3 0.21744791718749998 0.150390625 0.1796875 0.1708984375 0.18359375 0.1796875 0.20052083281250002 0.1787109375 0.23177083281250002 0.1630859375 0.234375 0.1513671875 0.23046875 0.1484375 0.21744791718749998 0.150390625
3 0.1809895828125 0.236328125 0.15234375 0.23046875 0.1393229171875 0.23046875 0.1276041671875 0.2353515625 0.1276041671875 0.2412109375 0.1341145828125 0.244140625 0.1927083328125 0.2548828125 0.1979166671875 0.2529296875 0.1979166671875 0.2470703125 0.19140625 0.240234375 0.1809895828125 0.236328125
3 0.4596354171875 0.3125 0.4518229171875 0.314453125 0.4427083328125 0.3232421875 0.421875 0.3544921875 0.42578125 0.361328125 0.4348958328125 0.3603515625 0.4453125 0.3544921875 0.4635416671875 0.3271484375 0.4635416671875 0.3154296875 0.4596354171875 0.3125
3 0.4088541671875 0.2763671875 0.40625 0.2841796875 0.41015625 0.287109375 0.421875 0.2861328125 0.4583333328125 0.2626953125 0.45703125 0.2578125 0.43359375 0.259765625 0.4088541671875 0.2763671875
3 0.5950520828125 0.30859375 0.5859375 0.3173828125 0.5885416671875 0.3251953125 0.6041666671875 0.3564453125 0.6145833328125 0.3564453125 0.6171875 0.3388671875 0.6119791671875 0.3251953125 0.6041666671875 0.3115234375 0.5950520828125 0.30859375
3 0.7278645828125 0.28125 0.69921875 0.29296875 0.6901041671875 0.2998046875 0.69921875 0.30859375 0.7057291671875 0.3076171875 0.7356770828125 0.294921875 0.7447916671875 0.2861328125 0.73828125 0.28125 0.7278645828125 0.28125
3 0.5455729171875 0.25390625 0.53125 0.2587890625 0.5455729171875 0.271484375 0.5807291671875 0.2705078125 0.5872395828125 0.26953125 0.5911458328125 0.2646484375 0.5872395828125 0.255859375 0.5455729171875 0.25390625
3 0.6458333328125 0.1884765625 0.6484375 0.2177734375 0.6627604171875 0.23046875 0.6692708328125 0.2294921875 0.671875 0.2216796875 0.6640625 0.1904296875 0.6549479171875 0.1796875 0.6458333328125 0.1884765625
3 0.3997395828125 0.142578125 0.3697916671875 0.1669921875 0.3671875 0.1787109375 0.375 0.1806640625 0.4114583328125 0.1552734375 0.4192708328125 0.1455078125 0.4153645828125 0.138671875 0.3997395828125 0.142578125
3 0.4921875 0.1748046875 0.4921875 0.1787109375 0.5013020828125 0.185546875 0.5247395828125 0.197265625 0.5455729171875 0.205078125 0.5520833328125 0.2041015625 0.5520833328125 0.1923828125 0.5299479171875 0.177734375 0.51171875 0.171875 0.4921875 0.1748046875
3 0.3919270828125 0.240234375 0.37109375 0.24609375 0.34765625 0.248046875 0.3411458328125 0.2529296875 0.3411458328125 0.2568359375 0.3528645828125 0.263671875 0.3697916671875 0.2626953125 0.3997395828125 0.255859375 0.4114583328125 0.2431640625 0.4075520828125 0.240234375 0.3919270828125 0.240234375
3 0.3216145828125 0.33203125 0.31640625 0.33203125 0.3125 0.3369140625 0.3151041671875 0.3466796875 0.3359375 0.3681640625 0.3502604171875 0.37890625 0.3541666671875 0.3779296875 0.3567708328125 0.3701171875 0.3489583328125 0.3564453125 0.3333333328125 0.3408203125 0.3216145828125 0.33203125
3 0.17578125 0.4296875 0.171875 0.4326171875 0.171875 0.4384765625 0.18359375 0.443359375 0.23046875 0.455078125 0.2421875 0.4541015625 0.24479166718749998 0.4501953125 0.23046875 0.439453125 0.1888020828125 0.4296875 0.17578125 0.4296875
3 0.22916666718749998 0.3935546875 0.23307291718749998 0.400390625 0.24348958281250002 0.40234375 0.2942708328125 0.4013671875 0.3020833328125 0.3955078125 0.2903645828125 0.38671875 0.24348958281250002 0.38671875 0.22916666718749998 0.3935546875
3 0.1276041671875 0.3408203125 0.1302083328125 0.3525390625 0.1575520828125 0.373046875 0.1653645828125 0.376953125 0.1796875 0.3759765625 0.1796875 0.3662109375 0.1419270828125 0.337890625 0.1315104171875 0.337890625 0.1276041671875 0.3408203125
3 0.1393229171875 0.5625 0.1276041671875 0.5693359375 0.1315104171875 0.57421875 0.14453125 0.578125 0.1953125 0.5771484375 0.20572916718749998 0.5712890625 0.1966145828125 0.564453125 0.1861979171875 0.5625 0.1393229171875 0.5625
3 0.16015625 0.728515625 0.15234375 0.728515625 0.1119791671875 0.7587890625 0.1067708328125 0.7666015625 0.1106770828125 0.76953125 0.1197916671875 0.7685546875 0.12890625 0.767578125 0.15625 0.7490234375 0.1640625 0.7373046875 0.16015625 0.728515625
3 0.12109375 0.63671875 0.109375 0.6416015625 0.13671875 0.662109375 0.1653645828125 0.673828125 0.1770833328125 0.6728515625 0.1796875 0.6708984375 0.1744791671875 0.6611328125 0.1497395828125 0.6484375 0.12109375 0.63671875
3 0.3372395828125 0.619140625 0.3268229171875 0.619140625 0.28515625 0.6328125 0.2786458328125 0.6376953125 0.2786458328125 0.6416015625 0.28515625 0.64453125 0.3046875 0.6435546875 0.33203125 0.634765625 0.3411458328125 0.6279296875 0.3411458328125 0.6220703125 0.3372395828125 0.619140625
3 0.30078125 0.556640625 0.2799479171875 0.556640625 0.2708333328125 0.5634765625 0.2708333328125 0.5673828125 0.2799479171875 0.572265625 0.3177083328125 0.5751953125 0.3346354171875 0.572265625 0.3385416671875 0.5654296875 0.32421875 0.55859375 0.30078125 0.556640625
3 0.2903645828125 0.724609375 0.2760416671875 0.7314453125 0.2760416671875 0.7353515625 0.2877604171875 0.740234375 0.34375 0.7412109375 0.3489583328125 0.7373046875 0.3463541671875 0.7314453125 0.3268229171875 0.724609375 0.2903645828125 0.724609375
3 0.70703125 0.759765625 0.6861979171875 0.759765625 0.6510416671875 0.7666015625 0.6510416671875 0.7705078125 0.6627604171875 0.77734375 0.6822916671875 0.7763671875 0.7044270828125 0.7734375 0.7135416671875 0.7685546875 0.7135416671875 0.7646484375 0.70703125 0.759765625
3 0.6158854171875 0.705078125 0.6119791671875 0.7080078125 0.6158854171875 0.716796875 0.6471354171875 0.732421875 0.6666666671875 0.7333984375 0.6614583328125 0.7216796875 0.6471354171875 0.712890625 0.6263020828125 0.705078125 0.6158854171875 0.705078125
3 0.5611979171875 0.6875 0.5299479171875 0.685546875 0.5143229171875 0.689453125 0.5078125 0.6943359375 0.5078125 0.6982421875 0.51953125 0.703125 0.5651041671875 0.7021484375 0.5716145828125 0.701171875 0.5755208328125 0.6962890625 0.5690104171875 0.689453125 0.5611979171875 0.6875
3 0.5065104171875 0.740234375 0.4752604171875 0.755859375 0.4609375 0.7705078125 0.4622395828125 0.775390625 0.4713541671875 0.7744140625 0.5169270828125 0.75390625 0.5260416671875 0.7412109375 0.51953125 0.73828125 0.5065104171875 0.740234375
3 0.4921875 0.3759765625 0.4921875 0.3837890625 0.4986979171875 0.388671875 0.52734375 0.39453125 0.546875 0.3935546875 0.5494791671875 0.3876953125 0.54296875 0.3828125 0.5091145828125 0.375 0.4921875 0.3759765625
3 0.5989583328125 0.4384765625 0.6067708328125 0.4658203125 0.6106770828125 0.46875 0.6197916671875 0.4677734375 0.6197916671875 0.4326171875 0.6106770828125 0.42578125 0.6002604171875 0.42578125 0.5989583328125 0.4384765625
3 0.65625 0.3720703125 0.6614583328125 0.3857421875 0.6809895828125 0.400390625 0.69921875 0.408203125 0.7083333328125 0.4072265625 0.7109375 0.4013671875 0.69921875 0.390625 0.6705729171875 0.373046875 0.65625 0.3720703125
3 0.3671875 0.4990234375 0.3671875 0.5029296875 0.3815104171875 0.509765625 0.41796875 0.515625 0.4348958328125 0.5146484375 0.4309895828125 0.505859375 0.40234375 0.49609375 0.3736979171875 0.49609375 0.3671875 0.4990234375
3 0.4205729171875 0.423828125 0.38671875 0.4140625 0.3723958328125 0.4150390625 0.3723958328125 0.4208984375 0.3893229171875 0.431640625 0.4049479171875 0.435546875 0.4348958328125 0.4365234375 0.4401041671875 0.4345703125 0.4401041671875 0.4306640625 0.4309895828125 0.423828125 0.4205729171875 0.423828125
3 0.51953125 0.484375 0.5091145828125 0.484375 0.47265625 0.501953125 0.4635416671875 0.5166015625 0.4739583328125 0.5185546875 0.50390625 0.5078125 0.5182291671875 0.4990234375 0.5260416671875 0.4892578125 0.51953125 0.484375
3 0.5807291671875 0.5341796875 0.59765625 0.548828125 0.6236979171875 0.55859375 0.6432291671875 0.5576171875 0.6315104171875 0.546875 0.6158854171875 0.5390625 0.58984375 0.53125 0.5807291671875 0.5341796875
3 0.6861979171875 0.44921875 0.6822916671875 0.4560546875 0.6875 0.4638671875 0.703125 0.4833984375 0.7122395828125 0.490234375 0.7161458328125 0.4892578125 0.71875 0.4736328125 0.7135416671875 0.4638671875 0.69921875 0.44921875 0.6861979171875 0.44921875
3 0.6796875 0.5107421875 0.6796875 0.5380859375 0.69140625 0.546875 0.6953125 0.5458984375 0.7005208328125 0.5361328125 0.7005208328125 0.5029296875 0.69140625 0.5 0.6796875 0.5107421875
3 0.4361979171875 0.576171875 0.4322916671875 0.5849609375 0.4348958328125 0.5966796875 0.4544270828125 0.615234375 0.4609375 0.6142578125 0.4661458328125 0.6044921875 0.4505208328125 0.5830078125 0.44140625 0.576171875 0.4361979171875 0.576171875
3 0.3971354171875 0.634765625 0.390625 0.6396484375 0.3971354171875 0.646484375 0.4075520828125 0.650390625 0.4505208328125 0.6533203125 0.4635416671875 0.6474609375 0.4609375 0.6416015625 0.4544270828125 0.638671875 0.3971354171875 0.634765625
3 0.6705729171875 0.615234375 0.6588541671875 0.6162109375 0.6588541671875 0.6240234375 0.6653645828125 0.62890625 0.7018229171875 0.64453125 0.7109375 0.6435546875 0.7161458328125 0.6416015625 0.7161458328125 0.6376953125 0.70703125 0.630859375 0.6705729171875 0.615234375
3 0.546875 0.6416015625 0.55078125 0.646484375 0.5794270828125 0.654296875 0.6145833328125 0.6572265625 0.6145833328125 0.6494140625 0.59765625 0.640625 0.5533854171875 0.63671875 0.546875 0.6416015625