3 0.5065104171875 0.373046875 0.49609375 0.373046875 0.4921875 0.3759765625 0.4921875 0.3818359375 0.50390625 0.388671875 0.5416666671875 0.3935546875 0.5494791671875 0.3896484375 0.5494791671875 0.3857421875 0.5403645828125 0.380859375 0.5065104171875 0.373046875
3 0.6979166671875 0.3525390625 0.7122395828125 0.36328125 0.7278645828125 0.369140625 0.7434895828125 0.373046875 0.7578125 0.3720703125 0.7604166671875 0.3662109375 0.7513020828125 0.361328125 0.7096354171875 0.349609375 0.6979166671875 0.3525390625
3 0.1315104171875 0.3359375 0.1302083328125 0.3466796875 0.1354166671875 0.3525390625 0.16015625 0.37109375 0.1770833328125 0.3740234375 0.1822916671875 0.3720703125 0.1822916671875 0.3662109375 0.1393229171875 0.333984375 0.1315104171875 0.3359375
3 0.24088541718749998 0.265625 0.21614583281250002 0.2861328125 0.21614583281250002 0.2978515625 0.22395833281250002 0.2998046875 0.2578125 0.2763671875 0.2604166671875 0.2646484375 0.2565104171875 0.26171875 0.24088541718749998 0.265625
3 0.45703125 0.310546875 0.4479166671875 0.3173828125 0.4244791671875 0.3505859375 0.4283854171875 0.359375 0.4375 0.3583984375 0.4505208328125 0.3466796875 0.4635416671875 0.3271484375 0.4622395828125 0.310546875 0.45703125 0.310546875
3 0.55859375 0.251953125 0.5377604171875 0.25390625 0.5338541671875 0.2568359375 0.5338541671875 0.2607421875 0.5481770828125 0.26953125 0.5859375 0.2685546875 0.59375 0.2626953125 0.59375 0.2587890625 0.5846354171875 0.25390625 0.55859375 0.251953125
3 0.09375 0.1748046875 0.08854166718749999 0.1865234375 0.09114583281250001 0.2099609375 0.09505208281250001 0.212890625 0.1041666671875 0.2119140625 0.1145833328125 0.1845703125 0.1145833328125 0.1708984375 0.1080729171875 0.166015625 0.09375 0.1748046875
3 0.7356770828125 0.150390625 0.7200520828125 0.150390625 0.7135416671875 0.1552734375 0.7513020828125 0.181640625 0.7578125 0.1806640625 0.7682291671875 0.1728515625 0.7682291671875 0.1689453125 0.7565104171875 0.16015625 0.7356770828125 0.150390625
3 0.4778645828125 0.197265625 0.4622395828125 0.197265625 0.4388020828125 0.205078125 0.4296875 0.2119140625 0.4270833328125 0.2197265625 0.4361979171875 0.224609375 0.4401041671875 0.2236328125 0.4778645828125 0.2109375 0.484375 0.2060546875 0.484375 0.2001953125 0.4778645828125 0.197265625
3 0.23307291718749998 0.146484375 0.21744791718749998 0.1484375 0.1796875 0.1708984375 0.1888020828125 0.177734375 0.203125 0.1767578125 0.22005208281250002 0.169921875 0.23697916718749998 0.1572265625 0.23697916718749998 0.1494140625 0.23307291718749998 0.146484375
3 0.6263020828125 0.16796875 0.6197916671875 0.1728515625 0.6197916671875 0.1787109375 0.6458333328125 0.2119140625 0.6497395828125 0.21484375 0.65625 0.2138671875 0.65625 0.1923828125 0.6432291671875 0.1748046875 0.6341145828125 0.16796875 0.6263020828125 0.16796875
3 0.4205729171875 0.13671875 0.40234375 0.140625 0.375 0.1611328125 0.3671875 0.1728515625 0.37109375 0.177734375 0.3776041671875 0.1787109375 0.3919270828125 0.171875 0.4140625 0.1533203125 0.421875 0.1435546875 0.4205729171875 0.13671875
3 0.4947916671875 0.1748046875 0.4986979171875 0.181640625 0.5247395828125 0.1953125 0.5455729171875 0.203125 0.5572916671875 0.2021484375 0.5520833328125 0.1884765625 0.52734375 0.173828125 0.5013020828125 0.169921875 0.4947916671875 0.1748046875
3 0.3528645828125 0.216796875 0.296875 0.2294921875 0.296875 0.2373046875 0.30078125 0.240234375 0.328125 0.2412109375 0.35546875 0.234375 0.3697916671875 0.2216796875 0.36328125 0.216796875 0.3528645828125 0.216796875
3 0.1341145828125 0.228515625 0.1276041671875 0.2333984375 0.1393229171875 0.2421875 0.1861979171875 0.251953125 0.1979166671875 0.2509765625 0.20052083281250002 0.2431640625 0.1888020828125 0.234375 0.15234375 0.2265625 0.1341145828125 0.228515625
3 0.2682291671875 0.4794921875 0.2981770828125 0.501953125 0.3072916671875 0.5009765625 0.3072916671875 0.4892578125 0.2994791671875 0.4794921875 0.2721354171875 0.466796875 0.2682291671875 0.4794921875
3 0.18359375 0.625 0.1627604171875 0.623046875 0.1263020828125 0.6328125 0.109375 0.6455078125 0.1158854171875 0.650390625 0.125 0.6494140625 0.1705729171875 0.638671875 0.1809895828125 0.634765625 0.1875 0.6279296875 0.18359375 0.625
3 0.2721354171875 0.525390625 0.23697916718749998 0.5458984375 0.23828125 0.55078125 0.2604166671875 0.5498046875 0.296875 0.5302734375 0.2981770828125 0.51953125 0.2877604171875 0.51953125 0.2721354171875 0.525390625
3 0.2799479171875 0.3828125 0.24348958281250002 0.384765625 0.22916666718749998 0.3916015625 0.23307291718749998 0.3984375 0.2942708328125 0.3994140625 0.3020833328125 0.3955078125 0.3020833328125 0.3916015625 0.29296875 0.384765625 0.2799479171875 0.3828125
3 0.1575520828125 0.53515625 0.1184895828125 0.533203125 0.09895833281250001 0.5400390625 0.09895833281250001 0.5439453125 0.1080729171875 0.548828125 0.1588541671875 0.5498046875 0.16796875 0.548828125 0.1744791671875 0.5439453125 0.1705729171875 0.5390625 0.1575520828125 0.53515625
3 0.1783854171875 0.42578125 0.1692708328125 0.4326171875 0.18359375 0.44140625 0.23046875 0.453125 0.2421875 0.4521484375 0.24479166718749998 0.4443359375 0.23046875 0.435546875 0.1888020828125 0.42578125 0.1783854171875 0.42578125
3 0.40234375 0.5703125 0.3984375 0.5732421875 0.3984375 0.5810546875 0.4114583328125 0.5966796875 0.4309895828125 0.61328125 0.4401041671875 0.6123046875 0.4427083328125 0.6025390625 0.4322916671875 0.5908203125 0.41015625 0.572265625 0.40234375 0.5703125
3 0.3958333328125 0.5009765625 0.3997395828125 0.509765625 0.4583333328125 0.5126953125 0.4635416671875 0.5107421875 0.4440104171875 0.498046875 0.4049479171875 0.49609375 0.3958333328125 0.5009765625
3 0.58984375 0.439453125 0.5859375 0.4443359375 0.609375 0.4716796875 0.6158854171875 0.4765625 0.625 0.4755859375 0.625 0.4619140625 0.609375 0.4423828125 0.6002604171875 0.4375 0.58984375 0.439453125
3 0.3606770828125 0.60546875 0.3515625 0.6103515625 0.328125 0.6416015625 0.3294270828125 0.6484375 0.3411458328125 0.6474609375 0.3489583328125 0.6435546875 0.3645833328125 0.6220703125 0.3671875 0.6103515625 0.3606770828125 0.60546875
3 0.515625 0.5107421875 0.515625 0.5244140625 0.5234375 0.5439453125 0.5377604171875 0.5546875 0.5442708328125 0.5537109375 0.546875 0.5517578125 0.5338541671875 0.5146484375 0.5221354171875 0.505859375 0.515625 0.5107421875
3 0.3723958328125 0.4130859375 0.3723958328125 0.4169921875 0.3919270828125 0.4296875 0.4205729171875 0.435546875 0.4375 0.4345703125 0.4401041671875 0.4267578125 0.4361979171875 0.423828125 0.38671875 0.412109375 0.3723958328125 0.4130859375
3 0.5533854171875 0.755859375 0.5442708328125 0.7587890625 0.5559895828125 0.76953125 0.5807291671875 0.7705078125 0.5924479171875 0.76953125 0.6067708328125 0.7607421875 0.6002604171875 0.755859375 0.5533854171875 0.755859375
3 0.51953125 0.685546875 0.5078125 0.6923828125 0.5143229171875 0.701171875 0.5677083328125 0.7001953125 0.5729166671875 0.6982421875 0.5729166671875 0.6923828125 0.55859375 0.685546875 0.51953125 0.685546875
3 0.6770833328125 0.6904296875 0.6770833328125 0.6943359375 0.69921875 0.70703125 0.72265625 0.71484375 0.7317708328125 0.7138671875 0.7291666671875 0.7041015625 0.7200520828125 0.697265625 0.6888020828125 0.6875 0.6770833328125 0.6904296875
3 0.55078125 0.63671875 0.546875 0.6396484375 0.5559895828125 0.646484375 0.5872395828125 0.654296875 0.6119791671875 0.6552734375 0.6145833328125 0.6513671875 0.6080729171875 0.64453125 0.5872395828125 0.638671875 0.55078125 0.63671875
3 0.6588541671875 0.6162109375 0.6588541671875 0.6220703125 0.6705729171875 0.630859375 0.69921875 0.642578125 0.7135416671875 0.6416015625 0.7135416671875 0.6357421875 0.68359375 0.619140625 0.66796875 0.61328125 0.6588541671875 0.6162109375
3 0.74609375 0.3984375 0.734375 0.4033203125 0.7161458328125 0.4384765625 0.7161458328125 0.4462890625 0.7265625 0.4462890625 0.734375 0.4404296875 0.75 0.4111328125 0.75 0.4013671875 0.74609375 0.3984375
3 0.7356770828125 0.552734375 0.7265625 0.5595703125 0.71875 0.5751953125 0.71875 0.5888671875 0.7278645828125 0.59765625 0.734375 0.5966796875 0.7473958328125 0.5634765625 0.7473958328125 0.5556640625 0.7434895828125 0.552734375 0.7356770828125 0.552734375
3 0.46484375 0.6796875 0.4518229171875 0.6796875 0.42578125 0.681640625 0.40625 0.6904296875 0.41015625 0.697265625 0.4296875 0.6982421875 0.4700520828125 0.6953125 0.4765625 0.6923828125 0.4765625 0.6865234375 0.46484375 0.6796875
3 0.23307291718749998 0.71875 0.1875 0.7548828125 0.1888020828125 0.76171875 0.203125 0.7607421875 0.21223958281250002 0.7578125 0.234375 0.7392578125 0.23958333281250002 0.7236328125 0.23307291718749998 0.71875
3 0.4075520828125 0.744140625 0.3893229171875 0.744140625 0.3502604171875 0.7578125 0.3411458328125 0.7646484375 0.3411458328125 0.7724609375 0.3515625 0.7724609375 0.40234375 0.7578125 0.4114583328125 0.7509765625 0.4114583328125 0.7470703125 0.4075520828125 0.744140625
3 0.3190104171875 0.328125 0.3125 0.3369140625 0.3203125 0.3486328125 0.3502604171875 0.375 0.3567708328125 0.3740234375 0.3567708328125 0.3642578125 0.3489583328125 0.3525390625 0.3359375 0.3388671875 0.3190104171875 0.328125
3 0.6002604171875 0.349609375 0.59375 0.3544921875 0.5963541671875 0.3603515625 0.6145833328125 0.3876953125 0.62109375 0.392578125 0.625 0.3916015625 0.6302083328125 0.3876953125 0.625 0.3681640625 0.6171875 0.3564453125 0.6002604171875 0.349609375
3 0.69921875 0.279296875 0.671875 0.3037109375 0.6666666671875 0.3193359375 0.6744791671875 0.3212890625 0.703125 0.2958984375 0.7109375 0.2861328125 0.7096354171875 0.279296875 0.69921875 0.279296875