3 0.50390625 0.345703125 0.5 0.3486328125 0.5 0.3544921875 0.5065104171875 0.361328125 0.5221354171875 0.3671875 0.5442708328125 0.3701171875 0.5598958328125 0.3642578125 0.5533854171875 0.35546875 0.51953125 0.345703125 0.50390625 0.345703125
3 0.6497395828125 0.255859375 0.609375 0.2724609375 0.609375 0.2763671875 0.6158854171875 0.279296875 0.6302083328125 0.2783203125 0.6627604171875 0.267578125 0.6640625 0.2587890625 0.66015625 0.255859375 0.6497395828125 0.255859375
3 0.625 0.1650390625 0.6276041671875 0.1904296875 0.6497395828125 0.2109375 0.6588541671875 0.2099609375 0.6432291671875 0.1748046875 0.6380208328125 0.1669921875 0.62890625 0.162109375 0.625 0.1650390625
3 0.2877604171875 0.392578125 0.2864583328125 0.4365234375 0.2955729171875 0.4453125 0.2994791671875 0.4443359375 0.3072916671875 0.4287109375 0.3046875 0.4091796875 0.2942708328125 0.3935546875 0.2877604171875 0.392578125
3 0.21484375 0.35546875 0.21354166718749998 0.3759765625 0.21875 0.4052734375 0.22265625 0.41015625 0.23177083281250002 0.4091796875 0.23697916718749998 0.3994140625 0.234375 0.3642578125 0.22526041718749998 0.35546875 0.21484375 0.35546875
3 0.3541666671875 0.3056640625 0.3567708328125 0.3154296875 0.3815104171875 0.330078125 0.3971354171875 0.3359375 0.4166666671875 0.3349609375 0.4192708328125 0.3291015625 0.4127604171875 0.32421875 0.37109375 0.306640625 0.3541666671875 0.3056640625
3 0.4010416671875 0.2333984375 0.4205729171875 0.248046875 0.44140625 0.255859375 0.453125 0.2548828125 0.4557291671875 0.2451171875 0.4153645828125 0.224609375 0.41015625 0.224609375 0.4010416671875 0.2333984375
3 0.2513020828125 0.173828125 0.22005208281250002 0.185546875 0.20833333281250002 0.1923828125 0.203125 0.2001953125 0.20963541718749998 0.205078125 0.22135416718749998 0.2041015625 0.2669270828125 0.1875 0.2760416671875 0.1806640625 0.2760416671875 0.1748046875 0.2513020828125 0.173828125
3 0.20442708281250002 0.17578125 0.1888020828125 0.17578125 0.1627604171875 0.18359375 0.1536458328125 0.1904296875 0.1510416671875 0.2001953125 0.1692708328125 0.2001953125 0.20442708281250002 0.189453125 0.20833333281250002 0.1865234375 0.20833333281250002 0.1787109375 0.20442708281250002 0.17578125
3 0.3346354171875 0.166015625 0.31640625 0.16015625 0.3177083328125 0.1767578125 0.3424479171875 0.1953125 0.3567708328125 0.1982421875 0.36328125 0.197265625 0.3671875 0.1923828125 0.3619791671875 0.1845703125 0.3346354171875 0.166015625
3 0.07552083281250001 0.2333984375 0.078125 0.2412109375 0.1080729171875 0.263671875 0.1236979171875 0.271484375 0.1302083328125 0.2705078125 0.125 0.2548828125 0.08723958281250001 0.228515625 0.07942708281250001 0.228515625 0.07552083281250001 0.2333984375
3 0.7044270828125 0.234375 0.6979166671875 0.2373046875 0.6953125 0.2431640625 0.69921875 0.248046875 0.7630208328125 0.2490234375 0.7682291671875 0.2470703125 0.7643229171875 0.23828125 0.7356770828125 0.232421875 0.7044270828125 0.234375
3 0.3958333328125 0.1533203125 0.3958333328125 0.1591796875 0.41015625 0.169921875 0.44140625 0.1796875 0.4609375 0.1787109375 0.4635416671875 0.1748046875 0.45703125 0.16796875 0.4049479171875 0.150390625 0.3958333328125 0.1533203125
3 0.5169270828125 0.20703125 0.5104166671875 0.2158203125 0.5208333328125 0.2529296875 0.52734375 0.259765625 0.5338541671875 0.2587890625 0.5390625 0.2548828125 0.5390625 0.2314453125 0.5286458328125 0.2119140625 0.5169270828125 0.20703125
3 0.4518229171875 0.556640625 0.44140625 0.55859375 0.4088541671875 0.5869140625 0.40625 0.5947265625 0.4114583328125 0.5966796875 0.42578125 0.591796875 0.4453125 0.5751953125 0.453125 0.5654296875 0.4518229171875 0.556640625
3 0.5325520828125 0.568359375 0.5286458328125 0.5712890625 0.53125 0.5849609375 0.5559895828125 0.607421875 0.5690104171875 0.61328125 0.5729166671875 0.6123046875 0.5755208328125 0.6044921875 0.5651041671875 0.5927734375 0.5442708328125 0.5732421875 0.5325520828125 0.568359375
3 0.5598958328125 0.4912109375 0.5598958328125 0.4990234375 0.5755208328125 0.5205078125 0.5833333328125 0.5205078125 0.5885416671875 0.5087890625 0.5755208328125 0.4873046875 0.56640625 0.482421875 0.5598958328125 0.4912109375
3 0.5651041671875 0.6513671875 0.5859375 0.6728515625 0.59765625 0.681640625 0.6015625 0.6806640625 0.5989583328125 0.6630859375 0.57421875 0.640625 0.56640625 0.640625 0.5651041671875 0.6513671875
3 0.6979166671875 0.5361328125 0.6875 0.5576171875 0.6875 0.5712890625 0.69140625 0.576171875 0.6953125 0.5751953125 0.703125 0.5693359375 0.7161458328125 0.5380859375 0.7096354171875 0.529296875 0.6979166671875 0.5361328125
3 0.7239583328125 0.5048828125 0.7239583328125 0.5107421875 0.7330729171875 0.517578125 0.7369791671875 0.5166015625 0.7552083328125 0.4853515625 0.75390625 0.47265625 0.7421875 0.4755859375 0.7239583328125 0.5048828125
3 0.33203125 0.498046875 0.3255208328125 0.5048828125 0.3229166671875 0.5244140625 0.3151041671875 0.5361328125 0.3151041671875 0.5458984375 0.3229166671875 0.5458984375 0.3385416671875 0.5341796875 0.34375 0.5068359375 0.3372395828125 0.498046875 0.33203125 0.498046875
3 0.23697916718749998 0.5458984375 0.234375 0.5810546875 0.24348958281250002 0.58984375 0.2526041671875 0.5888671875 0.2578125 0.5517578125 0.2552083328125 0.5380859375 0.24609375 0.53515625 0.23697916718749998 0.5458984375
3 0.4830729171875 0.4609375 0.47265625 0.46484375 0.44140625 0.466796875 0.4270833328125 0.4716796875 0.43359375 0.48046875 0.4479166671875 0.4814453125 0.4830729171875 0.4765625 0.4973958328125 0.4677734375 0.4973958328125 0.4638671875 0.4830729171875 0.4609375
3 0.37890625 0.361328125 0.375 0.3642578125 0.375 0.3701171875 0.3997395828125 0.3828125 0.41796875 0.388671875 0.4296875 0.3876953125 0.4322916671875 0.3779296875 0.41015625 0.3671875 0.3919270828125 0.361328125 0.37890625 0.361328125
3 0.4908854171875 0.427734375 0.484375 0.4326171875 0.484375 0.4384765625 0.4908854171875 0.443359375 0.53125 0.4462890625 0.546875 0.4423828125 0.546875 0.4384765625 0.5325520828125 0.4296875 0.4908854171875 0.427734375
3 0.66796875 0.40234375 0.6640625 0.4091796875 0.6692708328125 0.4267578125 0.6940104171875 0.44921875 0.7005208328125 0.4482421875 0.7083333328125 0.4443359375 0.6979166671875 0.4267578125 0.6796875 0.4052734375 0.66796875 0.40234375
3 0.6158854171875 0.380859375 0.609375 0.3896484375 0.6328125 0.4189453125 0.6471354171875 0.427734375 0.6588541671875 0.4267578125 0.65625 0.4130859375 0.6328125 0.3876953125 0.6236979171875 0.380859375 0.6158854171875 0.380859375
3 0.2721354171875 0.73828125 0.2591145828125 0.740234375 0.23828125 0.751953125 0.22395833281250002 0.7646484375 0.22395833281250002 0.7724609375 0.234375 0.7724609375 0.25390625 0.763671875 0.2786458328125 0.7451171875 0.2786458328125 0.7412109375 0.2721354171875 0.73828125
3 0.1731770828125 0.67578125 0.1276041671875 0.6962890625 0.12890625 0.705078125 0.1458333328125 0.7060546875 0.1705729171875 0.697265625 0.1822916671875 0.6884765625 0.1848958328125 0.6806640625 0.1731770828125 0.67578125
3 0.1184895828125 0.40234375 0.1145833328125 0.4052734375 0.12109375 0.4140625 0.1575520828125 0.435546875 0.1744791671875 0.4365234375 0.171875 0.4267578125 0.1497395828125 0.41015625 0.1315104171875 0.40234375 0.1184895828125 0.40234375
3 0.1549479171875 0.611328125 0.1419270828125 0.609375 0.1354166671875 0.6123046875 0.1354166671875 0.6181640625 0.1471354171875 0.630859375 0.17578125 0.640625 0.1927083328125 0.6396484375 0.1979166671875 0.6337890625 0.19140625 0.626953125 0.1809895828125 0.625 0.1549479171875 0.611328125
3 0.2669270828125 0.609375 0.2630208328125 0.6181640625 0.2708333328125 0.6279296875 0.3033854171875 0.658203125 0.3151041671875 0.6572265625 0.3151041671875 0.6435546875 0.3098958328125 0.6376953125 0.2799479171875 0.611328125 0.2669270828125 0.609375
3 0.1809895828125 0.515625 0.16015625 0.517578125 0.15625 0.5205078125 0.15625 0.5244140625 0.1731770828125 0.533203125 0.22135416718749998 0.5322265625 0.234375 0.5263671875 0.23307291718749998 0.51953125 0.20963541718749998 0.515625 0.1809895828125 0.515625
3 0.44921875 0.65234375 0.4309895828125 0.65234375 0.3971354171875 0.658203125 0.3880208328125 0.6650390625 0.3919270828125 0.671875 0.4088541671875 0.6728515625 0.4466145828125 0.666015625 0.4557291671875 0.6611328125 0.4557291671875 0.6572265625 0.44921875 0.65234375
3 0.3606770828125 0.716796875 0.35546875 0.716796875 0.3489583328125 0.7236328125 0.3385416671875 0.7607421875 0.3411458328125 0.7685546875 0.3489583328125 0.7685546875 0.359375 0.7607421875 0.3671875 0.7353515625 0.3645833328125 0.7197265625 0.3606770828125 0.716796875
3 0.4361979171875 0.703125 0.4270833328125 0.7080078125 0.421875 0.7314453125 0.421875 0.7548828125 0.4283854171875 0.759765625 0.4348958328125 0.7587890625 0.4427083328125 0.7490234375 0.4453125 0.7333984375 0.4453125 0.7138671875 0.4361979171875 0.703125
3 0.6471354171875 0.751953125 0.6393229171875 0.751953125 0.6354166671875 0.7568359375 0.6302083328125 0.7841796875 0.6302083328125 0.7958984375 0.6341145828125 0.798828125 0.640625 0.7978515625 0.6510416671875 0.7880859375 0.6536458328125 0.7802734375 0.6536458328125 0.7587890625 0.6471354171875 0.751953125
3 0.68359375 0.66796875 0.671875 0.6767578125 0.671875 0.6826171875 0.6875 0.6826171875 0.7252604171875 0.669921875 0.7291666671875 0.6630859375 0.7122395828125 0.658203125 0.68359375 0.66796875
3 0.6979166671875 0.7294921875 0.7044270828125 0.736328125 0.7434895828125 0.75390625 0.7552083328125 0.7529296875 0.7486979171875 0.73828125 0.7122395828125 0.720703125 0.7005208328125 0.7236328125 0.6979166671875 0.7294921875
3 0.7278645828125 0.5859375 0.7200520828125 0.587890625 0.7161458328125 0.5927734375 0.7109375 0.6123046875 0.7109375 0.6337890625 0.71484375 0.63671875 0.7239583328125 0.6357421875 0.7317708328125 0.6279296875 0.7369791671875 0.6044921875 0.7369791671875 0.5947265625 0.7278645828125 0.5859375