3 0.4192708328125 0.3388671875 0.421875 0.3583984375 0.4244791671875 0.3662109375 0.43359375 0.373046875 0.4401041671875 0.3720703125 0.4401041671875 0.3369140625 0.4375 0.3291015625 0.4309895828125 0.326171875 0.4192708328125 0.3388671875
3 0.57421875 0.41015625 0.53515625 0.42578125 0.5260416671875 0.4326171875 0.5299479171875 0.435546875 0.546875 0.4365234375 0.5794270828125 0.42578125 0.59375 0.4130859375 0.5872395828125 0.408203125 0.57421875 0.41015625
3 0.53515625 0.3125 0.5234375 0.3232421875 0.5130208328125 0.3544921875 0.5130208328125 0.3623046875 0.5234375 0.3623046875 0.53125 0.3564453125 0.5390625 0.3408203125 0.5416666671875 0.3193359375 0.53515625 0.3125
3 0.6653645828125 0.337890625 0.62890625 0.3515625 0.6302083328125 0.3642578125 0.6432291671875 0.3642578125 0.67578125 0.3515625 0.6796875 0.3427734375 0.6731770828125 0.337890625 0.6653645828125 0.337890625
3 0.6796875 0.3779296875 0.6822916671875 0.3876953125 0.7018229171875 0.404296875 0.72265625 0.4140625 0.7317708328125 0.4130859375 0.734375 0.4052734375 0.71484375 0.390625 0.69140625 0.376953125 0.6796875 0.3779296875
3 0.7083333328125 0.2783203125 0.6979166671875 0.2978515625 0.6979166671875 0.3095703125 0.7018229171875 0.314453125 0.7083333328125 0.3134765625 0.7265625 0.2841796875 0.7252604171875 0.271484375 0.7174479171875 0.271484375 0.7083333328125 0.2783203125
3 0.3216145828125 0.31640625 0.3177083328125 0.3232421875 0.3229166671875 0.3388671875 0.3385416671875 0.3642578125 0.3424479171875 0.3671875 0.3489583328125 0.3662109375 0.3515625 0.3466796875 0.34375 0.3310546875 0.33203125 0.31640625 0.3216145828125 0.31640625
3 0.4544270828125 0.228515625 0.4479166671875 0.2392578125 0.4479166671875 0.2802734375 0.4583333328125 0.2802734375 0.4661458328125 0.2685546875 0.4661458328125 0.2392578125 0.4609375 0.2294921875 0.4544270828125 0.228515625
3 0.41796875 0.169921875 0.40625 0.1767578125 0.41796875 0.185546875 0.4283854171875 0.185546875 0.45703125 0.193359375 0.4713541671875 0.1923828125 0.4739583328125 0.1865234375 0.46875 0.1806640625 0.4544270828125 0.173828125 0.41796875 0.169921875
3 0.5546875 0.1669921875 0.5546875 0.1708984375 0.56640625 0.1796875 0.6067708328125 0.1787109375 0.6145833328125 0.1728515625 0.6080729171875 0.1640625 0.55859375 0.1640625 0.5546875 0.1669921875
3 0.76953125 0.14453125 0.7591145828125 0.14453125 0.7526041671875 0.1494140625 0.7526041671875 0.1552734375 0.7734375 0.1826171875 0.7825520828125 0.1875 0.7864583328125 0.1865234375 0.7916666671875 0.1787109375 0.7890625 0.1689453125 0.7734375 0.1474609375 0.76953125 0.14453125
3 0.6002604171875 0.240234375 0.59375 0.2431640625 0.5911458328125 0.2529296875 0.6015625 0.2841796875 0.60546875 0.2890625 0.6145833328125 0.2900390625 0.6197916671875 0.2822265625 0.6171875 0.2568359375 0.609375 0.2431640625 0.6002604171875 0.240234375
3 0.6861979171875 0.185546875 0.6809895828125 0.185546875 0.671875 0.1923828125 0.6692708328125 0.2001953125 0.671875 0.2158203125 0.6770833328125 0.2294921875 0.6888020828125 0.23828125 0.6953125 0.2373046875 0.6979166671875 0.2216796875 0.6927083328125 0.2119140625 0.6901041671875 0.1904296875 0.6861979171875 0.185546875
3 0.1536458328125 0.3447265625 0.15625 0.3544921875 0.1888020828125 0.37890625 0.203125 0.3798828125 0.20572916718749998 0.3720703125 0.1653645828125 0.33984375 0.16015625 0.33984375 0.1536458328125 0.3447265625
3 0.26953125 0.26953125 0.24479166718749998 0.2880859375 0.23958333281250002 0.3017578125 0.24739583281250002 0.3056640625 0.28125 0.2822265625 0.2838541671875 0.2705078125 0.2799479171875 0.267578125 0.26953125 0.26953125
3 0.2591145828125 0.15234375 0.24348958281250002 0.154296875 0.20572916718749998 0.1767578125 0.21223958281250002 0.18359375 0.2265625 0.1826171875 0.24088541718749998 0.177734375 0.2604166671875 0.1650390625 0.2630208328125 0.1572265625 0.2591145828125 0.15234375
3 0.16015625 0.234375 0.1536458328125 0.2392578125 0.1653645828125 0.248046875 0.20963541718749998 0.2578125 0.22135416718749998 0.2568359375 0.22395833281250002 0.2490234375 0.20963541718749998 0.240234375 0.18359375 0.234375 0.16015625 0.234375
3 0.3658854171875 0.205078125 0.3111979171875 0.205078125 0.2994791671875 0.2099609375 0.2994791671875 0.2158203125 0.30859375 0.220703125 0.3411458328125 0.2216796875 0.35546875 0.220703125 0.3658854171875 0.216796875 0.3723958328125 0.2099609375 0.3658854171875 0.205078125
3 0.1627604171875 0.599609375 0.15234375 0.603515625 0.1432291671875 0.6123046875 0.1471354171875 0.619140625 0.1536458328125 0.6181640625 0.20703125 0.60546875 0.2109375 0.5986328125 0.1940104171875 0.59375 0.1627604171875 0.599609375
3 0.22526041718749998 0.4296875 0.22135416718749998 0.4326171875 0.22135416718749998 0.4658203125 0.2265625 0.4853515625 0.23046875 0.48828125 0.23697916718749998 0.4873046875 0.2421875 0.4794921875 0.23958333281250002 0.4423828125 0.23697916718749998 0.4345703125 0.22526041718749998 0.4296875
3 0.1783854171875 0.5234375 0.1770833328125 0.5400390625 0.1901041671875 0.5595703125 0.19921875 0.568359375 0.21354166718749998 0.5712890625 0.21875 0.5654296875 0.20572916718749998 0.5439453125 0.1901041671875 0.5263671875 0.1783854171875 0.5234375
3 0.3997395828125 0.71484375 0.3893229171875 0.71484375 0.3489583328125 0.7412109375 0.3489583328125 0.7470703125 0.35546875 0.751953125 0.359375 0.7509765625 0.37109375 0.748046875 0.3958333328125 0.7314453125 0.4010416671875 0.7236328125 0.3997395828125 0.71484375
3 0.51171875 0.7265625 0.49609375 0.734375 0.4635416671875 0.7587890625 0.4609375 0.7646484375 0.46875 0.7666015625 0.4856770828125 0.763671875 0.5182291671875 0.7392578125 0.51953125 0.7265625 0.51171875 0.7265625
3 0.20703125 0.7109375 0.1979166671875 0.7138671875 0.1901041671875 0.7314453125 0.1901041671875 0.7587890625 0.19921875 0.76953125 0.20572916718749998 0.7685546875 0.2109375 0.7626953125 0.21354166718749998 0.7275390625 0.21354166718749998 0.7177734375 0.20703125 0.7109375
3 0.57421875 0.642578125 0.5703125 0.6455078125 0.5768229171875 0.65234375 0.6184895828125 0.662109375 0.6328125 0.6611328125 0.6328125 0.6533203125 0.6158854171875 0.646484375 0.59765625 0.642578125 0.57421875 0.642578125
3 0.7044270828125 0.765625 0.68359375 0.767578125 0.671875 0.7724609375 0.671875 0.7763671875 0.6861979171875 0.783203125 0.7005208328125 0.7822265625 0.73046875 0.77734375 0.734375 0.7685546875 0.7278645828125 0.765625 0.7044270828125 0.765625
3 0.6471354171875 0.7109375 0.63671875 0.7109375 0.6328125 0.7138671875 0.6354166671875 0.7216796875 0.66015625 0.734375 0.67578125 0.740234375 0.6875 0.7392578125 0.6901041671875 0.7373046875 0.6848958328125 0.7294921875 0.6731770828125 0.720703125 0.6471354171875 0.7109375
3 0.54296875 0.69140625 0.5286458328125 0.7001953125 0.5377604171875 0.70703125 0.5755208328125 0.7080078125 0.5924479171875 0.70703125 0.5963541671875 0.7001953125 0.5794270828125 0.69140625 0.54296875 0.69140625
3 0.4361979171875 0.466796875 0.4283854171875 0.466796875 0.4244791671875 0.4697265625 0.4270833328125 0.5029296875 0.4322916671875 0.5126953125 0.4388020828125 0.517578125 0.4427083328125 0.5166015625 0.4479166671875 0.5087890625 0.4453125 0.4794921875 0.4427083328125 0.4716796875 0.4361979171875 0.466796875
3 0.51171875 0.509765625 0.5078125 0.5146484375 0.5104166671875 0.5205078125 0.5221354171875 0.525390625 0.5625 0.5244140625 0.5677083328125 0.5224609375 0.5677083328125 0.5166015625 0.5611979171875 0.513671875 0.51171875 0.509765625
3 0.6223958328125 0.4326171875 0.6223958328125 0.4404296875 0.6302083328125 0.4697265625 0.63671875 0.474609375 0.6432291671875 0.4736328125 0.6458333328125 0.4462890625 0.6432291671875 0.4384765625 0.62890625 0.4296875 0.6223958328125 0.4326171875
3 0.69140625 0.619140625 0.6796875 0.6240234375 0.6940104171875 0.63671875 0.7122395828125 0.646484375 0.7317708328125 0.6494140625 0.7369791671875 0.6474609375 0.7369791671875 0.6435546875 0.7252604171875 0.634765625 0.69140625 0.619140625
3 0.44921875 0.59375 0.4453125 0.5966796875 0.4518229171875 0.607421875 0.48828125 0.62109375 0.5078125 0.6201171875 0.5104166671875 0.6142578125 0.4934895828125 0.603515625 0.4622395828125 0.59375 0.44921875 0.59375
3 0.56640625 0.591796875 0.5625 0.5947265625 0.5625 0.6025390625 0.57421875 0.61328125 0.59765625 0.62109375 0.6041666671875 0.6201171875 0.6067708328125 0.6181640625 0.6002604171875 0.60546875 0.57421875 0.59375 0.56640625 0.591796875
3 0.6041666671875 0.5380859375 0.6067708328125 0.5458984375 0.62109375 0.5546875 0.6497395828125 0.564453125 0.6640625 0.5634765625 0.6627604171875 0.556640625 0.6341145828125 0.54296875 0.61328125 0.537109375 0.6041666671875 0.5380859375
3 0.703125 0.5146484375 0.703125 0.5419921875 0.71484375 0.552734375 0.71875 0.5517578125 0.7239583328125 0.5439453125 0.7239583328125 0.5107421875 0.71484375 0.505859375 0.703125 0.5146484375
3 0.2747395828125 0.388671875 0.26171875 0.392578125 0.2526041671875 0.3994140625 0.2591145828125 0.404296875 0.3151041671875 0.4052734375 0.3255208328125 0.4013671875 0.3229166671875 0.3935546875 0.31640625 0.390625 0.2747395828125 0.388671875
3 0.3997395828125 0.60546875 0.3736979171875 0.611328125 0.3541666671875 0.6201171875 0.3580729171875 0.62890625 0.3697916671875 0.6279296875 0.4153645828125 0.6171875 0.421875 0.6123046875 0.421875 0.6064453125 0.3997395828125 0.60546875
3 0.3059895828125 0.580078125 0.296875 0.5849609375 0.2981770828125 0.591796875 0.3138020828125 0.595703125 0.3619791671875 0.5966796875 0.3671875 0.5927734375 0.3580729171875 0.5859375 0.3372395828125 0.580078125 0.3059895828125 0.580078125
3 0.3059895828125 0.462890625 0.2994791671875 0.4755859375 0.2994791671875 0.5107421875 0.3033854171875 0.517578125 0.3125 0.5166015625 0.3177083328125 0.5068359375 0.3203125 0.4814453125 0.3151041671875 0.4658203125 0.3059895828125 0.462890625