3 0.2981770828125 0.251953125 0.2916666671875 0.2587890625 0.2981770828125 0.265625 0.3059895828125 0.267578125 0.3372395828125 0.271484375 0.3541666671875 0.2705078125 0.3619791671875 0.2666015625 0.3619791671875 0.2626953125 0.3502604171875 0.25390625 0.2981770828125 0.251953125
3 0.46875 0.1474609375 0.4609375 0.1728515625 0.4635416671875 0.1845703125 0.4674479171875 0.1875 0.4765625 0.1865234375 0.4869791671875 0.1552734375 0.4830729171875 0.140625 0.4778645828125 0.140625 0.46875 0.1474609375
3 0.203125 0.2548828125 0.1901041671875 0.2861328125 0.1927083328125 0.2958984375 0.1966145828125 0.298828125 0.203125 0.2978515625 0.22135416718749998 0.2626953125 0.22135416718749998 0.2490234375 0.21744791718749998 0.24609375 0.203125 0.2548828125
3 0.3528645828125 0.1640625 0.32421875 0.169921875 0.3151041671875 0.1748046875 0.3190104171875 0.181640625 0.3385416671875 0.1845703125 0.3658854171875 0.1796875 0.375 0.1708984375 0.3723958328125 0.1650390625 0.3528645828125 0.1640625
3 0.48828125 0.232421875 0.4895833328125 0.2490234375 0.5026041671875 0.2646484375 0.5026041671875 0.2705078125 0.51171875 0.279296875 0.5208333328125 0.2783203125 0.5234375 0.2705078125 0.5078125 0.2392578125 0.49609375 0.232421875 0.48828125 0.232421875
3 0.6640625 0.1474609375 0.6692708328125 0.1591796875 0.67578125 0.1640625 0.7044270828125 0.173828125 0.7239583328125 0.1728515625 0.7265625 0.1650390625 0.71484375 0.158203125 0.6783854171875 0.146484375 0.6640625 0.1474609375
3 0.5690104171875 0.138671875 0.5546875 0.1435546875 0.5260416671875 0.1787109375 0.52734375 0.185546875 0.5390625 0.1845703125 0.5572916671875 0.1728515625 0.5729166671875 0.1513671875 0.5729166671875 0.1416015625 0.5690104171875 0.138671875
3 0.12890625 0.26953125 0.109375 0.2822265625 0.0859375 0.3076171875 0.0859375 0.3134765625 0.08984375 0.31640625 0.09635416718749999 0.3154296875 0.1145833328125 0.3037109375 0.1328125 0.2841796875 0.1328125 0.2724609375 0.12890625 0.26953125
3 0.1471354171875 0.189453125 0.1315104171875 0.19140625 0.09505208281250001 0.205078125 0.0859375 0.2119140625 0.08984375 0.21875 0.1067708328125 0.2197265625 0.1393229171875 0.208984375 0.1458333328125 0.2041015625 0.1510416671875 0.1923828125 0.1471354171875 0.189453125
3 0.3815104171875 0.423828125 0.37109375 0.423828125 0.3671875 0.4267578125 0.37109375 0.43359375 0.3971354171875 0.4453125 0.421875 0.4462890625 0.4270833328125 0.4384765625 0.4153645828125 0.43359375 0.39453125 0.4296875 0.3815104171875 0.423828125
3 0.1822916671875 0.4384765625 0.21223958281250002 0.45703125 0.22786458281250002 0.46484375 0.234375 0.4638671875 0.23697916718749998 0.4560546875 0.19921875 0.431640625 0.1796875 0.4326171875 0.1822916671875 0.4384765625
3 0.3372395828125 0.400390625 0.3229166671875 0.4150390625 0.3268229171875 0.421875 0.3333333328125 0.4208984375 0.37109375 0.404296875 0.3776041671875 0.3955078125 0.3606770828125 0.390625 0.3372395828125 0.400390625
3 0.3684895828125 0.30859375 0.3567708328125 0.3115234375 0.34375 0.3486328125 0.3463541671875 0.3564453125 0.3541666671875 0.3564453125 0.3697916671875 0.3447265625 0.375 0.3291015625 0.375 0.3154296875 0.3684895828125 0.30859375
3 0.2643229171875 0.33203125 0.2265625 0.3447265625 0.22395833281250002 0.3544921875 0.22786458281250002 0.357421875 0.24739583281250002 0.3564453125 0.2825520828125 0.345703125 0.2890625 0.3408203125 0.2890625 0.3349609375 0.2643229171875 0.33203125
3 0.41015625 0.470703125 0.40625 0.4736328125 0.4127604171875 0.482421875 0.4388020828125 0.494140625 0.4609375 0.4931640625 0.4635416671875 0.4892578125 0.4440104171875 0.478515625 0.4205729171875 0.470703125 0.41015625 0.470703125
3 0.453125 0.3857421875 0.453125 0.3916015625 0.4700520828125 0.404296875 0.4856770828125 0.4140625 0.4973958328125 0.4150390625 0.4973958328125 0.4052734375 0.4856770828125 0.39453125 0.46484375 0.3828125 0.453125 0.3857421875
3 0.69140625 0.435546875 0.6575520828125 0.451171875 0.6510416671875 0.4619140625 0.6575520828125 0.466796875 0.6614583328125 0.4658203125 0.7044270828125 0.447265625 0.7109375 0.4365234375 0.70703125 0.43359375 0.69140625 0.435546875
3 0.6549479171875 0.33984375 0.6510416671875 0.3427734375 0.6510416671875 0.3486328125 0.67578125 0.36328125 0.703125 0.3642578125 0.7057291671875 0.3603515625 0.6940104171875 0.3515625 0.6653645828125 0.33984375 0.6549479171875 0.33984375
3 0.56640625 0.353515625 0.5625 0.3623046875 0.5677083328125 0.3740234375 0.59765625 0.400390625 0.6067708328125 0.3994140625 0.609375 0.3935546875 0.6015625 0.3818359375 0.5833333328125 0.3623046875 0.56640625 0.353515625
3 0.69140625 0.255859375 0.6796875 0.2587890625 0.6796875 0.2646484375 0.6888020828125 0.271484375 0.71484375 0.287109375 0.734375 0.2919921875 0.7369791671875 0.2841796875 0.7317708328125 0.2763671875 0.7122395828125 0.263671875 0.69140625 0.255859375
3 0.61328125 0.27734375 0.57421875 0.287109375 0.5598958328125 0.2939453125 0.5638020828125 0.302734375 0.5859375 0.3017578125 0.61328125 0.294921875 0.6276041671875 0.2802734375 0.6236979171875 0.27734375 0.61328125 0.27734375
3 0.5091145828125 0.3046875 0.49609375 0.310546875 0.4661458328125 0.3330078125 0.4635416671875 0.3408203125 0.4739583328125 0.3427734375 0.4908854171875 0.33984375 0.515625 0.3212890625 0.5182291671875 0.3134765625 0.5091145828125 0.3046875
3 0.1822916671875 0.5771484375 0.1822916671875 0.5810546875 0.19140625 0.5859375 0.20572916718749998 0.5849609375 0.23046875 0.580078125 0.2421875 0.5673828125 0.23046875 0.564453125 0.1822916671875 0.5771484375
3 0.1015625 0.7099609375 0.1015625 0.7138671875 0.11328125 0.71875 0.1315104171875 0.72265625 0.1510416671875 0.7216796875 0.1588541671875 0.7138671875 0.1419270828125 0.705078125 0.1158854171875 0.703125 0.1015625 0.7099609375
3 0.2591145828125 0.7109375 0.22005208281250002 0.720703125 0.21354166718749998 0.7255859375 0.21354166718749998 0.7314453125 0.2265625 0.7353515625 0.2643229171875 0.7265625 0.2786458328125 0.7138671875 0.2747395828125 0.7109375 0.2591145828125 0.7109375
3 0.22265625 0.615234375 0.2109375 0.6181640625 0.1822916671875 0.6513671875 0.1848958328125 0.6591796875 0.1953125 0.6611328125 0.203125 0.6572265625 0.22395833281250002 0.6318359375 0.2265625 0.6201171875 0.22265625 0.615234375
3 0.5859375 0.5068359375 0.5859375 0.5205078125 0.5989583328125 0.5205078125 0.6223958328125 0.4814453125 0.6184895828125 0.474609375 0.5989583328125 0.4853515625 0.5859375 0.5068359375
3 0.36328125 0.66796875 0.3515625 0.6728515625 0.3515625 0.6767578125 0.3606770828125 0.68359375 0.38671875 0.697265625 0.40234375 0.703125 0.4114583328125 0.7021484375 0.4140625 0.6982421875 0.40625 0.6884765625 0.3815104171875 0.673828125 0.36328125 0.66796875
3 0.3841145828125 0.564453125 0.3776041671875 0.5712890625 0.3802083328125 0.5986328125 0.38671875 0.607421875 0.3958333328125 0.6083984375 0.4010416671875 0.6025390625 0.3984375 0.5712890625 0.39453125 0.564453125 0.3841145828125 0.564453125
3 0.4505208328125 0.6669921875 0.4479166671875 0.6748046875 0.4479166671875 0.7021484375 0.4518229171875 0.705078125 0.4583333328125 0.7041015625 0.4661458328125 0.6923828125 0.4713541671875 0.6630859375 0.4674479171875 0.658203125 0.4505208328125 0.6669921875
3 0.5455729171875 0.55859375 0.5169270828125 0.568359375 0.5104166671875 0.5732421875 0.5078125 0.5810546875 0.51171875 0.583984375 0.5260416671875 0.5830078125 0.5559895828125 0.572265625 0.5651041671875 0.5634765625 0.55859375 0.55859375 0.5455729171875 0.55859375
3 0.46484375 0.525390625 0.45703125 0.525390625 0.4557291671875 0.5341796875 0.4609375 0.5458984375 0.4791666671875 0.5712890625 0.4869791671875 0.5732421875 0.4921875 0.5673828125 0.4895833328125 0.5517578125 0.4765625 0.5322265625 0.46484375 0.525390625
3 0.55078125 0.74609375 0.546875 0.7490234375 0.5494791671875 0.7880859375 0.5533854171875 0.79296875 0.5625 0.7919921875 0.5703125 0.7861328125 0.5703125 0.7666015625 0.5651041671875 0.7529296875 0.55078125 0.74609375
3 0.7122395828125 0.6953125 0.7083333328125 0.6982421875 0.7083333328125 0.7080078125 0.7213541671875 0.7333984375 0.7252604171875 0.736328125 0.7369791671875 0.7353515625 0.7421875 0.7314453125 0.7369791671875 0.7138671875 0.7265625 0.7001953125 0.7122395828125 0.6953125
3 0.4986979171875 0.75390625 0.4817708328125 0.7646484375 0.4661458328125 0.7939453125 0.46875 0.8037109375 0.47265625 0.806640625 0.4791666671875 0.8056640625 0.4869791671875 0.7998046875 0.5026041671875 0.7724609375 0.5052083328125 0.7587890625 0.4986979171875 0.75390625
3 0.63671875 0.6796875 0.625 0.6845703125 0.625 0.6884765625 0.63671875 0.6953125 0.6640625 0.6943359375 0.6861979171875 0.69140625 0.6901041671875 0.6826171875 0.6705729171875 0.677734375 0.63671875 0.6796875
3 0.6888020828125 0.591796875 0.6822916671875 0.5966796875 0.6822916671875 0.6201171875 0.6875 0.6357421875 0.7005208328125 0.6435546875 0.7057291671875 0.6396484375 0.7005208328125 0.5986328125 0.6940104171875 0.591796875 0.6888020828125 0.591796875
3 0.5807291671875 0.6220703125 0.5755208328125 0.6357421875 0.5794270828125 0.640625 0.5885416671875 0.6396484375 0.6223958328125 0.6083984375 0.6236979171875 0.59765625 0.60546875 0.6015625 0.5807291671875 0.6220703125
3 0.68359375 0.744140625 0.671875 0.7509765625 0.6484375 0.7861328125 0.6458333328125 0.7958984375 0.6497395828125 0.798828125 0.65625 0.7978515625 0.6692708328125 0.7900390625 0.6875 0.7626953125 0.6875 0.7470703125 0.68359375 0.744140625
3 0.3815104171875 0.744140625 0.3736979171875 0.748046875 0.3515625 0.7666015625 0.3463541671875 0.7822265625 0.3502604171875 0.78515625 0.359375 0.7841796875 0.3958333328125 0.7548828125 0.3958333328125 0.7470703125 0.3919270828125 0.744140625 0.3815104171875 0.744140625