3 0.4270833328125 0.2197265625 0.4166666671875 0.2373046875 0.4140625 0.2509765625 0.41796875 0.255859375 0.4270833328125 0.2548828125 0.4453125 0.2314453125 0.4466145828125 0.212890625 0.4388020828125 0.212890625 0.4270833328125 0.2197265625
3 0.4231770828125 0.166015625 0.4075520828125 0.166015625 0.37890625 0.171875 0.3697916671875 0.1767578125 0.37109375 0.18359375 0.3841145828125 0.1875 0.3958333328125 0.1865234375 0.4205729171875 0.181640625 0.4296875 0.1748046875 0.4270833328125 0.1689453125 0.4231770828125 0.166015625
3 0.20442708281250002 0.283203125 0.1940104171875 0.283203125 0.1549479171875 0.2890625 0.1380208328125 0.2958984375 0.1380208328125 0.2998046875 0.14453125 0.302734375 0.1692708328125 0.3037109375 0.1940104171875 0.30078125 0.20442708281250002 0.296875 0.2109375 0.2880859375 0.20442708281250002 0.283203125
3 0.34375 0.2119140625 0.3307291671875 0.2314453125 0.328125 0.2509765625 0.3346354171875 0.255859375 0.3385416671875 0.2548828125 0.3619791671875 0.2216796875 0.36328125 0.205078125 0.3528645828125 0.205078125 0.34375 0.2119140625
3 0.1627604171875 0.162109375 0.1575520828125 0.162109375 0.1458333328125 0.1728515625 0.1432291671875 0.1923828125 0.1432291671875 0.2080078125 0.15234375 0.21484375 0.15625 0.2138671875 0.1640625 0.2080078125 0.1666666671875 0.1923828125 0.1666666671875 0.1650390625 0.1627604171875 0.162109375
3 0.26171875 0.146484375 0.24739583281250002 0.1513671875 0.24739583281250002 0.1572265625 0.2565104171875 0.162109375 0.3033854171875 0.17578125 0.3151041671875 0.1748046875 0.3151041671875 0.1669921875 0.3033854171875 0.158203125 0.2877604171875 0.15234375 0.26171875 0.146484375
3 0.453125 0.3173828125 0.4557291671875 0.3271484375 0.4856770828125 0.3515625 0.4921875 0.3505859375 0.4947916671875 0.3427734375 0.4765625 0.3232421875 0.4596354171875 0.3125 0.453125 0.3173828125
3 0.66796875 0.392578125 0.6484375 0.4130859375 0.6432291671875 0.4267578125 0.6471354171875 0.4296875 0.65625 0.4287109375 0.6822916671875 0.4033203125 0.6901041671875 0.3916015625 0.6861979171875 0.38671875 0.66796875 0.392578125
3 0.6393229171875 0.298828125 0.6354166671875 0.3076171875 0.6458333328125 0.3193359375 0.6536458328125 0.3369140625 0.6575520828125 0.33984375 0.6666666671875 0.3388671875 0.6692708328125 0.3291015625 0.6640625 0.3173828125 0.65625 0.3076171875 0.6393229171875 0.298828125
3 0.7565104171875 0.18359375 0.7252604171875 0.19140625 0.7109375 0.2001953125 0.7174479171875 0.205078125 0.7395833328125 0.2041015625 0.7643229171875 0.197265625 0.7734375 0.1865234375 0.76953125 0.18359375 0.7565104171875 0.18359375
3 0.7864583328125 0.3115234375 0.7890625 0.3193359375 0.7955729171875 0.32421875 0.8046875 0.3232421875 0.8046875 0.2822265625 0.7955729171875 0.26953125 0.7838541671875 0.2822265625 0.7864583328125 0.3115234375
3 0.5182291671875 0.2802734375 0.5247395828125 0.2890625 0.5611979171875 0.294921875 0.5807291671875 0.2939453125 0.5807291671875 0.2841796875 0.5690104171875 0.279296875 0.52734375 0.2734375 0.5182291671875 0.2802734375
3 0.58203125 0.154296875 0.5768229171875 0.154296875 0.5729166671875 0.1572265625 0.5729166671875 0.1689453125 0.578125 0.1767578125 0.59375 0.1982421875 0.6002604171875 0.201171875 0.609375 0.2001953125 0.6119791671875 0.1923828125 0.6041666671875 0.1767578125 0.59375 0.1630859375 0.58203125 0.154296875
3 0.71484375 0.291015625 0.7109375 0.2939453125 0.7109375 0.3310546875 0.7135416671875 0.3369140625 0.7200520828125 0.341796875 0.7239583328125 0.3408203125 0.734375 0.3310546875 0.734375 0.3095703125 0.7291666671875 0.2958984375 0.71484375 0.291015625
3 0.6940104171875 0.1484375 0.6783854171875 0.15234375 0.6471354171875 0.162109375 0.6380208328125 0.1689453125 0.6471354171875 0.17578125 0.6614583328125 0.1748046875 0.6940104171875 0.166015625 0.7057291671875 0.1572265625 0.7057291671875 0.1513671875 0.6940104171875 0.1484375
3 0.58984375 0.21875 0.5859375 0.2216796875 0.5859375 0.2255859375 0.59765625 0.234375 0.6263020828125 0.25 0.6432291671875 0.2509765625 0.6458333328125 0.2392578125 0.6263020828125 0.2265625 0.6080729171875 0.21875 0.58984375 0.21875
3 0.2109375 0.4033203125 0.1927083328125 0.4287109375 0.19921875 0.4375 0.20833333281250002 0.4365234375 0.234375 0.4052734375 0.23697916718749998 0.3974609375 0.23046875 0.392578125 0.2109375 0.4033203125
3 0.1536458328125 0.5634765625 0.1484375 0.5791015625 0.1614583328125 0.5791015625 0.203125 0.5458984375 0.1966145828125 0.537109375 0.1861979171875 0.5390625 0.1536458328125 0.5634765625
3 0.4661458328125 0.4541015625 0.4661458328125 0.4638671875 0.47265625 0.470703125 0.4765625 0.4697265625 0.5 0.4306640625 0.49609375 0.421875 0.4791666671875 0.4306640625 0.4661458328125 0.4541015625
3 0.5169270828125 0.501953125 0.5130208328125 0.5087890625 0.5260416671875 0.5263671875 0.5481770828125 0.544921875 0.5546875 0.5458984375 0.5572916671875 0.5400390625 0.546875 0.5224609375 0.5247395828125 0.50390625 0.5169270828125 0.501953125
3 0.5690104171875 0.4140625 0.5533854171875 0.4140625 0.5494791671875 0.4169921875 0.5533854171875 0.42578125 0.5690104171875 0.4296875 0.6002604171875 0.4453125 0.6067708328125 0.4443359375 0.609375 0.4423828125 0.6015625 0.4287109375 0.58984375 0.421875 0.5690104171875 0.4140625
3 0.390625 0.5595703125 0.390625 0.5712890625 0.3958333328125 0.5732421875 0.421875 0.5498046875 0.4153645828125 0.537109375 0.40625 0.5419921875 0.390625 0.5595703125
3 0.3684895828125 0.431640625 0.3697916671875 0.4404296875 0.3984375 0.4697265625 0.4075520828125 0.474609375 0.4140625 0.4736328125 0.4140625 0.4619140625 0.3932291671875 0.4384765625 0.3841145828125 0.431640625 0.3684895828125 0.431640625
3 0.3424479171875 0.33203125 0.328125 0.3447265625 0.3125 0.3662109375 0.3098958328125 0.3740234375 0.3177083328125 0.3779296875 0.3411458328125 0.3642578125 0.3515625 0.3505859375 0.3515625 0.3369140625 0.3424479171875 0.33203125
3 0.4244791671875 0.6376953125 0.4192708328125 0.6611328125 0.4231770828125 0.6640625 0.4296875 0.6630859375 0.4479166671875 0.6337890625 0.44921875 0.619140625 0.4388020828125 0.619140625 0.4244791671875 0.6376953125
3 0.3697916671875 0.7470703125 0.3697916671875 0.7548828125 0.3997395828125 0.775390625 0.421875 0.7744140625 0.4244791671875 0.7705078125 0.3815104171875 0.744140625 0.3763020828125 0.7421875 0.3697916671875 0.7470703125
3 0.3046875 0.6982421875 0.2942708328125 0.7255859375 0.296875 0.7373046875 0.3059895828125 0.7421875 0.3125 0.7412109375 0.3177083328125 0.7353515625 0.3203125 0.7099609375 0.31640625 0.6953125 0.3046875 0.6982421875
3 0.2799479171875 0.6328125 0.2513020828125 0.640625 0.23958333281250002 0.6513671875 0.23958333281250002 0.6572265625 0.24348958281250002 0.66015625 0.25 0.6591796875 0.29296875 0.646484375 0.2994791671875 0.6396484375 0.2877604171875 0.6328125 0.2799479171875 0.6328125
3 0.28515625 0.552734375 0.28125 0.5556640625 0.28515625 0.5703125 0.31640625 0.58984375 0.3333333328125 0.5908203125 0.3385416671875 0.5849609375 0.3190104171875 0.5703125 0.29296875 0.5546875 0.28515625 0.552734375
3 0.73828125 0.595703125 0.734375 0.6005859375 0.7369791671875 0.6337890625 0.7513020828125 0.646484375 0.7552083328125 0.6455078125 0.7578125 0.6376953125 0.7526041671875 0.5986328125 0.7486979171875 0.595703125 0.73828125 0.595703125
3 0.76171875 0.48828125 0.7317708328125 0.5166015625 0.7408854171875 0.525390625 0.75 0.5244140625 0.7734375 0.5009765625 0.7734375 0.4912109375 0.76953125 0.48828125 0.76171875 0.48828125
3 0.6354166671875 0.6220703125 0.6276041671875 0.6318359375 0.6276041671875 0.6396484375 0.6354166671875 0.6435546875 0.6770833328125 0.6083984375 0.67578125 0.6015625 0.6575520828125 0.603515625 0.6354166671875 0.6220703125
3 0.625 0.5302734375 0.6263020828125 0.53515625 0.6393229171875 0.5390625 0.6705729171875 0.544921875 0.6822916671875 0.5439453125 0.6822916671875 0.5341796875 0.6575520828125 0.525390625 0.63671875 0.5234375 0.625 0.5302734375
3 0.75390625 0.419921875 0.7421875 0.4228515625 0.7291666671875 0.4482421875 0.7265625 0.4658203125 0.73046875 0.46875 0.7369791671875 0.4677734375 0.7473958328125 0.4599609375 0.7578125 0.4404296875 0.7604166671875 0.4248046875 0.75390625 0.419921875
3 0.50390625 0.740234375 0.5026041671875 0.7568359375 0.5104166671875 0.7763671875 0.5169270828125 0.78515625 0.5260416671875 0.7841796875 0.5286458328125 0.7724609375 0.5208333328125 0.7509765625 0.5091145828125 0.740234375 0.50390625 0.740234375
3 0.5026041671875 0.6669921875 0.5 0.6748046875 0.5026041671875 0.7041015625 0.5065104171875 0.70703125 0.515625 0.7060546875 0.5208333328125 0.6826171875 0.5208333328125 0.6630859375 0.5169270828125 0.66015625 0.5026041671875 0.6669921875
3 0.73828125 0.689453125 0.7265625 0.6962890625 0.73046875 0.703125 0.7473958328125 0.7041015625 0.7799479171875 0.6953125 0.7890625 0.6845703125 0.77734375 0.6796875 0.73828125 0.689453125
3 0.62109375 0.662109375 0.6158854171875 0.662109375 0.6119791671875 0.6650390625 0.6145833328125 0.7001953125 0.62109375 0.708984375 0.6276041671875 0.7080078125 0.6354166671875 0.7021484375 0.6354166671875 0.6767578125 0.6328125 0.6708984375 0.62109375 0.662109375
3 0.7369791671875 0.7373046875 0.7421875 0.7646484375 0.7526041671875 0.7822265625 0.765625 0.7841796875 0.765625 0.7587890625 0.7526041671875 0.7373046875 0.7434895828125 0.732421875 0.7369791671875 0.7373046875
3 0.6497395828125 0.728515625 0.6223958328125 0.7529296875 0.6145833328125 0.7724609375 0.6184895828125 0.775390625 0.625 0.7744140625 0.6536458328125 0.7490234375 0.6640625 0.7333984375 0.66015625 0.724609375 0.6497395828125 0.728515625