3 0.4791666671875 0.2685546875 0.4856770828125 0.2734375 0.4921875 0.2724609375 0.4947916671875 0.2236328125 0.4856770828125 0.220703125 0.4791666671875 0.2294921875 0.4791666671875 0.2685546875
3 0.4622395828125 0.162109375 0.4557291671875 0.1650390625 0.4557291671875 0.1689453125 0.4700520828125 0.177734375 0.5078125 0.1767578125 0.5130208328125 0.1728515625 0.5130208328125 0.1669921875 0.50390625 0.162109375 0.4622395828125 0.162109375
3 0.33203125 0.23828125 0.328125 0.2412109375 0.328125 0.2490234375 0.3385416671875 0.2607421875 0.35546875 0.275390625 0.3697916671875 0.2763671875 0.3671875 0.2666015625 0.3567708328125 0.2529296875 0.3424479171875 0.240234375 0.33203125 0.23828125
3 0.33984375 0.380859375 0.3346354171875 0.380859375 0.3333333328125 0.3935546875 0.34375 0.4091796875 0.36328125 0.42578125 0.375 0.4248046875 0.375 0.4169921875 0.3645833328125 0.4033203125 0.3515625 0.3896484375 0.33984375 0.380859375
3 0.4440104171875 0.41015625 0.4401041671875 0.4189453125 0.46875 0.4482421875 0.4791666671875 0.4521484375 0.4869791671875 0.4482421875 0.4869791671875 0.4404296875 0.4544270828125 0.41015625 0.4440104171875 0.41015625
3 0.26171875 0.4140625 0.2552083328125 0.4189453125 0.2552083328125 0.4228515625 0.2643229171875 0.427734375 0.30859375 0.439453125 0.3203125 0.4384765625 0.3203125 0.4326171875 0.3111979171875 0.423828125 0.2877604171875 0.416015625 0.26171875 0.4140625
3 0.4153645828125 0.314453125 0.4114583328125 0.3173828125 0.4127604171875 0.322265625 0.4309895828125 0.330078125 0.4596354171875 0.337890625 0.46875 0.3369140625 0.4739583328125 0.3310546875 0.4544270828125 0.3203125 0.4283854171875 0.314453125 0.4153645828125 0.314453125
3 0.20182291718749998 0.3828125 0.1927083328125 0.3916015625 0.1848958328125 0.4189453125 0.1848958328125 0.4306640625 0.1888020828125 0.43359375 0.1979166671875 0.4326171875 0.20572916718749998 0.4267578125 0.21354166718749998 0.3994140625 0.20833333281250002 0.3876953125 0.20182291718749998 0.3828125
3 0.23697916718749998 0.3212890625 0.24609375 0.330078125 0.2799479171875 0.337890625 0.296875 0.3369140625 0.296875 0.3291015625 0.2825520828125 0.3203125 0.25390625 0.314453125 0.23697916718749998 0.3212890625
3 0.1080729171875 0.265625 0.1041666671875 0.2705078125 0.1145833328125 0.2841796875 0.1471354171875 0.3125 0.1536458328125 0.3115234375 0.15625 0.2998046875 0.1484375 0.2900390625 0.12109375 0.267578125 0.1080729171875 0.265625
3 0.26953125 0.146484375 0.2578125 0.1494140625 0.2643229171875 0.16015625 0.28515625 0.16796875 0.3033854171875 0.171875 0.3229166671875 0.1708984375 0.328125 0.1689453125 0.328125 0.1650390625 0.3190104171875 0.158203125 0.26953125 0.146484375
3 0.24869791718749998 0.2265625 0.20963541718749998 0.240234375 0.1927083328125 0.2509765625 0.19921875 0.2578125 0.2109375 0.2568359375 0.2513020828125 0.244140625 0.2604166671875 0.2373046875 0.2604166671875 0.2294921875 0.24869791718749998 0.2265625
3 0.12109375 0.166015625 0.08984375 0.17578125 0.08333333281250001 0.1806640625 0.08072916718749999 0.1884765625 0.08463541718749999 0.19140625 0.1015625 0.1904296875 0.1471354171875 0.177734375 0.1510416671875 0.1708984375 0.14453125 0.166015625 0.12109375 0.166015625
3 0.5208333328125 0.5244140625 0.52734375 0.53515625 0.5364583328125 0.5341796875 0.5390625 0.4892578125 0.5325520828125 0.482421875 0.5234375 0.4892578125 0.5208333328125 0.5244140625
3 0.6927083328125 0.4716796875 0.6927083328125 0.4755859375 0.7018229171875 0.48046875 0.72265625 0.48828125 0.7395833328125 0.4892578125 0.7473958328125 0.4853515625 0.7434895828125 0.4765625 0.7044270828125 0.462890625 0.6927083328125 0.4716796875
3 0.5872395828125 0.45703125 0.5833333328125 0.4658203125 0.6067708328125 0.4912109375 0.6184895828125 0.498046875 0.6302083328125 0.4970703125 0.6302083328125 0.4853515625 0.6119791671875 0.4677734375 0.59765625 0.45703125 0.5872395828125 0.45703125
3 0.6940104171875 0.37109375 0.67578125 0.380859375 0.6692708328125 0.3857421875 0.6640625 0.3974609375 0.6770833328125 0.3974609375 0.7096354171875 0.380859375 0.7161458328125 0.3740234375 0.7044270828125 0.369140625 0.6940104171875 0.37109375
3 0.5846354171875 0.330078125 0.5859375 0.3447265625 0.6015625 0.3662109375 0.6080729171875 0.37109375 0.6171875 0.3701171875 0.6145833328125 0.3544921875 0.6015625 0.3369140625 0.5924479171875 0.330078125 0.5846354171875 0.330078125
3 0.69921875 0.228515625 0.6953125 0.2373046875 0.7005208328125 0.2451171875 0.71875 0.2666015625 0.72265625 0.26953125 0.7317708328125 0.2685546875 0.7317708328125 0.2529296875 0.7265625 0.2451171875 0.70703125 0.228515625 0.69921875 0.228515625
3 0.5807291671875 0.2568359375 0.5677083328125 0.2841796875 0.5677083328125 0.2939453125 0.578125 0.2958984375 0.5911458328125 0.2802734375 0.6015625 0.2587890625 0.5950520828125 0.244140625 0.5807291671875 0.2568359375
3 0.7096354171875 0.150390625 0.6901041671875 0.1650390625 0.6822916671875 0.1748046875 0.6822916671875 0.1826171875 0.6861979171875 0.185546875 0.6927083328125 0.1845703125 0.7317708328125 0.1552734375 0.7330729171875 0.146484375 0.7200520828125 0.146484375 0.7096354171875 0.150390625
3 0.5950520828125 0.16796875 0.5885416671875 0.1728515625 0.5950520828125 0.181640625 0.6341145828125 0.19140625 0.6510416671875 0.1904296875 0.6510416671875 0.1806640625 0.6393229171875 0.173828125 0.6158854171875 0.16796875 0.5950520828125 0.16796875
3 0.4231770828125 0.701171875 0.4166666671875 0.7099609375 0.4140625 0.7431640625 0.41796875 0.748046875 0.4270833328125 0.7470703125 0.4322916671875 0.7412109375 0.4348958328125 0.7099609375 0.4322916671875 0.7041015625 0.4231770828125 0.701171875
3 0.4622395828125 0.640625 0.4583333328125 0.6494140625 0.4713541671875 0.6669921875 0.4934895828125 0.685546875 0.5026041671875 0.6845703125 0.5052083328125 0.6767578125 0.4947916671875 0.6630859375 0.4752604171875 0.64453125 0.4622395828125 0.640625
3 0.5625 0.6142578125 0.5690104171875 0.62109375 0.6002604171875 0.634765625 0.6197916671875 0.6376953125 0.6223958328125 0.6337890625 0.60546875 0.62109375 0.5794270828125 0.611328125 0.5625 0.6142578125
3 0.6158854171875 0.529296875 0.6067708328125 0.5341796875 0.6041666671875 0.5458984375 0.6015625 0.5693359375 0.609375 0.5751953125 0.6197916671875 0.5712890625 0.625 0.5576171875 0.625 0.5380859375 0.6158854171875 0.529296875
3 0.6731770828125 0.65625 0.6692708328125 0.6630859375 0.6901041671875 0.6904296875 0.7044270828125 0.703125 0.7109375 0.7021484375 0.7109375 0.6884765625 0.7057291671875 0.6806640625 0.6875 0.6611328125 0.6731770828125 0.65625
3 0.7356770828125 0.578125 0.7265625 0.5830078125 0.7291666671875 0.6142578125 0.7408854171875 0.623046875 0.75 0.6240234375 0.7526041671875 0.6142578125 0.7473958328125 0.5908203125 0.7421875 0.5810546875 0.7356770828125 0.578125
3 0.109375 0.4404296875 0.1028645828125 0.439453125 0.09375 0.4482421875 0.09375 0.4638671875 0.1015625 0.4775390625 0.109375 0.4794921875 0.1197916671875 0.4736328125 0.1197916671875 0.4677734375 0.1145833328125 0.4482421875 0.109375 0.4404296875
3 0.21223958281250002 0.54296875 0.20572916718749998 0.5478515625 0.2109375 0.5615234375 0.23567708281250002 0.580078125 0.24739583281250002 0.5810546875 0.2526041671875 0.5771484375 0.2526041671875 0.5712890625 0.22265625 0.546875 0.21223958281250002 0.54296875
3 0.3138020828125 0.669921875 0.3203125 0.6611328125 0.2799479171875 0.640625 0.2643229171875 0.638671875 0.24479166718749998 0.6533203125 0.234375 0.6748046875 0.23177083281250002 0.7001953125 0.2421875 0.7001953125 0.2552083328125 0.6884765625 0.2643229171875 0.65625 0.2955729171875 0.669921875 0.3138020828125 0.669921875
3 0.3684895828125 0.533203125 0.359375 0.5380859375 0.3606770828125 0.54296875 0.37890625 0.548828125 0.4244791671875 0.5556640625 0.4322916671875 0.5517578125 0.41796875 0.541015625 0.3815104171875 0.533203125 0.3684895828125 0.533203125
3 0.296875 0.7431640625 0.30859375 0.75390625 0.3372395828125 0.763671875 0.359375 0.7666015625 0.3645833328125 0.7626953125 0.35546875 0.75390625 0.3138020828125 0.740234375 0.296875 0.7431640625
3 0.1184895828125 0.5546875 0.1171875 0.5615234375 0.1276041671875 0.5771484375 0.15234375 0.59375 0.1666666671875 0.5966796875 0.171875 0.5927734375 0.1666666671875 0.5810546875 0.12890625 0.5546875 0.1184895828125 0.5546875
3 0.14453125 0.6484375 0.1354166671875 0.6513671875 0.1119791671875 0.6884765625 0.1119791671875 0.6982421875 0.125 0.6982421875 0.1354166671875 0.6904296875 0.1484375 0.6728515625 0.1510416671875 0.6552734375 0.14453125 0.6484375
3 0.1705729171875 0.73828125 0.1575520828125 0.744140625 0.125 0.7685546875 0.1223958328125 0.7763671875 0.1263020828125 0.78125 0.1328125 0.7802734375 0.14453125 0.775390625 0.1848958328125 0.7470703125 0.18359375 0.73828125 0.1705729171875 0.73828125
3 0.6432291671875 0.7197265625 0.63671875 0.716796875 0.6302083328125 0.7236328125 0.6302083328125 0.7333984375 0.6380208328125 0.7470703125 0.6380208328125 0.7548828125 0.6471354171875 0.763671875 0.6536458328125 0.7626953125 0.65625 0.7529296875 0.6510416671875 0.7451171875 0.6510416671875 0.7353515625 0.6432291671875 0.7197265625
3 0.5559895828125 0.736328125 0.5286458328125 0.7568359375 0.5286458328125 0.7724609375 0.5390625 0.7724609375 0.5677083328125 0.7490234375 0.5729166671875 0.7412109375 0.5690104171875 0.734375 0.5559895828125 0.736328125
3 0.3841145828125 0.77734375 0.375 0.7822265625 0.375 0.7861328125 0.38671875 0.79296875 0.41796875 0.796875 0.4348958328125 0.7958984375 0.4479166671875 0.7919921875 0.44140625 0.783203125 0.3919270828125 0.77734375 0.3841145828125 0.77734375