3 0.33203125 0.294921875 0.3268229171875 0.294921875 0.3151041671875 0.3056640625 0.296875 0.3349609375 0.296875 0.3427734375 0.30078125 0.345703125 0.3072916671875 0.3447265625 0.3255208328125 0.3271484375 0.3359375 0.3095703125 0.3359375 0.2978515625 0.33203125 0.294921875
3 0.4049479171875 0.306640625 0.3815104171875 0.318359375 0.3671875 0.3291015625 0.3645833328125 0.3349609375 0.3684895828125 0.341796875 0.3776041671875 0.3408203125 0.4153645828125 0.3203125 0.4270833328125 0.3095703125 0.4231770828125 0.306640625 0.4049479171875 0.306640625
3 0.3606770828125 0.24609375 0.3541666671875 0.2568359375 0.3580729171875 0.259765625 0.3723958328125 0.2587890625 0.4075520828125 0.24609375 0.4114583328125 0.2373046875 0.3971354171875 0.234375 0.3606770828125 0.24609375
3 0.7252604171875 0.154296875 0.7213541671875 0.1572265625 0.7213541671875 0.1669921875 0.734375 0.1904296875 0.7408854171875 0.197265625 0.75 0.1962890625 0.7526041671875 0.1787109375 0.7395833328125 0.1591796875 0.7330729171875 0.154296875 0.7252604171875 0.154296875
3 0.5950520828125 0.275390625 0.5911458328125 0.2783203125 0.5911458328125 0.3115234375 0.59375 0.3251953125 0.6015625 0.3251953125 0.6119791671875 0.3154296875 0.6119791671875 0.2880859375 0.6067708328125 0.2783203125 0.5950520828125 0.275390625
3 0.6263020828125 0.169921875 0.6171875 0.1748046875 0.62890625 0.185546875 0.6549479171875 0.19921875 0.6692708328125 0.2001953125 0.6692708328125 0.1884765625 0.65234375 0.17578125 0.63671875 0.169921875 0.6263020828125 0.169921875
3 0.1393229171875 0.23828125 0.1354166671875 0.2412109375 0.1380208328125 0.2626953125 0.1484375 0.2841796875 0.1549479171875 0.2890625 0.1614583328125 0.2880859375 0.1640625 0.2744140625 0.15625 0.2490234375 0.1471354171875 0.23828125 0.1393229171875 0.23828125
3 0.1901041671875 0.2001953125 0.20182291718749998 0.2109375 0.23567708281250002 0.2265625 0.2526041671875 0.2294921875 0.2526041671875 0.2177734375 0.23307291718749998 0.205078125 0.20442708281250002 0.1953125 0.1901041671875 0.2001953125
3 0.3919270828125 0.166015625 0.34375 0.1767578125 0.3411458328125 0.1806640625 0.3450520828125 0.185546875 0.3580729171875 0.189453125 0.3671875 0.1884765625 0.39453125 0.18359375 0.4010416671875 0.1787109375 0.4010416671875 0.1708984375 0.3919270828125 0.166015625
3 0.48046875 0.16796875 0.4544270828125 0.16796875 0.4505208328125 0.1708984375 0.4505208328125 0.1767578125 0.46484375 0.18359375 0.515625 0.1845703125 0.5208333328125 0.1826171875 0.5208333328125 0.1748046875 0.5169270828125 0.171875 0.48046875 0.16796875
3 0.4583333328125 0.2919921875 0.4583333328125 0.2978515625 0.46484375 0.302734375 0.5013020828125 0.32421875 0.5104166671875 0.3232421875 0.5130208328125 0.3115234375 0.4986979171875 0.30078125 0.4674479171875 0.287109375 0.4583333328125 0.2919921875
3 0.6419270828125 0.203125 0.6328125 0.2119140625 0.625 0.2412109375 0.625 0.2607421875 0.6328125 0.2607421875 0.6432291671875 0.2509765625 0.6510416671875 0.2236328125 0.6510416671875 0.2138671875 0.6419270828125 0.203125
3 0.5299479171875 0.158203125 0.5260416671875 0.1669921875 0.546875 0.1982421875 0.5559895828125 0.205078125 0.5651041671875 0.2041015625 0.5677083328125 0.1904296875 0.5598958328125 0.1767578125 0.54296875 0.16015625 0.5299479171875 0.158203125
3 0.125 0.1650390625 0.1302083328125 0.1748046875 0.1536458328125 0.2001953125 0.1627604171875 0.205078125 0.1666666671875 0.2041015625 0.1666666671875 0.1826171875 0.1419270828125 0.16015625 0.12890625 0.16015625 0.125 0.1650390625
3 0.4088541671875 0.3857421875 0.4036458328125 0.4052734375 0.4036458328125 0.4189453125 0.4075520828125 0.421875 0.4166666671875 0.4208984375 0.4296875 0.3857421875 0.42578125 0.37890625 0.41796875 0.37890625 0.4088541671875 0.3857421875
3 0.72265625 0.44140625 0.6927083328125 0.4658203125 0.6927083328125 0.4697265625 0.7018229171875 0.4765625 0.7083333328125 0.4755859375 0.734375 0.4541015625 0.7369791671875 0.4443359375 0.73046875 0.439453125 0.72265625 0.44140625
3 0.625 0.3623046875 0.6276041671875 0.3955078125 0.6302083328125 0.4033203125 0.63671875 0.408203125 0.6458333328125 0.4072265625 0.6458333328125 0.3662109375 0.63671875 0.35546875 0.62890625 0.35546875 0.625 0.3623046875
3 0.7356770828125 0.34375 0.7317708328125 0.3466796875 0.7317708328125 0.3623046875 0.7369791671875 0.3837890625 0.7421875 0.3935546875 0.74609375 0.396484375 0.7526041671875 0.3955078125 0.7578125 0.3857421875 0.7552083328125 0.3662109375 0.7473958328125 0.3466796875 0.7356770828125 0.34375
3 0.36328125 0.501953125 0.3645833328125 0.5126953125 0.3828125 0.5419921875 0.3919270828125 0.548828125 0.3984375 0.5478515625 0.4010416671875 0.5361328125 0.3854166671875 0.5126953125 0.37109375 0.501953125 0.36328125 0.501953125
3 0.3294270828125 0.52734375 0.3255208328125 0.5302734375 0.3255208328125 0.5458984375 0.3385416671875 0.5693359375 0.3502604171875 0.578125 0.3541666671875 0.5771484375 0.3567708328125 0.5673828125 0.3489583328125 0.5458984375 0.3411458328125 0.5322265625 0.3294270828125 0.52734375
3 0.2265625 0.4248046875 0.23177083281250002 0.4345703125 0.2513020828125 0.443359375 0.26953125 0.447265625 0.2864583328125 0.4462890625 0.2942708328125 0.4404296875 0.2825520828125 0.43359375 0.24348958281250002 0.423828125 0.2265625 0.4248046875
3 0.2591145828125 0.490234375 0.22786458281250002 0.490234375 0.22395833281250002 0.4931640625 0.22395833281250002 0.4990234375 0.23307291718749998 0.50390625 0.2643229171875 0.5078125 0.28125 0.5068359375 0.2916666671875 0.5029296875 0.2916666671875 0.4990234375 0.2825520828125 0.494140625 0.2591145828125 0.490234375
3 0.12890625 0.380859375 0.1223958328125 0.3837890625 0.125 0.3916015625 0.14453125 0.404296875 0.1731770828125 0.419921875 0.1796875 0.4189453125 0.1822916671875 0.4130859375 0.16796875 0.3984375 0.1419270828125 0.3828125 0.12890625 0.380859375
3 0.6145833328125 0.5400390625 0.6145833328125 0.5498046875 0.6276041671875 0.5498046875 0.6432291671875 0.5224609375 0.63671875 0.5078125 0.625 0.5107421875 0.6145833328125 0.5400390625
3 0.53515625 0.583984375 0.5260416671875 0.5869140625 0.56640625 0.615234375 0.5833333328125 0.6162109375 0.5859375 0.6123046875 0.5807291671875 0.6044921875 0.55859375 0.58984375 0.53515625 0.583984375
3 0.55859375 0.462890625 0.55078125 0.462890625 0.5442708328125 0.4677734375 0.5338541671875 0.4833984375 0.5260416671875 0.5068359375 0.5299479171875 0.509765625 0.5364583328125 0.5087890625 0.5494791671875 0.5009765625 0.5598958328125 0.4833984375 0.5625 0.4658203125 0.55859375 0.462890625
3 0.7083333328125 0.6806640625 0.7083333328125 0.6845703125 0.72265625 0.69140625 0.7630208328125 0.6904296875 0.7734375 0.6865234375 0.7669270828125 0.677734375 0.71484375 0.677734375 0.7083333328125 0.6806640625
3 0.7356770828125 0.5703125 0.7317708328125 0.5791015625 0.7578125 0.6103515625 0.7669270828125 0.6171875 0.7734375 0.6162109375 0.7734375 0.6005859375 0.765625 0.5888671875 0.7513020828125 0.57421875 0.7356770828125 0.5703125
3 0.70703125 0.728515625 0.703125 0.7333984375 0.703125 0.7646484375 0.7109375 0.7802734375 0.71484375 0.783203125 0.7213541671875 0.7822265625 0.7265625 0.7763671875 0.7239583328125 0.7392578125 0.7122395828125 0.728515625 0.70703125 0.728515625
3 0.6067708328125 0.6767578125 0.6197916671875 0.6982421875 0.6263020828125 0.705078125 0.6354166671875 0.7041015625 0.6380208328125 0.6923828125 0.625 0.6689453125 0.60546875 0.6640625 0.6067708328125 0.6767578125
3 0.48046875 0.7421875 0.4765625 0.7451171875 0.4765625 0.7529296875 0.4817708328125 0.7685546875 0.4895833328125 0.7841796875 0.4934895828125 0.787109375 0.5 0.7861328125 0.5052083328125 0.7783203125 0.4973958328125 0.7548828125 0.4921875 0.7470703125 0.48046875 0.7421875
3 0.51171875 0.654296875 0.4830729171875 0.66015625 0.4713541671875 0.6669921875 0.4661458328125 0.6748046875 0.4700520828125 0.6796875 0.4765625 0.6787109375 0.5143229171875 0.66796875 0.5260416671875 0.6591796875 0.51953125 0.654296875 0.51171875 0.654296875
3 0.37890625 0.6875 0.375 0.6904296875 0.3815104171875 0.69921875 0.4231770828125 0.71484375 0.4322916671875 0.7138671875 0.4348958328125 0.7060546875 0.4231770828125 0.697265625 0.39453125 0.6875 0.37890625 0.6875
3 0.5364583328125 0.7314453125 0.54296875 0.740234375 0.5611979171875 0.74609375 0.5924479171875 0.751953125 0.609375 0.7509765625 0.609375 0.7431640625 0.59765625 0.736328125 0.5455729171875 0.7265625 0.5364583328125 0.7314453125
3 0.1731770828125 0.576171875 0.1640625 0.5771484375 0.1484375 0.6123046875 0.1549479171875 0.62109375 0.1640625 0.6201171875 0.171875 0.6103515625 0.1796875 0.5888671875 0.1796875 0.5830078125 0.1731770828125 0.576171875
3 0.2513020828125 0.603515625 0.2421875 0.6123046875 0.2421875 0.6318359375 0.2526041671875 0.6474609375 0.2604166671875 0.6494140625 0.265625 0.6435546875 0.2630208328125 0.6083984375 0.2591145828125 0.603515625 0.2513020828125 0.603515625
3 0.1184895828125 0.7265625 0.1171875 0.7412109375 0.1276041671875 0.7626953125 0.1276041671875 0.7705078125 0.1341145828125 0.77734375 0.1432291671875 0.7763671875 0.1458333328125 0.7548828125 0.140625 0.7392578125 0.1263020828125 0.7265625 0.1184895828125 0.7265625
3 0.20963541718749998 0.66796875 0.20442708281250002 0.66796875 0.1979166671875 0.6728515625 0.1979166671875 0.6787109375 0.21875 0.7138671875 0.22786458281250002 0.720703125 0.23177083281250002 0.7197265625 0.23697916718749998 0.7080078125 0.234375 0.6982421875 0.21875 0.6748046875 0.20963541718749998 0.66796875
3 0.3229166671875 0.6533203125 0.3255208328125 0.6630859375 0.3333333328125 0.6650390625 0.3567708328125 0.6416015625 0.3502604171875 0.626953125 0.3359375 0.6357421875 0.3229166671875 0.6533203125
3 0.2981770828125 0.720703125 0.2864583328125 0.7197265625 0.2864583328125 0.7314453125 0.3033854171875 0.744140625 0.3190104171875 0.75 0.328125 0.7490234375 0.3385416671875 0.7470703125 0.3385416671875 0.7431640625 0.3294270828125 0.736328125 0.2981770828125 0.720703125