3 0.2552083328125 0.1630859375 0.2591145828125 0.169921875 0.3203125 0.1748046875 0.328125 0.1708984375 0.3138020828125 0.16015625 0.26171875 0.158203125 0.2552083328125 0.1630859375
3 0.1940104171875 0.328125 0.1666666671875 0.3486328125 0.1614583328125 0.3603515625 0.1744791671875 0.3603515625 0.21354166718749998 0.3330078125 0.21354166718749998 0.3251953125 0.20963541718749998 0.322265625 0.1940104171875 0.328125
3 0.2877604171875 0.2109375 0.2734375 0.2197265625 0.2604166671875 0.2392578125 0.2552083328125 0.2587890625 0.2630208328125 0.2607421875 0.2734375 0.2529296875 0.2890625 0.2314453125 0.2916666671875 0.2138671875 0.2877604171875 0.2109375
3 0.4700520828125 0.15234375 0.4544270828125 0.15234375 0.4192708328125 0.1611328125 0.4231770828125 0.169921875 0.4401041671875 0.1708984375 0.4674479171875 0.16796875 0.4765625 0.1630859375 0.4765625 0.1572265625 0.4700520828125 0.15234375
3 0.4544270828125 0.416015625 0.453125 0.4228515625 0.4830729171875 0.4453125 0.49609375 0.453125 0.5 0.4521484375 0.5052083328125 0.4482421875 0.5052083328125 0.4404296875 0.4700520828125 0.416015625 0.4544270828125 0.416015625
3 0.4453125 0.3134765625 0.4453125 0.3193359375 0.4700520828125 0.3359375 0.4830729171875 0.341796875 0.4947916671875 0.3427734375 0.4973958328125 0.3388671875 0.48828125 0.326171875 0.4544270828125 0.310546875 0.4453125 0.3134765625
3 0.62109375 0.267578125 0.6197916671875 0.2763671875 0.625 0.2822265625 0.66015625 0.310546875 0.6666666671875 0.3095703125 0.6666666671875 0.2939453125 0.65625 0.2822265625 0.6341145828125 0.267578125 0.62109375 0.267578125
3 0.73046875 0.259765625 0.7057291671875 0.2802734375 0.6979166671875 0.2900390625 0.6979166671875 0.2978515625 0.7083333328125 0.2998046875 0.7395833328125 0.2763671875 0.75 0.2626953125 0.7486979171875 0.255859375 0.73046875 0.259765625
3 0.703125 0.1708984375 0.6927083328125 0.1845703125 0.6927083328125 0.1962890625 0.6966145828125 0.19921875 0.703125 0.1982421875 0.7317708328125 0.1669921875 0.7278645828125 0.158203125 0.7174479171875 0.16015625 0.703125 0.1708984375
3 0.4973958328125 0.1708984375 0.5 0.1982421875 0.5026041671875 0.2080078125 0.51171875 0.212890625 0.5182291671875 0.2119140625 0.5182291671875 0.1748046875 0.5130208328125 0.1611328125 0.5065104171875 0.16015625 0.4973958328125 0.1708984375
3 0.5963541671875 0.1748046875 0.5963541671875 0.1787109375 0.60546875 0.18359375 0.6471354171875 0.193359375 0.6614583328125 0.1923828125 0.6614583328125 0.1845703125 0.64453125 0.173828125 0.6028645828125 0.169921875 0.5963541671875 0.1748046875
3 0.13671875 0.23828125 0.109375 0.2587890625 0.1041666671875 0.2666015625 0.1106770828125 0.271484375 0.1223958328125 0.2705078125 0.1536458328125 0.2509765625 0.1588541671875 0.2373046875 0.1549479171875 0.232421875 0.13671875 0.23828125
3 0.13671875 0.16796875 0.1002604171875 0.177734375 0.09114583281250001 0.1845703125 0.09114583281250001 0.1923828125 0.1041666671875 0.1943359375 0.1575520828125 0.1796875 0.1588541671875 0.1728515625 0.1549479171875 0.169921875 0.13671875 0.16796875
3 0.5520833328125 0.3095703125 0.5546875 0.3173828125 0.5768229171875 0.333984375 0.58984375 0.33984375 0.5963541671875 0.3388671875 0.5989583328125 0.3310546875 0.56640625 0.3046875 0.55859375 0.3046875 0.5520833328125 0.3095703125
3 0.7096354171875 0.46484375 0.703125 0.4716796875 0.7096354171875 0.48046875 0.7330729171875 0.490234375 0.7552083328125 0.4892578125 0.7578125 0.4814453125 0.75390625 0.478515625 0.7200520828125 0.46484375 0.7096354171875 0.46484375
3 0.4361979171875 0.50390625 0.4231770828125 0.50390625 0.39453125 0.509765625 0.3776041671875 0.5205078125 0.3815104171875 0.52734375 0.3932291671875 0.5263671875 0.4361979171875 0.517578125 0.4466145828125 0.513671875 0.4479166671875 0.5087890625 0.4361979171875 0.50390625
3 0.59765625 0.458984375 0.59375 0.4619140625 0.59375 0.4697265625 0.6067708328125 0.4833984375 0.6263020828125 0.498046875 0.640625 0.4990234375 0.640625 0.4873046875 0.6223958328125 0.4697265625 0.6080729171875 0.458984375 0.59765625 0.458984375
3 0.69140625 0.359375 0.6875 0.3642578125 0.6875 0.3935546875 0.6901041671875 0.4033203125 0.7005208328125 0.4033203125 0.7083333328125 0.3935546875 0.7083333328125 0.3701171875 0.69921875 0.359375 0.69140625 0.359375
3 0.6171875 0.4033203125 0.6236979171875 0.408203125 0.6328125 0.4072265625 0.6354166671875 0.3642578125 0.6236979171875 0.35546875 0.6171875 0.3623046875 0.6171875 0.4033203125
3 0.1184895828125 0.44140625 0.11328125 0.44140625 0.1015625 0.4521484375 0.1015625 0.4580078125 0.1119791671875 0.4814453125 0.1197916671875 0.4833984375 0.1302083328125 0.4755859375 0.1302083328125 0.4716796875 0.1223958328125 0.4462890625 0.1184895828125 0.44140625
3 0.23046875 0.44140625 0.21223958281250002 0.451171875 0.1822916671875 0.4736328125 0.1888020828125 0.478515625 0.1979166671875 0.4775390625 0.20703125 0.474609375 0.23697916718749998 0.4541015625 0.23828125 0.44140625 0.23046875 0.44140625
3 0.1549479171875 0.65234375 0.1458333328125 0.6552734375 0.125 0.6904296875 0.1223958328125 0.6982421875 0.1263020828125 0.701171875 0.1328125 0.7001953125 0.1432291671875 0.6943359375 0.1588541671875 0.6728515625 0.1614583328125 0.6591796875 0.1549479171875 0.65234375
3 0.1653645828125 0.5546875 0.1536458328125 0.5576171875 0.1484375 0.5693359375 0.140625 0.6005859375 0.140625 0.6044921875 0.1484375 0.6083984375 0.1640625 0.5947265625 0.1666666671875 0.5869140625 0.1692708328125 0.5595703125 0.1653645828125 0.5546875
3 0.1315104171875 0.767578125 0.1223958328125 0.7744140625 0.1171875 0.7939453125 0.1171875 0.8134765625 0.125 0.8154296875 0.1328125 0.8095703125 0.1380208328125 0.7880859375 0.1380208328125 0.7744140625 0.1315104171875 0.767578125
3 0.22135416718749998 0.7294921875 0.2109375 0.7509765625 0.21614583281250002 0.7666015625 0.22395833281250002 0.7685546875 0.234375 0.7490234375 0.23828125 0.72265625 0.23046875 0.72265625 0.22135416718749998 0.7294921875
3 0.4674479171875 0.60546875 0.4635416671875 0.6123046875 0.4713541671875 0.6240234375 0.4921875 0.6474609375 0.5052083328125 0.6494140625 0.5052083328125 0.6337890625 0.4895833328125 0.6162109375 0.4778645828125 0.607421875 0.4674479171875 0.60546875
3 0.40625 0.6884765625 0.40625 0.6962890625 0.42578125 0.712890625 0.4388020828125 0.71875 0.4583333328125 0.7197265625 0.4609375 0.7119140625 0.4205729171875 0.685546875 0.41015625 0.685546875 0.40625 0.6884765625
3 0.5104166671875 0.7119140625 0.5234375 0.7392578125 0.5403645828125 0.75390625 0.5494791671875 0.7529296875 0.5494791671875 0.7412109375 0.53125 0.7099609375 0.5143229171875 0.703125 0.5104166671875 0.7119140625
3 0.5768229171875 0.61328125 0.5729166671875 0.6162109375 0.5768229171875 0.623046875 0.6028645828125 0.634765625 0.6184895828125 0.640625 0.6354166671875 0.6396484375 0.6302083328125 0.6298828125 0.6158854171875 0.62109375 0.5950520828125 0.61328125 0.5768229171875 0.61328125
3 0.62109375 0.53125 0.6145833328125 0.5439453125 0.6119791671875 0.5732421875 0.6158854171875 0.576171875 0.625 0.5751953125 0.6354166671875 0.5595703125 0.6354166671875 0.5380859375 0.6315104171875 0.533203125 0.62109375 0.53125
3 0.68359375 0.658203125 0.6796875 0.6650390625 0.7005208328125 0.6923828125 0.7122395828125 0.703125 0.7213541671875 0.7021484375 0.7213541671875 0.6904296875 0.7057291671875 0.6689453125 0.6940104171875 0.658203125 0.68359375 0.658203125
3 0.7434895828125 0.580078125 0.7369791671875 0.5849609375 0.734375 0.5927734375 0.7395833328125 0.6123046875 0.7434895828125 0.619140625 0.7565104171875 0.625 0.7604166671875 0.6240234375 0.7630208328125 0.6142578125 0.7552083328125 0.5869140625 0.7486979171875 0.580078125 0.7434895828125 0.580078125
3 0.5989583328125 0.7646484375 0.6041666671875 0.7802734375 0.6106770828125 0.78515625 0.6197916671875 0.7841796875 0.6171875 0.7470703125 0.6080729171875 0.740234375 0.6015625 0.7451171875 0.5989583328125 0.7646484375
3 0.7135416671875 0.7490234375 0.7135416671875 0.7548828125 0.7213541671875 0.7744140625 0.7330729171875 0.7890625 0.7421875 0.7880859375 0.7421875 0.7763671875 0.7317708328125 0.7509765625 0.7200520828125 0.7421875 0.7135416671875 0.7490234375
3 0.2630208328125 0.3642578125 0.26953125 0.373046875 0.30859375 0.3828125 0.3229166671875 0.3818359375 0.3229166671875 0.3740234375 0.30859375 0.365234375 0.28515625 0.359375 0.2630208328125 0.3642578125
3 0.3815104171875 0.283203125 0.3658854171875 0.283203125 0.3229166671875 0.2998046875 0.3229166671875 0.3056640625 0.3294270828125 0.30859375 0.3489583328125 0.3076171875 0.37890625 0.298828125 0.3854166671875 0.2939453125 0.3854166671875 0.2861328125 0.3815104171875 0.283203125
3 0.2864583328125 0.6279296875 0.2864583328125 0.6357421875 0.2903645828125 0.638671875 0.3385416671875 0.6416015625 0.3463541671875 0.6357421875 0.3346354171875 0.626953125 0.29296875 0.625 0.2864583328125 0.6279296875
3 0.3203125 0.5185546875 0.296875 0.5537109375 0.2981770828125 0.560546875 0.3098958328125 0.5595703125 0.3203125 0.5537109375 0.3333333328125 0.5341796875 0.33203125 0.515625 0.3203125 0.5185546875
3 0.3424479171875 0.744140625 0.3333333328125 0.7568359375 0.3333333328125 0.7900390625 0.3359375 0.7978515625 0.3424479171875 0.802734375 0.3489583328125 0.8017578125 0.3541666671875 0.7900390625 0.3541666671875 0.7509765625 0.3502604171875 0.744140625 0.3424479171875 0.744140625
3 0.3658854171875 0.6875 0.3268229171875 0.6875 0.3138020828125 0.689453125 0.3020833328125 0.6962890625 0.3059895828125 0.705078125 0.34375 0.7041015625 0.37109375 0.703125 0.3802083328125 0.6982421875 0.3802083328125 0.6943359375 0.3658854171875 0.6875