3 0.24869791718749998 0.14453125 0.22526041718749998 0.15234375 0.1979166671875 0.1689453125 0.20182291718749998 0.17578125 0.21354166718749998 0.1767578125 0.23046875 0.171875 0.2526041671875 0.1572265625 0.2552083328125 0.1513671875 0.24869791718749998 0.14453125
3 0.21484375 0.2109375 0.1809895828125 0.2109375 0.1588541671875 0.2177734375 0.1588541671875 0.2236328125 0.1653645828125 0.2265625 0.22135416718749998 0.2255859375 0.22786458281250002 0.224609375 0.23177083281250002 0.2177734375 0.22526041718749998 0.212890625 0.21484375 0.2109375
3 0.1861979171875 0.318359375 0.1705729171875 0.318359375 0.1393229171875 0.322265625 0.1276041671875 0.3310546875 0.1276041671875 0.3349609375 0.1341145828125 0.337890625 0.1510416671875 0.3369140625 0.19140625 0.333984375 0.20052083281250002 0.3291015625 0.20052083281250002 0.3251953125 0.1861979171875 0.318359375
3 0.1341145828125 0.240234375 0.12109375 0.240234375 0.1171875 0.2431640625 0.1197916671875 0.2509765625 0.1497395828125 0.26953125 0.16796875 0.27734375 0.1770833328125 0.2763671875 0.1796875 0.2724609375 0.1744791671875 0.2646484375 0.16015625 0.25390625 0.1341145828125 0.240234375
3 0.68359375 0.1328125 0.6822916671875 0.1416015625 0.7057291671875 0.1689453125 0.7161458328125 0.1689453125 0.7265625 0.1611328125 0.7109375 0.1416015625 0.69921875 0.1328125 0.68359375 0.1328125
3 0.6015625 0.1376953125 0.5833333328125 0.1650390625 0.5833333328125 0.1787109375 0.5872395828125 0.181640625 0.59375 0.1806640625 0.6171875 0.1494140625 0.6197916671875 0.1357421875 0.6158854171875 0.1328125 0.6015625 0.1376953125
3 0.31640625 0.212890625 0.3098958328125 0.2216796875 0.3072916671875 0.2587890625 0.3138020828125 0.267578125 0.3229166671875 0.2666015625 0.328125 0.2587890625 0.328125 0.2236328125 0.3255208328125 0.2177734375 0.31640625 0.212890625
3 0.3971354171875 0.140625 0.3932291671875 0.1435546875 0.3932291671875 0.1494140625 0.4153645828125 0.162109375 0.4361979171875 0.16796875 0.4583333328125 0.1669921875 0.4609375 0.1630859375 0.4544270828125 0.15625 0.41015625 0.142578125 0.3971354171875 0.140625
3 0.3736979171875 0.2578125 0.3489583328125 0.2783203125 0.3463541671875 0.2939453125 0.3567708328125 0.2939453125 0.3854166671875 0.2724609375 0.390625 0.2666015625 0.3893229171875 0.2578125 0.3736979171875 0.2578125
3 0.4986979171875 0.345703125 0.4856770828125 0.345703125 0.4817708328125 0.3486328125 0.484375 0.3564453125 0.4934895828125 0.361328125 0.5338541671875 0.3662109375 0.5390625 0.3642578125 0.5390625 0.3583984375 0.5299479171875 0.353515625 0.4986979171875 0.345703125
3 0.5078125 0.2744140625 0.5078125 0.2802734375 0.54296875 0.302734375 0.5677083328125 0.3037109375 0.5703125 0.2998046875 0.5533854171875 0.2890625 0.5169270828125 0.2734375 0.5078125 0.2744140625
3 0.5403645828125 0.1640625 0.5325520828125 0.162109375 0.5260416671875 0.1650390625 0.5260416671875 0.1728515625 0.5390625 0.2060546875 0.5455729171875 0.212890625 0.5546875 0.2119140625 0.5598958328125 0.2021484375 0.5572916671875 0.1904296875 0.546875 0.1708984375 0.5403645828125 0.1640625
3 0.1315104171875 0.572265625 0.12109375 0.572265625 0.1171875 0.5751953125 0.1263020828125 0.58984375 0.1497395828125 0.599609375 0.1653645828125 0.603515625 0.1744791671875 0.6025390625 0.1796875 0.6005859375 0.1796875 0.5927734375 0.1731770828125 0.587890625 0.1315104171875 0.572265625
3 0.13671875 0.49609375 0.125 0.5009765625 0.1341145828125 0.5078125 0.1953125 0.5146484375 0.203125 0.5087890625 0.19140625 0.501953125 0.1575520828125 0.49609375 0.13671875 0.49609375
3 0.21614583281250002 0.4404296875 0.21875 0.4482421875 0.23567708281250002 0.45703125 0.26953125 0.46875 0.28125 0.4677734375 0.28125 0.4599609375 0.2565104171875 0.447265625 0.23307291718749998 0.439453125 0.21614583281250002 0.4404296875
3 0.2265625 0.3662109375 0.24088541718749998 0.3828125 0.2747395828125 0.39453125 0.2890625 0.3935546875 0.2942708328125 0.3857421875 0.28515625 0.37890625 0.23307291718749998 0.36328125 0.2265625 0.3662109375
3 0.2760416671875 0.5732421875 0.28125 0.5849609375 0.2877604171875 0.58984375 0.2916666671875 0.5888671875 0.2916666671875 0.5400390625 0.2825520828125 0.533203125 0.2760416671875 0.5419921875 0.2760416671875 0.5732421875
3 0.1653645828125 0.7109375 0.1588541671875 0.7158203125 0.1614583328125 0.7333984375 0.1783854171875 0.751953125 0.1927083328125 0.7529296875 0.1927083328125 0.7451171875 0.1822916671875 0.7255859375 0.1744791671875 0.7138671875 0.1653645828125 0.7109375
3 0.3190104171875 0.6015625 0.30078125 0.6015625 0.26171875 0.60546875 0.25 0.6103515625 0.2565104171875 0.6171875 0.2760416671875 0.6181640625 0.3059895828125 0.6171875 0.3216145828125 0.611328125 0.3255208328125 0.6064453125 0.3190104171875 0.6015625
3 0.22916666718749998 0.7080078125 0.23828125 0.716796875 0.2526041671875 0.7158203125 0.24479166718749998 0.6748046875 0.23307291718749998 0.666015625 0.22395833281250002 0.6748046875 0.22916666718749998 0.7080078125
3 0.5169270828125 0.767578125 0.5026041671875 0.7744140625 0.5026041671875 0.7802734375 0.5091145828125 0.783203125 0.5572916671875 0.7822265625 0.5625 0.7802734375 0.5625 0.7763671875 0.55078125 0.767578125 0.5169270828125 0.767578125
3 0.6901041671875 0.6904296875 0.6901041671875 0.6982421875 0.7122395828125 0.708984375 0.7330729171875 0.716796875 0.7447916671875 0.7158203125 0.7447916671875 0.7099609375 0.7330729171875 0.69921875 0.70703125 0.689453125 0.6901041671875 0.6904296875
3 0.3815104171875 0.685546875 0.3424479171875 0.697265625 0.3307291671875 0.7080078125 0.3307291671875 0.7119140625 0.3385416671875 0.7138671875 0.35546875 0.7109375 0.3919270828125 0.697265625 0.3958333328125 0.6884765625 0.3815104171875 0.685546875
3 0.4674479171875 0.708984375 0.4453125 0.7177734375 0.4453125 0.7216796875 0.4544270828125 0.7265625 0.5026041671875 0.7275390625 0.5091145828125 0.7265625 0.5130208328125 0.7197265625 0.4986979171875 0.7109375 0.4674479171875 0.708984375
3 0.6236979171875 0.7421875 0.6197916671875 0.7451171875 0.6197916671875 0.7529296875 0.62890625 0.759765625 0.6653645828125 0.775390625 0.6744791671875 0.7744140625 0.6770833328125 0.7685546875 0.66796875 0.7578125 0.6419270828125 0.744140625 0.6236979171875 0.7421875
3 0.6614583328125 0.5283203125 0.6614583328125 0.5322265625 0.6809895828125 0.544921875 0.69921875 0.55078125 0.7135416671875 0.5517578125 0.7213541671875 0.5478515625 0.71484375 0.541015625 0.6731770828125 0.52734375 0.6614583328125 0.5283203125
3 0.58984375 0.63671875 0.5638020828125 0.63671875 0.5598958328125 0.6396484375 0.5716145828125 0.6484375 0.6223958328125 0.6572265625 0.6276041671875 0.6552734375 0.6276041671875 0.6513671875 0.6080729171875 0.640625 0.58984375 0.63671875
3 0.44921875 0.56640625 0.4453125 0.5693359375 0.4479166671875 0.5751953125 0.48828125 0.6015625 0.5 0.6025390625 0.4973958328125 0.5869140625 0.4830729171875 0.576171875 0.4622395828125 0.56640625 0.44921875 0.56640625
3 0.5924479171875 0.541015625 0.58203125 0.541015625 0.5729166671875 0.5478515625 0.5572916671875 0.5693359375 0.5546875 0.5830078125 0.55859375 0.5859375 0.5651041671875 0.5849609375 0.578125 0.5771484375 0.5963541671875 0.5537109375 0.5963541671875 0.5439453125 0.5924479171875 0.541015625
3 0.3736979171875 0.607421875 0.3697916671875 0.6103515625 0.3697916671875 0.6142578125 0.37890625 0.62109375 0.3997395828125 0.630859375 0.42578125 0.638671875 0.4348958328125 0.6376953125 0.4348958328125 0.6318359375 0.42578125 0.62109375 0.3893229171875 0.607421875 0.3736979171875 0.607421875
3 0.44921875 0.455078125 0.4401041671875 0.4638671875 0.4401041671875 0.4677734375 0.4453125 0.4697265625 0.4830729171875 0.4609375 0.4869791671875 0.4501953125 0.4778645828125 0.447265625 0.44921875 0.455078125
3 0.6458333328125 0.4423828125 0.6223958328125 0.4755859375 0.6223958328125 0.4814453125 0.6302083328125 0.4833984375 0.6432291671875 0.4755859375 0.6614583328125 0.4482421875 0.6575520828125 0.4375 0.6458333328125 0.4423828125
3 0.6809895828125 0.259765625 0.6770833328125 0.2666015625 0.6796875 0.2841796875 0.6875 0.2978515625 0.6940104171875 0.302734375 0.703125 0.3017578125 0.7083333328125 0.2958984375 0.6979166671875 0.2724609375 0.6927083328125 0.2646484375 0.6809895828125 0.259765625
3 0.54296875 0.412109375 0.5364583328125 0.4208984375 0.5598958328125 0.4423828125 0.5755208328125 0.4501953125 0.5807291671875 0.4443359375 0.5755208328125 0.4326171875 0.5559895828125 0.4140625 0.54296875 0.412109375
3 0.71875 0.3876953125 0.71875 0.4150390625 0.7330729171875 0.42578125 0.7395833328125 0.4248046875 0.7395833328125 0.3857421875 0.7356770828125 0.380859375 0.7278645828125 0.380859375 0.71875 0.3876953125
3 0.3971354171875 0.310546875 0.390625 0.3134765625 0.390625 0.3193359375 0.4205729171875 0.3359375 0.4479166671875 0.3388671875 0.4557291671875 0.3369140625 0.4557291671875 0.3310546875 0.44140625 0.32421875 0.3971354171875 0.310546875
3 0.6080729171875 0.255859375 0.59765625 0.25390625 0.59375 0.2568359375 0.59375 0.2666015625 0.609375 0.2939453125 0.6197916671875 0.2978515625 0.625 0.2939453125 0.625 0.2802734375 0.6197916671875 0.2685546875 0.6080729171875 0.255859375
3 0.6067708328125 0.3662109375 0.6119791671875 0.3740234375 0.6393229171875 0.392578125 0.65625 0.3935546875 0.65625 0.3837890625 0.6184895828125 0.357421875 0.6080729171875 0.35546875 0.6067708328125 0.3662109375
3 0.3424479171875 0.466796875 0.3385416671875 0.4755859375 0.34375 0.4853515625 0.3463541671875 0.5087890625 0.3528645828125 0.513671875 0.3567708328125 0.5126953125 0.3619791671875 0.5068359375 0.3619791671875 0.4873046875 0.3541666671875 0.4697265625 0.3424479171875 0.466796875
3 0.3541666671875 0.3720703125 0.3567708328125 0.3818359375 0.3684895828125 0.390625 0.39453125 0.40625 0.4088541671875 0.4072265625 0.4036458328125 0.3916015625 0.3893229171875 0.380859375 0.3684895828125 0.37109375 0.3541666671875 0.3720703125