3 0.2877604171875 0.330078125 0.27734375 0.33203125 0.24609375 0.341796875 0.23958333281250002 0.3486328125 0.24609375 0.35546875 0.2630208328125 0.3544921875 0.2955729171875 0.345703125 0.3072916671875 0.3388671875 0.3072916671875 0.3349609375 0.2877604171875 0.330078125
3 0.3736979171875 0.390625 0.3502604171875 0.400390625 0.3385416671875 0.4150390625 0.3424479171875 0.421875 0.3489583328125 0.4208984375 0.38671875 0.404296875 0.3932291671875 0.3994140625 0.3932291671875 0.3935546875 0.3736979171875 0.390625
3 0.38671875 0.30859375 0.37890625 0.30859375 0.3723958328125 0.3154296875 0.3619791671875 0.3466796875 0.3658854171875 0.35546875 0.375 0.3544921875 0.3854166671875 0.3447265625 0.390625 0.3310546875 0.3932291671875 0.3173828125 0.38671875 0.30859375
3 0.3190104171875 0.25 0.3098958328125 0.2548828125 0.3098958328125 0.2607421875 0.3268229171875 0.267578125 0.375 0.2685546875 0.3802083328125 0.2666015625 0.3776041671875 0.2587890625 0.36328125 0.251953125 0.3190104171875 0.25
3 0.5221354171875 0.236328125 0.5065104171875 0.232421875 0.5052083328125 0.2412109375 0.5208333328125 0.2685546875 0.5338541671875 0.2783203125 0.5390625 0.2763671875 0.5390625 0.2646484375 0.5260416671875 0.2412109375 0.5221354171875 0.236328125
3 0.3684895828125 0.1640625 0.34765625 0.16796875 0.3333333328125 0.1748046875 0.34765625 0.18359375 0.3619791671875 0.1826171875 0.38671875 0.177734375 0.3932291671875 0.1708984375 0.390625 0.1650390625 0.3684895828125 0.1640625
3 0.49609375 0.140625 0.4869791671875 0.1474609375 0.4817708328125 0.1630859375 0.4817708328125 0.1845703125 0.4856770828125 0.1875 0.4947916671875 0.1865234375 0.5052083328125 0.1572265625 0.5052083328125 0.1435546875 0.5013020828125 0.140625 0.49609375 0.140625
3 0.4752604171875 0.3828125 0.46875 0.3857421875 0.4713541671875 0.3935546875 0.50390625 0.416015625 0.515625 0.4150390625 0.515625 0.4091796875 0.5078125 0.3994140625 0.4856770828125 0.384765625 0.4752604171875 0.3828125
3 0.64453125 0.314453125 0.6432291671875 0.3251953125 0.6484375 0.3349609375 0.67578125 0.359375 0.6875 0.3603515625 0.6901041671875 0.3525390625 0.6666666671875 0.3251953125 0.65234375 0.314453125 0.64453125 0.314453125
3 0.67578125 0.212890625 0.6393229171875 0.220703125 0.6276041671875 0.2275390625 0.6276041671875 0.2314453125 0.6341145828125 0.234375 0.6588541671875 0.2333984375 0.6861979171875 0.2265625 0.6979166671875 0.2158203125 0.6940104171875 0.212890625 0.67578125 0.212890625
3 0.69140625 0.15625 0.6875 0.1591796875 0.6875 0.1650390625 0.7200520828125 0.18359375 0.73828125 0.19140625 0.7473958328125 0.1904296875 0.7447916671875 0.1787109375 0.7200520828125 0.162109375 0.70703125 0.15625 0.69140625 0.15625
3 0.5911458328125 0.1416015625 0.5872395828125 0.138671875 0.5755208328125 0.1416015625 0.546875 0.1748046875 0.5442708328125 0.1845703125 0.5520833328125 0.1865234375 0.5690104171875 0.1796875 0.5807291671875 0.1669921875 0.5911458328125 0.1513671875 0.5911458328125 0.1416015625
3 0.7408854171875 0.27734375 0.7083333328125 0.2880859375 0.71484375 0.296875 0.7265625 0.2958984375 0.75390625 0.291015625 0.765625 0.2802734375 0.765625 0.2763671875 0.7408854171875 0.27734375
3 0.38671875 0.419921875 0.3802083328125 0.4248046875 0.3919270828125 0.4375 0.4127604171875 0.4453125 0.4348958328125 0.4482421875 0.4453125 0.4404296875 0.44140625 0.435546875 0.39453125 0.419921875 0.38671875 0.419921875
3 0.5794270828125 0.326171875 0.55078125 0.3359375 0.5390625 0.3505859375 0.54296875 0.353515625 0.5520833328125 0.3525390625 0.5924479171875 0.33984375 0.6015625 0.3310546875 0.5924479171875 0.326171875 0.5794270828125 0.326171875
3 0.1471354171875 0.267578125 0.125 0.2822265625 0.1041666671875 0.3037109375 0.1041666671875 0.3115234375 0.1119791671875 0.3134765625 0.1354166671875 0.2978515625 0.1510416671875 0.2822265625 0.1510416671875 0.2705078125 0.1471354171875 0.267578125
3 0.22135416718749998 0.2529296875 0.2109375 0.2744140625 0.20833333281250002 0.2919921875 0.21223958281250002 0.296875 0.22135416718749998 0.2958984375 0.23958333281250002 0.2607421875 0.23828125 0.24609375 0.23046875 0.24609375 0.22135416718749998 0.2529296875
3 0.1575520828125 0.1875 0.11328125 0.203125 0.1041666671875 0.2119140625 0.1080729171875 0.216796875 0.1223958328125 0.2177734375 0.1575520828125 0.20703125 0.1640625 0.2021484375 0.1692708328125 0.1904296875 0.1575520828125 0.1875
3 0.23828125 0.462890625 0.23958333281250002 0.4716796875 0.2578125 0.4873046875 0.2747395828125 0.5 0.2864583328125 0.5009765625 0.2890625 0.4931640625 0.2838541671875 0.4853515625 0.25390625 0.46484375 0.23828125 0.462890625
3 0.22265625 0.642578125 0.1744791671875 0.6689453125 0.1783854171875 0.67578125 0.1848958328125 0.6748046875 0.20442708281250002 0.669921875 0.22395833281250002 0.6572265625 0.2265625 0.6455078125 0.22265625 0.642578125
3 0.21744791718749998 0.556640625 0.19921875 0.55859375 0.1666666671875 0.5810546875 0.1666666671875 0.5888671875 0.1770833328125 0.5927734375 0.18359375 0.591796875 0.21875 0.5654296875 0.22135416718749998 0.5595703125 0.21744791718749998 0.556640625
3 0.1263020828125 0.3828125 0.1223958328125 0.3876953125 0.1223958328125 0.4013671875 0.1276041671875 0.4150390625 0.1419270828125 0.431640625 0.1536458328125 0.4326171875 0.1536458328125 0.4189453125 0.1432291671875 0.3955078125 0.1380208328125 0.3876953125 0.1263020828125 0.3828125
3 0.1145833328125 0.7080078125 0.1145833328125 0.7119140625 0.1263020828125 0.716796875 0.1471354171875 0.720703125 0.1640625 0.7197265625 0.171875 0.7099609375 0.1471354171875 0.701171875 0.1315104171875 0.69921875 0.1145833328125 0.7080078125
3 0.2747395828125 0.708984375 0.23046875 0.720703125 0.2265625 0.7294921875 0.23307291718749998 0.734375 0.2421875 0.7333984375 0.2799479171875 0.724609375 0.2916666671875 0.7119140625 0.2877604171875 0.708984375 0.2747395828125 0.708984375
3 0.484375 0.6611328125 0.48046875 0.658203125 0.4661458328125 0.6650390625 0.4609375 0.6748046875 0.4609375 0.7001953125 0.4674479171875 0.705078125 0.4713541671875 0.7041015625 0.4765625 0.7001953125 0.4791666671875 0.6787109375 0.484375 0.6689453125 0.484375 0.6611328125
3 0.5598958328125 0.7490234375 0.5625 0.7880859375 0.56640625 0.79296875 0.5755208328125 0.7919921875 0.5833333328125 0.7802734375 0.5807291671875 0.7568359375 0.5638020828125 0.74609375 0.5598958328125 0.7490234375
3 0.3645833328125 0.6708984375 0.3671875 0.6787109375 0.3971354171875 0.6953125 0.41015625 0.701171875 0.4244791671875 0.7001953125 0.4244791671875 0.6923828125 0.3919270828125 0.671875 0.3815104171875 0.66796875 0.3645833328125 0.6708984375
3 0.3893229171875 0.74609375 0.3645833328125 0.7646484375 0.359375 0.7822265625 0.3723958328125 0.7822265625 0.4088541671875 0.7548828125 0.4114583328125 0.7509765625 0.4075520828125 0.744140625 0.3893229171875 0.74609375
3 0.4947916671875 0.7646484375 0.4791666671875 0.7919921875 0.4791666671875 0.8017578125 0.4830729171875 0.8046875 0.4947916671875 0.8037109375 0.515625 0.7724609375 0.5182291671875 0.7587890625 0.51171875 0.75390625 0.4947916671875 0.7646484375
3 0.59375 0.6240234375 0.5911458328125 0.6376953125 0.5950520828125 0.640625 0.6015625 0.6396484375 0.6380208328125 0.6064453125 0.63671875 0.599609375 0.62109375 0.6015625 0.59375 0.6240234375
3 0.6380208328125 0.6845703125 0.6380208328125 0.6884765625 0.6497395828125 0.6953125 0.6901041671875 0.6943359375 0.703125 0.6884765625 0.6966145828125 0.6796875 0.65234375 0.6796875 0.6380208328125 0.6845703125
3 0.6953125 0.6005859375 0.6979166671875 0.6298828125 0.7083333328125 0.6435546875 0.7161458328125 0.6435546875 0.7161458328125 0.6064453125 0.7135416671875 0.5966796875 0.7044270828125 0.591796875 0.6953125 0.6005859375
3 0.72265625 0.697265625 0.71875 0.7041015625 0.734375 0.7353515625 0.73828125 0.73828125 0.7473958328125 0.7373046875 0.7552083328125 0.7333984375 0.75 0.7158203125 0.7330729171875 0.697265625 0.72265625 0.697265625
3 0.6966145828125 0.74609375 0.6875 0.7490234375 0.6588541671875 0.7880859375 0.6588541671875 0.7978515625 0.6666666671875 0.7998046875 0.6796875 0.7939453125 0.7005208328125 0.7646484375 0.7005208328125 0.7490234375 0.6966145828125 0.74609375
3 0.3932291671875 0.5673828125 0.3932291671875 0.5947265625 0.3984375 0.6064453125 0.4114583328125 0.6083984375 0.4140625 0.5732421875 0.4114583328125 0.5654296875 0.3997395828125 0.5625 0.3932291671875 0.5673828125
3 0.42578125 0.470703125 0.421875 0.4736328125 0.4283854171875 0.482421875 0.4518229171875 0.4921875 0.4765625 0.4931640625 0.4791666671875 0.4873046875 0.4518229171875 0.474609375 0.4388020828125 0.470703125 0.42578125 0.470703125
3 0.47265625 0.525390625 0.4713541671875 0.5341796875 0.4765625 0.5439453125 0.4947916671875 0.5712890625 0.5026041671875 0.5712890625 0.5052083328125 0.5576171875 0.4973958328125 0.5419921875 0.48046875 0.525390625 0.47265625 0.525390625
3 0.5325520828125 0.568359375 0.5234375 0.5751953125 0.5234375 0.5830078125 0.5390625 0.5830078125 0.5716145828125 0.572265625 0.578125 0.5634765625 0.56640625 0.55859375 0.5325520828125 0.568359375
3 0.6341145828125 0.474609375 0.6145833328125 0.4853515625 0.5989583328125 0.5107421875 0.5989583328125 0.5185546875 0.60546875 0.5234375 0.609375 0.5224609375 0.6171875 0.5185546875 0.6354166671875 0.4892578125 0.6380208328125 0.4775390625 0.6341145828125 0.474609375
3 0.7096354171875 0.435546875 0.6705729171875 0.453125 0.6666666671875 0.4580078125 0.6692708328125 0.4658203125 0.6822916671875 0.4658203125 0.7096354171875 0.455078125 0.7265625 0.4423828125 0.7265625 0.4365234375 0.7096354171875 0.435546875