3 0.2565104171875 0.37890625 0.24739583281250002 0.3818359375 0.24869791718749998 0.38671875 0.27734375 0.392578125 0.3151041671875 0.3935546875 0.3151041671875 0.3896484375 0.3059895828125 0.3828125 0.2955729171875 0.380859375 0.2565104171875 0.37890625
3 0.4205729171875 0.416015625 0.375 0.4384765625 0.37890625 0.4453125 0.4010416671875 0.4443359375 0.4322916671875 0.4287109375 0.4348958328125 0.4228515625 0.4283854171875 0.416015625 0.4205729171875 0.416015625
3 0.3958333328125 0.3486328125 0.3958333328125 0.3544921875 0.40234375 0.361328125 0.42578125 0.373046875 0.4309895828125 0.37890625 0.44140625 0.3828125 0.4479166671875 0.3818359375 0.4427083328125 0.3701171875 0.4309895828125 0.361328125 0.4049479171875 0.34765625 0.3958333328125 0.3486328125
3 0.6861979171875 0.404296875 0.6770833328125 0.4052734375 0.6770833328125 0.4111328125 0.69140625 0.42578125 0.7174479171875 0.4375 0.7265625 0.4384765625 0.7317708328125 0.4365234375 0.7317708328125 0.4326171875 0.72265625 0.42578125 0.6861979171875 0.404296875
3 0.7513020828125 0.314453125 0.7317708328125 0.3349609375 0.7317708328125 0.3544921875 0.7395833328125 0.3564453125 0.7604166671875 0.3291015625 0.7630208328125 0.3173828125 0.7591145828125 0.314453125 0.7513020828125 0.314453125
3 0.4817708328125 0.4267578125 0.4908854171875 0.435546875 0.5221354171875 0.451171875 0.5338541671875 0.4501953125 0.5338541671875 0.4423828125 0.5065104171875 0.423828125 0.48828125 0.421875 0.4817708328125 0.4267578125
3 0.6236979171875 0.33984375 0.5950520828125 0.341796875 0.5885416671875 0.3447265625 0.58984375 0.3515625 0.6028645828125 0.35546875 0.6145833328125 0.3544921875 0.6419270828125 0.3515625 0.65625 0.3427734375 0.65234375 0.33984375 0.6236979171875 0.33984375
3 0.69140625 0.28515625 0.6510416671875 0.3115234375 0.6484375 0.3173828125 0.6614583328125 0.3212890625 0.67578125 0.31640625 0.6979166671875 0.2978515625 0.6979166671875 0.2900390625 0.69140625 0.28515625
3 0.7057291671875 0.2607421875 0.7083333328125 0.2685546875 0.7174479171875 0.275390625 0.7434895828125 0.28515625 0.7552083328125 0.2841796875 0.7604166671875 0.2783203125 0.74609375 0.267578125 0.7174479171875 0.2578125 0.7057291671875 0.2607421875
3 0.4544270828125 0.267578125 0.4348958328125 0.2861328125 0.4296875 0.2939453125 0.4296875 0.3037109375 0.43359375 0.306640625 0.4401041671875 0.3056640625 0.46875 0.2802734375 0.4739583328125 0.2724609375 0.4700520828125 0.265625 0.4544270828125 0.267578125
3 0.77734375 0.17578125 0.7526041671875 0.1982421875 0.7447916671875 0.2197265625 0.7486979171875 0.22265625 0.7552083328125 0.2216796875 0.7838541671875 0.1923828125 0.7890625 0.1845703125 0.7877604171875 0.177734375 0.77734375 0.17578125
3 0.1731770828125 0.37890625 0.1666666671875 0.3876953125 0.171875 0.4150390625 0.1770833328125 0.4267578125 0.1888020828125 0.435546875 0.1927083328125 0.4345703125 0.1953125 0.4228515625 0.1848958328125 0.3876953125 0.1822916671875 0.3818359375 0.1731770828125 0.37890625
3 0.16015625 0.31640625 0.15625 0.3193359375 0.1588541671875 0.3310546875 0.19140625 0.35546875 0.20572916718749998 0.3583984375 0.20833333281250002 0.3505859375 0.1979166671875 0.3388671875 0.16796875 0.318359375 0.16015625 0.31640625
3 0.6080729171875 0.20703125 0.6002604171875 0.20703125 0.59375 0.2158203125 0.6119791671875 0.2451171875 0.6158854171875 0.248046875 0.6223958328125 0.2470703125 0.6328125 0.2431640625 0.6328125 0.2353515625 0.6171875 0.2138671875 0.6080729171875 0.20703125
3 0.28515625 0.1640625 0.24348958281250002 0.177734375 0.23958333281250002 0.1826171875 0.2421875 0.1865234375 0.2578125 0.1904296875 0.2877604171875 0.18359375 0.3020833328125 0.1708984375 0.2994791671875 0.1650390625 0.28515625 0.1640625
3 0.40625 0.1435546875 0.40625 0.1513671875 0.4205729171875 0.16015625 0.44921875 0.169921875 0.46875 0.1689453125 0.4739583328125 0.1630859375 0.4674479171875 0.158203125 0.41796875 0.142578125 0.40625 0.1435546875
3 0.5182291671875 0.2744140625 0.5234375 0.2880859375 0.5377604171875 0.296875 0.55859375 0.306640625 0.5807291671875 0.3056640625 0.5807291671875 0.2998046875 0.5716145828125 0.29296875 0.53515625 0.275390625 0.5182291671875 0.2744140625
3 0.5481770828125 0.1640625 0.54296875 0.1640625 0.5390625 0.1669921875 0.5390625 0.1748046875 0.546875 0.1982421875 0.5520833328125 0.2099609375 0.55859375 0.21484375 0.5651041671875 0.2138671875 0.5703125 0.2099609375 0.5703125 0.1943359375 0.5598958328125 0.1728515625 0.5481770828125 0.1640625
3 0.1861979171875 0.205078125 0.1627604171875 0.2109375 0.15234375 0.21484375 0.140625 0.2255859375 0.14453125 0.23046875 0.1614583328125 0.2294921875 0.20442708281250002 0.21875 0.2109375 0.2119140625 0.19921875 0.205078125 0.1861979171875 0.205078125
3 0.3268229171875 0.212890625 0.3203125 0.2255859375 0.3203125 0.2666015625 0.32421875 0.26953125 0.3307291671875 0.2685546875 0.3385416671875 0.2646484375 0.34375 0.2333984375 0.3359375 0.2158203125 0.3268229171875 0.212890625
3 0.24869791718749998 0.26953125 0.24348958281250002 0.26953125 0.23958333281250002 0.2724609375 0.2421875 0.2880859375 0.2526041671875 0.3017578125 0.2721354171875 0.318359375 0.2864583328125 0.3173828125 0.2838541671875 0.3037109375 0.2708333328125 0.2939453125 0.2604166671875 0.2783203125 0.24869791718749998 0.26953125
3 0.3424479171875 0.73828125 0.328125 0.7548828125 0.3255208328125 0.7724609375 0.328125 0.7783203125 0.3359375 0.7802734375 0.3411458328125 0.7763671875 0.3515625 0.7490234375 0.3502604171875 0.73828125 0.3424479171875 0.73828125
3 0.3294270828125 0.646484375 0.3255208328125 0.6494140625 0.3255208328125 0.6572265625 0.3359375 0.6689453125 0.3463541671875 0.6923828125 0.3541666671875 0.6923828125 0.3619791671875 0.6845703125 0.359375 0.6748046875 0.3463541671875 0.6552734375 0.3294270828125 0.646484375
3 0.13671875 0.736328125 0.1223958328125 0.7373046875 0.1315104171875 0.751953125 0.1653645828125 0.76171875 0.1796875 0.7607421875 0.1848958328125 0.7548828125 0.1731770828125 0.74609375 0.1653645828125 0.74609375 0.13671875 0.736328125
3 0.2838541671875 0.4775390625 0.2838541671875 0.4833984375 0.2955729171875 0.494140625 0.32421875 0.51171875 0.3385416671875 0.5126953125 0.3411458328125 0.5048828125 0.3268229171875 0.494140625 0.30078125 0.478515625 0.2838541671875 0.4775390625
3 0.21744791718749998 0.65625 0.1979166671875 0.6669921875 0.21223958281250002 0.673828125 0.2578125 0.6728515625 0.265625 0.6689453125 0.265625 0.6650390625 0.2565104171875 0.658203125 0.21744791718749998 0.65625
3 0.1966145828125 0.490234375 0.1640625 0.4951171875 0.1640625 0.4990234375 0.1783854171875 0.505859375 0.20572916718749998 0.5048828125 0.22786458281250002 0.50390625 0.2421875 0.4931640625 0.23567708281250002 0.490234375 0.1966145828125 0.490234375
3 0.24609375 0.541015625 0.24479166718749998 0.5556640625 0.2526041671875 0.5673828125 0.265625 0.5830078125 0.27734375 0.591796875 0.2864583328125 0.5927734375 0.2890625 0.5830078125 0.28125 0.5712890625 0.2578125 0.5439453125 0.24609375 0.541015625
3 0.68359375 0.529296875 0.6731770828125 0.529296875 0.6692708328125 0.5322265625 0.6783854171875 0.541015625 0.7018229171875 0.55078125 0.7291666671875 0.5517578125 0.7317708328125 0.5478515625 0.7252604171875 0.54296875 0.69921875 0.533203125 0.68359375 0.529296875
3 0.3958333328125 0.5986328125 0.4127604171875 0.615234375 0.42578125 0.623046875 0.4479166671875 0.6240234375 0.4479166671875 0.6181640625 0.4075520828125 0.587890625 0.3958333328125 0.5888671875 0.3958333328125 0.5986328125
3 0.5559895828125 0.501953125 0.53515625 0.501953125 0.5234375 0.5087890625 0.5234375 0.5126953125 0.53515625 0.517578125 0.5703125 0.5205078125 0.578125 0.5146484375 0.578125 0.5087890625 0.5716145828125 0.505859375 0.5559895828125 0.501953125
3 0.6315104171875 0.453125 0.6276041671875 0.4619140625 0.6354166671875 0.4716796875 0.6575520828125 0.4921875 0.6666666671875 0.4912109375 0.6692708328125 0.4814453125 0.65625 0.4638671875 0.64453125 0.453125 0.6315104171875 0.453125
3 0.5260416671875 0.5419921875 0.51953125 0.5390625 0.4752604171875 0.5546875 0.4635416671875 0.5654296875 0.47265625 0.5703125 0.4765625 0.5693359375 0.4856770828125 0.568359375 0.5169270828125 0.5546875 0.5260416671875 0.5478515625 0.5260416671875 0.5419921875
3 0.7174479171875 0.650390625 0.7018229171875 0.65625 0.6822916671875 0.6689453125 0.68359375 0.67578125 0.6953125 0.6748046875 0.73046875 0.662109375 0.7395833328125 0.6552734375 0.73046875 0.650390625 0.7174479171875 0.650390625
3 0.5026041671875 0.6611328125 0.4947916671875 0.6748046875 0.5078125 0.6748046875 0.5494791671875 0.6474609375 0.5481770828125 0.640625 0.52734375 0.64453125 0.5026041671875 0.6611328125
3 0.58203125 0.63671875 0.5703125 0.6416015625 0.5768229171875 0.6484375 0.5872395828125 0.65234375 0.6302083328125 0.6591796875 0.6354166671875 0.6572265625 0.6354166671875 0.6533203125 0.6158854171875 0.642578125 0.58203125 0.63671875
3 0.5221354171875 0.76953125 0.5143229171875 0.771484375 0.5078125 0.7783203125 0.51171875 0.783203125 0.51953125 0.78515625 0.5651041671875 0.7841796875 0.5729166671875 0.7802734375 0.5703125 0.7763671875 0.5533854171875 0.767578125 0.5221354171875 0.76953125
3 0.6315104171875 0.744140625 0.6276041671875 0.7470703125 0.6276041671875 0.7548828125 0.6419270828125 0.763671875 0.6731770828125 0.77734375 0.6822916671875 0.7763671875 0.6848958328125 0.7724609375 0.67578125 0.759765625 0.64453125 0.744140625 0.6315104171875 0.744140625
3 0.4518229171875 0.712890625 0.4388020828125 0.712890625 0.4348958328125 0.7158203125 0.4375 0.7236328125 0.4674479171875 0.744140625 0.4830729171875 0.751953125 0.4921875 0.7509765625 0.4947916671875 0.7470703125 0.4895833328125 0.7373046875 0.4752604171875 0.7265625 0.4518229171875 0.712890625
3 0.71484375 0.5703125 0.7083333328125 0.5791015625 0.7083333328125 0.6083984375 0.7135416671875 0.6162109375 0.7213541671875 0.6181640625 0.7291666671875 0.6083984375 0.7291666671875 0.5751953125 0.72265625 0.568359375 0.71484375 0.5703125