3 0.23567708281250002 0.134765625 0.2265625 0.1357421875 0.20833333281250002 0.1572265625 0.1979166671875 0.1748046875 0.1979166671875 0.1806640625 0.20572916718749998 0.1826171875 0.22135416718749998 0.1728515625 0.23697916718749998 0.1513671875 0.23958333281250002 0.1396484375 0.23567708281250002 0.134765625
3 0.16015625 0.181640625 0.1497395828125 0.181640625 0.1080729171875 0.197265625 0.1015625 0.2021484375 0.1015625 0.2080078125 0.1080729171875 0.212890625 0.1171875 0.2119140625 0.15234375 0.201171875 0.1588541671875 0.1962890625 0.1640625 0.1845703125 0.16015625 0.181640625
3 0.3111979171875 0.244140625 0.3046875 0.2509765625 0.3111979171875 0.2578125 0.3190104171875 0.259765625 0.34765625 0.263671875 0.3671875 0.2626953125 0.375 0.2587890625 0.375 0.2548828125 0.36328125 0.24609375 0.3111979171875 0.244140625
3 0.4908854171875 0.1328125 0.4817708328125 0.1396484375 0.4765625 0.1572265625 0.4765625 0.1748046875 0.48046875 0.1796875 0.4895833328125 0.1787109375 0.4947916671875 0.1728515625 0.5 0.1474609375 0.49609375 0.1328125 0.4908854171875 0.1328125
3 0.3658854171875 0.15625 0.3372395828125 0.162109375 0.328125 0.1669921875 0.33203125 0.173828125 0.3450520828125 0.177734375 0.3541666671875 0.1767578125 0.3841145828125 0.169921875 0.3880208328125 0.1650390625 0.3854166671875 0.1572265625 0.3658854171875 0.15625
3 0.5013020828125 0.224609375 0.5 0.2353515625 0.5208333328125 0.2685546875 0.5247395828125 0.271484375 0.5338541671875 0.2705078125 0.5364583328125 0.2607421875 0.5208333328125 0.2314453125 0.5091145828125 0.224609375 0.5013020828125 0.224609375
3 0.6888020828125 0.138671875 0.6770833328125 0.1396484375 0.6770833328125 0.1455078125 0.69140625 0.158203125 0.72265625 0.16796875 0.734375 0.1669921875 0.7395833328125 0.1650390625 0.7395833328125 0.1591796875 0.7278645828125 0.150390625 0.6888020828125 0.138671875
3 0.5859375 0.1337890625 0.58203125 0.130859375 0.5768229171875 0.130859375 0.5651041671875 0.1396484375 0.5416666671875 0.1669921875 0.5390625 0.1767578125 0.54296875 0.1796875 0.5494791671875 0.1787109375 0.5611979171875 0.173828125 0.5755208328125 0.1591796875 0.5859375 0.1435546875 0.5859375 0.1337890625
3 0.2903645828125 0.3046875 0.28515625 0.3046875 0.2760416671875 0.3115234375 0.2734375 0.3212890625 0.2630208328125 0.3349609375 0.2604166671875 0.3486328125 0.2682291671875 0.3525390625 0.2864583328125 0.3427734375 0.2942708328125 0.3291015625 0.296875 0.3095703125 0.2903645828125 0.3046875
3 0.1393229171875 0.46484375 0.1276041671875 0.4794921875 0.1171875 0.5107421875 0.1171875 0.5185546875 0.12109375 0.521484375 0.1302083328125 0.5205078125 0.1432291671875 0.5029296875 0.1510416671875 0.4755859375 0.1471354171875 0.46484375 0.1393229171875 0.46484375
3 0.16796875 0.359375 0.14453125 0.361328125 0.1236979171875 0.3671875 0.1145833328125 0.3740234375 0.12109375 0.3828125 0.1380208328125 0.3818359375 0.17578125 0.373046875 0.1822916671875 0.3681640625 0.1822916671875 0.3623046875 0.16796875 0.359375
3 0.24869791718749998 0.263671875 0.23697916718749998 0.2685546875 0.21354166718749998 0.2939453125 0.20572916718749998 0.3076171875 0.21223958281250002 0.3125 0.21614583281250002 0.3115234375 0.234375 0.3037109375 0.2526041671875 0.2822265625 0.2552083328125 0.2685546875 0.24869791718749998 0.263671875
3 0.3736979171875 0.3828125 0.3450520828125 0.39453125 0.3385416671875 0.4013671875 0.3359375 0.4130859375 0.3489583328125 0.4130859375 0.3841145828125 0.396484375 0.390625 0.3896484375 0.3815104171875 0.3828125 0.3736979171875 0.3828125
3 0.3919270828125 0.4140625 0.3815104171875 0.4140625 0.3776041671875 0.4169921875 0.3802083328125 0.4248046875 0.38671875 0.4296875 0.4205729171875 0.44140625 0.4322916671875 0.4404296875 0.4401041671875 0.4365234375 0.4361979171875 0.427734375 0.41015625 0.421875 0.3919270828125 0.4140625
3 0.4635416671875 0.3798828125 0.4934895828125 0.404296875 0.5013020828125 0.408203125 0.5104166671875 0.4072265625 0.5104166671875 0.3974609375 0.4856770828125 0.37890625 0.4674479171875 0.376953125 0.4635416671875 0.3798828125
3 0.67578125 0.33203125 0.6640625 0.3349609375 0.6640625 0.3408203125 0.6705729171875 0.34765625 0.69140625 0.357421875 0.7109375 0.3583984375 0.7174479171875 0.357421875 0.71875 0.3525390625 0.7096354171875 0.345703125 0.67578125 0.33203125
3 0.69921875 0.248046875 0.6901041671875 0.2529296875 0.7200520828125 0.275390625 0.7408854171875 0.28515625 0.75 0.2841796875 0.7526041671875 0.2822265625 0.7473958328125 0.2724609375 0.7174479171875 0.251953125 0.69921875 0.248046875
3 0.58203125 0.28125 0.5703125 0.2880859375 0.5768229171875 0.294921875 0.6015625 0.2939453125 0.6263020828125 0.287109375 0.640625 0.2744140625 0.62890625 0.26953125 0.58203125 0.28125
3 0.5846354171875 0.34765625 0.5768229171875 0.34765625 0.578125 0.3642578125 0.5989583328125 0.3857421875 0.6080729171875 0.392578125 0.6171875 0.3935546875 0.6223958328125 0.3916015625 0.6171875 0.3779296875 0.59375 0.3525390625 0.5846354171875 0.34765625
3 0.5169270828125 0.298828125 0.4791666671875 0.3251953125 0.4765625 0.3330078125 0.48046875 0.3359375 0.4973958328125 0.3349609375 0.5286458328125 0.3134765625 0.53125 0.3037109375 0.52734375 0.298828125 0.5169270828125 0.298828125
3 0.3671875 0.7548828125 0.359375 0.7666015625 0.359375 0.7744140625 0.36328125 0.77734375 0.3697916671875 0.7763671875 0.40625 0.7490234375 0.4075520828125 0.73828125 0.3893229171875 0.73828125 0.3671875 0.7548828125
3 0.515625 0.7490234375 0.5091145828125 0.74609375 0.4947916671875 0.7548828125 0.4791666671875 0.7822265625 0.4791666671875 0.7958984375 0.4830729171875 0.798828125 0.4895833328125 0.7978515625 0.4973958328125 0.7939453125 0.5078125 0.7802734375 0.515625 0.7626953125 0.515625 0.7490234375
3 0.4635416671875 0.6591796875 0.4583333328125 0.6728515625 0.4583333328125 0.6904296875 0.46484375 0.697265625 0.46875 0.6962890625 0.4765625 0.6904296875 0.4817708328125 0.6650390625 0.48046875 0.650390625 0.4635416671875 0.6591796875
3 0.5572916671875 0.7470703125 0.5598958328125 0.7724609375 0.5625 0.7822265625 0.5703125 0.7861328125 0.5807291671875 0.7802734375 0.5807291671875 0.7509765625 0.5638020828125 0.73828125 0.5572916671875 0.7470703125
3 0.6940104171875 0.671875 0.66015625 0.671875 0.6419270828125 0.673828125 0.6380208328125 0.6767578125 0.6380208328125 0.6806640625 0.6497395828125 0.6875 0.6692708328125 0.6865234375 0.69140625 0.685546875 0.7005208328125 0.6806640625 0.7005208328125 0.6748046875 0.6940104171875 0.671875
3 0.7252604171875 0.6875 0.71875 0.6904296875 0.71875 0.6982421875 0.7317708328125 0.7177734375 0.7317708328125 0.7236328125 0.7356770828125 0.728515625 0.7473958328125 0.7275390625 0.7552083328125 0.7236328125 0.7473958328125 0.7060546875 0.7395833328125 0.6943359375 0.7252604171875 0.6875
3 0.6796875 0.7568359375 0.6640625 0.7802734375 0.6640625 0.7900390625 0.66796875 0.79296875 0.6796875 0.7919921875 0.7005208328125 0.7607421875 0.7005208328125 0.7509765625 0.6966145828125 0.748046875 0.6796875 0.7568359375
3 0.5234375 0.4814453125 0.5377604171875 0.490234375 0.5677083328125 0.4931640625 0.5833333328125 0.4892578125 0.5768229171875 0.48046875 0.5299479171875 0.4765625 0.5234375 0.4814453125
3 0.5638020828125 0.55078125 0.53515625 0.55859375 0.5208333328125 0.5693359375 0.5208333328125 0.5751953125 0.5286458328125 0.5771484375 0.56640625 0.56640625 0.5755208328125 0.5615234375 0.5755208328125 0.5556640625 0.5638020828125 0.55078125
3 0.4596354171875 0.509765625 0.4544270828125 0.509765625 0.4479166671875 0.5166015625 0.4479166671875 0.5380859375 0.4427083328125 0.5517578125 0.4453125 0.5595703125 0.453125 0.5595703125 0.4635416671875 0.5478515625 0.4661458328125 0.5380859375 0.4661458328125 0.5146484375 0.4596354171875 0.509765625
3 0.6966145828125 0.45703125 0.6510416671875 0.4736328125 0.6484375 0.4775390625 0.65234375 0.482421875 0.6692708328125 0.4833984375 0.7018229171875 0.47265625 0.7135416671875 0.4599609375 0.7096354171875 0.45703125 0.6966145828125 0.45703125
3 0.61328125 0.59765625 0.5911458328125 0.6181640625 0.5885416671875 0.6298828125 0.5924479171875 0.6328125 0.5989583328125 0.6318359375 0.6354166671875 0.5986328125 0.6380208328125 0.5947265625 0.6315104171875 0.58984375 0.61328125 0.59765625
3 0.7408854171875 0.494140625 0.7252604171875 0.498046875 0.7005208328125 0.5185546875 0.6953125 0.5341796875 0.69921875 0.537109375 0.7057291671875 0.5361328125 0.71875 0.5283203125 0.7421875 0.5048828125 0.7447916671875 0.4970703125 0.7408854171875 0.494140625
3 0.7018229171875 0.583984375 0.6927083328125 0.5927734375 0.6953125 0.6181640625 0.7005208328125 0.6298828125 0.7096354171875 0.63671875 0.7135416671875 0.6357421875 0.71875 0.6298828125 0.7135416671875 0.5908203125 0.70703125 0.583984375 0.7018229171875 0.583984375
3 0.20572916718749998 0.6806640625 0.21223958281250002 0.685546875 0.23828125 0.69140625 0.2552083328125 0.6904296875 0.2604166671875 0.6806640625 0.24348958281250002 0.673828125 0.22526041718749998 0.671875 0.20572916718749998 0.6806640625
3 0.30859375 0.5078125 0.3046875 0.5107421875 0.3072916671875 0.5400390625 0.31640625 0.55078125 0.3255208328125 0.5498046875 0.328125 0.5419921875 0.3229166671875 0.5126953125 0.3190104171875 0.5078125 0.30859375 0.5078125
3 0.22786458281250002 0.55859375 0.20182291718749998 0.564453125 0.1927083328125 0.5712890625 0.20703125 0.578125 0.21875 0.5771484375 0.24348958281250002 0.572265625 0.2552083328125 0.5634765625 0.2552083328125 0.5576171875 0.22786458281250002 0.55859375
3 0.21223958281250002 0.423828125 0.1966145828125 0.421875 0.1927083328125 0.4248046875 0.1927083328125 0.4287109375 0.20963541718749998 0.44140625 0.24088541718749998 0.45703125 0.24739583281250002 0.4560546875 0.25 0.4501953125 0.24479166718749998 0.4423828125 0.23046875 0.43359375 0.21223958281250002 0.423828125
3 0.1744791671875 0.6123046875 0.1627604171875 0.60546875 0.15625 0.6103515625 0.15625 0.6494140625 0.1627604171875 0.65625 0.1692708328125 0.6572265625 0.1770833328125 0.6533203125 0.1796875 0.6474609375 0.1796875 0.6220703125 0.1744791671875 0.6123046875
3 0.3645833328125 0.6630859375 0.3645833328125 0.6689453125 0.3763020828125 0.677734375 0.4153645828125 0.6953125 0.421875 0.6943359375 0.421875 0.6845703125 0.4049479171875 0.671875 0.37890625 0.66015625 0.3645833328125 0.6630859375