3 0.5026041671875 0.3798828125 0.5026041671875 0.3837890625 0.5143229171875 0.39453125 0.54296875 0.404296875 0.5572916671875 0.4033203125 0.5598958328125 0.3935546875 0.55078125 0.388671875 0.51171875 0.376953125 0.5026041671875 0.3798828125
3 0.6393229171875 0.328125 0.62890625 0.32421875 0.6171875 0.3271484375 0.6145833328125 0.3369140625 0.6184895828125 0.33984375 0.6536458328125 0.3447265625 0.6627604171875 0.34375 0.6692708328125 0.3388671875 0.6653645828125 0.330078125 0.6393229171875 0.328125
3 0.7018229171875 0.232421875 0.6979166671875 0.2353515625 0.7005208328125 0.2451171875 0.71875 0.2666015625 0.7278645828125 0.2734375 0.734375 0.2724609375 0.7369791671875 0.2626953125 0.7265625 0.2451171875 0.71484375 0.234375 0.7018229171875 0.232421875
3 0.4622395828125 0.166015625 0.4583333328125 0.1689453125 0.4583333328125 0.1748046875 0.4700520828125 0.181640625 0.5 0.1826171875 0.5143229171875 0.1796875 0.5182291671875 0.1748046875 0.5091145828125 0.166015625 0.4622395828125 0.166015625
3 0.7122395828125 0.154296875 0.6901041671875 0.1708984375 0.6848958328125 0.1865234375 0.6888020828125 0.189453125 0.6953125 0.1884765625 0.734375 0.1591796875 0.7369791671875 0.1513671875 0.7330729171875 0.1484375 0.7122395828125 0.154296875
3 0.23958333281250002 0.3271484375 0.2513020828125 0.3359375 0.2877604171875 0.34375 0.2994791671875 0.3427734375 0.2994791671875 0.3310546875 0.28515625 0.32421875 0.25390625 0.3203125 0.23958333281250002 0.3271484375
3 0.3333333328125 0.2509765625 0.3489583328125 0.2705078125 0.36328125 0.28125 0.3723958328125 0.2802734375 0.3619791671875 0.2607421875 0.3450520828125 0.24609375 0.3372395828125 0.244140625 0.3333333328125 0.2509765625
3 0.4908854171875 0.224609375 0.4817708328125 0.2314453125 0.4791666671875 0.2666015625 0.4856770828125 0.27734375 0.4947916671875 0.2763671875 0.5 0.2568359375 0.5 0.2314453125 0.4973958328125 0.2255859375 0.4908854171875 0.224609375
3 0.59765625 0.248046875 0.5885416671875 0.2529296875 0.5703125 0.2880859375 0.5703125 0.2978515625 0.57421875 0.30078125 0.5807291671875 0.2998046875 0.5885416671875 0.2939453125 0.6041666671875 0.2666015625 0.6041666671875 0.2568359375 0.59765625 0.248046875
3 0.5911458328125 0.1748046875 0.5911458328125 0.1806640625 0.59765625 0.185546875 0.63671875 0.1953125 0.6536458328125 0.1943359375 0.65625 0.1865234375 0.6393229171875 0.17578125 0.60546875 0.169921875 0.5911458328125 0.1748046875
3 0.109375 0.2783203125 0.1145833328125 0.2841796875 0.1458333328125 0.3134765625 0.1497395828125 0.31640625 0.15625 0.3154296875 0.15625 0.3017578125 0.1263020828125 0.275390625 0.11328125 0.271484375 0.109375 0.2783203125
3 0.21223958281250002 0.24609375 0.1979166671875 0.2548828125 0.19921875 0.26171875 0.21875 0.2607421875 0.2591145828125 0.24609375 0.2630208328125 0.2333984375 0.24348958281250002 0.234375 0.21223958281250002 0.24609375
3 0.2604166671875 0.1533203125 0.2604166671875 0.1591796875 0.2747395828125 0.16796875 0.3033854171875 0.17578125 0.328125 0.1748046875 0.3307291671875 0.1689453125 0.3111979171875 0.16015625 0.2721354171875 0.150390625 0.2604166671875 0.1533203125
3 0.1315104171875 0.169921875 0.08984375 0.181640625 0.0859375 0.1943359375 0.08984375 0.197265625 0.09895833281250001 0.1962890625 0.1471354171875 0.18359375 0.1536458328125 0.1748046875 0.1497395828125 0.171875 0.1315104171875 0.169921875
3 0.2682291671875 0.4306640625 0.26953125 0.4375 0.2838541671875 0.4384765625 0.3203125 0.4208984375 0.3216145828125 0.40625 0.3033854171875 0.41015625 0.2682291671875 0.4306640625
3 0.3606770828125 0.328125 0.3515625 0.3310546875 0.3515625 0.3369140625 0.3580729171875 0.34375 0.3893229171875 0.365234375 0.4010416671875 0.3662109375 0.40625 0.3623046875 0.4036458328125 0.3544921875 0.37890625 0.3359375 0.3606770828125 0.328125
3 0.6158854171875 0.533203125 0.609375 0.5439453125 0.6067708328125 0.5751953125 0.6106770828125 0.578125 0.6197916671875 0.5771484375 0.6276041671875 0.5673828125 0.6302083328125 0.5439453125 0.6276041671875 0.5380859375 0.6158854171875 0.533203125
3 0.5924479171875 0.4609375 0.5885416671875 0.4638671875 0.5885416671875 0.4716796875 0.6041666671875 0.4873046875 0.6263020828125 0.501953125 0.6354166671875 0.5009765625 0.6328125 0.4873046875 0.6119791671875 0.4677734375 0.6002604171875 0.4609375 0.5924479171875 0.4609375
3 0.70703125 0.439453125 0.703125 0.4541015625 0.7135416671875 0.4677734375 0.73046875 0.48046875 0.7395833328125 0.4794921875 0.7421875 0.4736328125 0.7265625 0.4521484375 0.7122395828125 0.439453125 0.70703125 0.439453125
3 0.6614583328125 0.3818359375 0.6692708328125 0.3935546875 0.69921875 0.412109375 0.7109375 0.4111328125 0.7083333328125 0.3994140625 0.6888020828125 0.384765625 0.6705729171875 0.376953125 0.6614583328125 0.3818359375
3 0.6158854171875 0.720703125 0.609375 0.7255859375 0.6145833328125 0.7373046875 0.6354166671875 0.7666015625 0.6393229171875 0.76953125 0.6484375 0.7685546875 0.6484375 0.7529296875 0.640625 0.7412109375 0.6328125 0.7314453125 0.6158854171875 0.720703125
3 0.71484375 0.732421875 0.7109375 0.7412109375 0.7291666671875 0.7646484375 0.7408854171875 0.775390625 0.75 0.7744140625 0.7526041671875 0.7685546875 0.7369791671875 0.7431640625 0.7278645828125 0.736328125 0.71484375 0.732421875
3 0.7291666671875 0.5908203125 0.734375 0.6181640625 0.7513020828125 0.62890625 0.7552083328125 0.6279296875 0.7578125 0.6201171875 0.75 0.5908203125 0.73828125 0.58203125 0.7291666671875 0.5908203125
3 0.22135416718749998 0.5830078125 0.22786458281250002 0.58984375 0.2421875 0.5908203125 0.2421875 0.5615234375 0.22786458281250002 0.552734375 0.22265625 0.552734375 0.22135416718749998 0.5830078125
3 0.25 0.5048828125 0.25390625 0.513671875 0.29296875 0.517578125 0.3229166671875 0.5166015625 0.3255208328125 0.5107421875 0.3138020828125 0.50390625 0.25390625 0.501953125 0.25 0.5048828125
3 0.1575520828125 0.400390625 0.1536458328125 0.4033203125 0.1575520828125 0.41015625 0.1783854171875 0.41796875 0.22135416718749998 0.4189453125 0.2265625 0.4111328125 0.21484375 0.40625 0.1705729171875 0.400390625 0.1575520828125 0.400390625
3 0.1341145828125 0.466796875 0.1302083328125 0.4755859375 0.1484375 0.5068359375 0.1575520828125 0.515625 0.1666666671875 0.5146484375 0.1692708328125 0.5009765625 0.15625 0.4794921875 0.1393229171875 0.466796875 0.1341145828125 0.466796875
3 0.35546875 0.58984375 0.3450520828125 0.58984375 0.3111979171875 0.595703125 0.2942708328125 0.6025390625 0.2942708328125 0.6064453125 0.3033854171875 0.611328125 0.3229166671875 0.6103515625 0.3424479171875 0.607421875 0.359375 0.5966796875 0.359375 0.5927734375 0.35546875 0.58984375
3 0.3723958328125 0.5439453125 0.3828125 0.5576171875 0.3997395828125 0.5703125 0.4166666671875 0.5712890625 0.421875 0.5654296875 0.38671875 0.5390625 0.3763020828125 0.537109375 0.3723958328125 0.5439453125
3 0.5234375 0.5205078125 0.53125 0.5361328125 0.5390625 0.5361328125 0.5416666671875 0.4892578125 0.53515625 0.486328125 0.5260416671875 0.4990234375 0.5234375 0.5205078125
3 0.4388020828125 0.408203125 0.4283854171875 0.408203125 0.40234375 0.4140625 0.3854166671875 0.4248046875 0.38671875 0.431640625 0.4010416671875 0.4306640625 0.44140625 0.421875 0.4505208328125 0.4169921875 0.4505208328125 0.4130859375 0.4388020828125 0.408203125
3 0.4674479171875 0.4375 0.4661458328125 0.4521484375 0.4739583328125 0.4658203125 0.4934895828125 0.484375 0.5026041671875 0.4833984375 0.5052083328125 0.4755859375 0.4921875 0.4560546875 0.4791666671875 0.4404296875 0.4674479171875 0.4375
3 0.58984375 0.615234375 0.5677083328125 0.6162109375 0.5677083328125 0.6220703125 0.57421875 0.626953125 0.6106770828125 0.642578125 0.625 0.6435546875 0.6302083328125 0.6416015625 0.6302083328125 0.6376953125 0.6184895828125 0.626953125 0.58984375 0.615234375
3 0.41015625 0.634765625 0.40625 0.6416015625 0.4192708328125 0.6611328125 0.44140625 0.6796875 0.453125 0.6787109375 0.453125 0.6669921875 0.4322916671875 0.6435546875 0.42578125 0.638671875 0.41015625 0.634765625
3 0.3359375 0.7314453125 0.328125 0.7548828125 0.328125 0.7744140625 0.3411458328125 0.7744140625 0.3515625 0.7490234375 0.3515625 0.7353515625 0.3450520828125 0.728515625 0.3359375 0.7314453125
3 0.4114583328125 0.7685546875 0.40625 0.7841796875 0.41015625 0.7890625 0.4166666671875 0.7880859375 0.4479166671875 0.7626953125 0.44921875 0.75 0.4388020828125 0.75 0.4114583328125 0.7685546875
3 0.1731770828125 0.68359375 0.1458333328125 0.7080078125 0.1380208328125 0.7216796875 0.14453125 0.7265625 0.1510416671875 0.7255859375 0.1927083328125 0.6884765625 0.1953125 0.6826171875 0.19140625 0.6796875 0.1731770828125 0.68359375
3 0.26953125 0.67578125 0.2552083328125 0.6826171875 0.2591145828125 0.6875 0.2747395828125 0.693359375 0.30859375 0.69921875 0.3255208328125 0.6982421875 0.3333333328125 0.6923828125 0.3307291671875 0.6884765625 0.3111979171875 0.681640625 0.26953125 0.67578125
3 0.1471354171875 0.58984375 0.1354166671875 0.5927734375 0.1223958328125 0.6240234375 0.1197916671875 0.6396484375 0.1302083328125 0.6396484375 0.1432291671875 0.6298828125 0.1536458328125 0.6083984375 0.1536458328125 0.5986328125 0.1471354171875 0.58984375
3 0.1497395828125 0.791015625 0.1263020828125 0.791015625 0.1223958328125 0.7939453125 0.12890625 0.802734375 0.14453125 0.806640625 0.1653645828125 0.810546875 0.1901041671875 0.8095703125 0.1953125 0.8076171875 0.1953125 0.8017578125 0.18359375 0.796875 0.1497395828125 0.791015625