3 0.73046875 0.671875 0.7265625 0.6748046875 0.7265625 0.6787109375 0.73828125 0.685546875 0.7838541671875 0.6845703125 0.7916666671875 0.6806640625 0.7916666671875 0.6767578125 0.7825520828125 0.671875 0.73046875 0.671875
3 0.75 0.5693359375 0.7552083328125 0.5791015625 0.7760416671875 0.6044921875 0.78515625 0.611328125 0.7916666671875 0.6103515625 0.7890625 0.5908203125 0.7760416671875 0.5751953125 0.7565104171875 0.564453125 0.75 0.5693359375
3 0.49609375 0.736328125 0.4947916671875 0.7490234375 0.5052083328125 0.7744140625 0.51171875 0.779296875 0.5182291671875 0.7783203125 0.5208333328125 0.7685546875 0.5130208328125 0.7451171875 0.50390625 0.736328125 0.49609375 0.736328125
3 0.6236979171875 0.65625 0.6223958328125 0.6650390625 0.6328125 0.6865234375 0.6380208328125 0.6943359375 0.6471354171875 0.701171875 0.6510416671875 0.7001953125 0.65625 0.6962890625 0.6536458328125 0.6767578125 0.6393229171875 0.66015625 0.6236979171875 0.65625
3 0.5247395828125 0.6484375 0.4934895828125 0.65625 0.4869791671875 0.6611328125 0.484375 0.6689453125 0.5026041671875 0.6689453125 0.5299479171875 0.662109375 0.5442708328125 0.6533203125 0.5377604171875 0.6484375 0.5247395828125 0.6484375
3 0.43359375 0.61328125 0.4244791671875 0.6201171875 0.4140625 0.6396484375 0.4140625 0.6552734375 0.421875 0.6591796875 0.4322916671875 0.6474609375 0.4453125 0.6201171875 0.44140625 0.61328125 0.43359375 0.61328125
3 0.65234375 0.59765625 0.6276041671875 0.6181640625 0.6223958328125 0.6259765625 0.6223958328125 0.6357421875 0.6263020828125 0.638671875 0.6328125 0.6376953125 0.6640625 0.6103515625 0.671875 0.6005859375 0.6705729171875 0.595703125 0.65234375 0.59765625
3 0.6653645828125 0.7109375 0.6614583328125 0.7138671875 0.6640625 0.7568359375 0.6692708328125 0.7685546875 0.6770833328125 0.7705078125 0.6822916671875 0.7646484375 0.6822916671875 0.7333984375 0.6744791671875 0.7158203125 0.6653645828125 0.7109375
3 0.7721354171875 0.71484375 0.7669270828125 0.71484375 0.7630208328125 0.7177734375 0.7630208328125 0.7255859375 0.7734375 0.7490234375 0.7838541671875 0.7626953125 0.79296875 0.767578125 0.796875 0.7666015625 0.8020833328125001 0.7626953125 0.7994791671875 0.7470703125 0.7838541671875 0.7236328125 0.7721354171875 0.71484375
3 0.3489583328125 0.6240234375 0.34375 0.6318359375 0.34375 0.6572265625 0.3528645828125 0.66796875 0.359375 0.6669921875 0.3645833328125 0.6513671875 0.3645833328125 0.6220703125 0.3580729171875 0.619140625 0.3489583328125 0.6240234375
3 0.3072916671875 0.7099609375 0.3072916671875 0.7158203125 0.31640625 0.724609375 0.3450520828125 0.734375 0.3541666671875 0.7333984375 0.3671875 0.7294921875 0.3606770828125 0.720703125 0.31640625 0.705078125 0.3072916671875 0.7099609375
3 0.1875 0.7333984375 0.1848958328125 0.7568359375 0.1875 0.7724609375 0.19140625 0.775390625 0.203125 0.7744140625 0.20833333281250002 0.7646484375 0.20833333281250002 0.7236328125 0.19921875 0.720703125 0.1875 0.7333984375
3 0.21223958281250002 0.392578125 0.20572916718749998 0.3974609375 0.20572916718749998 0.4033203125 0.21223958281250002 0.40625 0.2630208328125 0.4052734375 0.2734375 0.3994140625 0.2669270828125 0.390625 0.22265625 0.390625 0.21223958281250002 0.392578125
3 0.1627604171875 0.375 0.15234375 0.376953125 0.1197916671875 0.4072265625 0.1171875 0.4169921875 0.12109375 0.419921875 0.1302083328125 0.4189453125 0.1510416671875 0.4033203125 0.1640625 0.3876953125 0.1666666671875 0.3798828125 0.1627604171875 0.375
3 0.296875 0.3037109375 0.3072916671875 0.3095703125 0.3111979171875 0.31640625 0.3268229171875 0.32421875 0.33984375 0.3359375 0.3463541671875 0.3349609375 0.3411458328125 0.3193359375 0.31640625 0.30078125 0.296875 0.2998046875 0.296875 0.3037109375
3 0.4127604171875 0.328125 0.375 0.3466796875 0.3723958328125 0.3544921875 0.3854166671875 0.3544921875 0.4283854171875 0.33984375 0.4375 0.3310546875 0.43359375 0.328125 0.4127604171875 0.328125
3 0.38671875 0.23828125 0.3776041671875 0.2509765625 0.3815104171875 0.25390625 0.390625 0.2529296875 0.4283854171875 0.23828125 0.4322916671875 0.2294921875 0.4153645828125 0.2265625 0.38671875 0.23828125
3 0.41796875 0.16015625 0.4075520828125 0.16015625 0.37109375 0.16796875 0.3645833328125 0.1728515625 0.37890625 0.181640625 0.3880208328125 0.1806640625 0.4153645828125 0.17578125 0.421875 0.1708984375 0.421875 0.1630859375 0.41796875 0.16015625
3 0.22265625 0.259765625 0.21875 0.2626953125 0.21875 0.3037109375 0.22526041718749998 0.3125 0.23177083281250002 0.3115234375 0.23958333281250002 0.2998046875 0.23958333281250002 0.2763671875 0.23177083281250002 0.2626953125 0.22265625 0.259765625
3 0.15234375 0.15625 0.1432291671875 0.1630859375 0.1380208328125 0.1845703125 0.1380208328125 0.2021484375 0.14453125 0.20703125 0.1536458328125 0.2060546875 0.1614583328125 0.1787109375 0.1614583328125 0.1611328125 0.1575520828125 0.15625 0.15234375 0.15625
3 0.2421875 0.1455078125 0.2421875 0.1494140625 0.25390625 0.15625 0.30078125 0.169921875 0.3098958328125 0.1689453125 0.3098958328125 0.1611328125 0.29296875 0.150390625 0.2565104171875 0.140625 0.2421875 0.1455078125
3 0.76171875 0.482421875 0.75 0.4873046875 0.7265625 0.5107421875 0.7265625 0.5146484375 0.7356770828125 0.521484375 0.7421875 0.5205078125 0.7552083328125 0.5107421875 0.7682291671875 0.4931640625 0.7682291671875 0.4873046875 0.76171875 0.482421875
3 0.49609375 0.546875 0.4947916671875 0.5537109375 0.5130208328125 0.5791015625 0.5247395828125 0.58984375 0.5338541671875 0.5908203125 0.5338541671875 0.5771484375 0.5208333328125 0.5595703125 0.50390625 0.546875 0.49609375 0.546875
3 0.6315104171875 0.517578125 0.6197916671875 0.5244140625 0.6236979171875 0.53125 0.63671875 0.53515625 0.66015625 0.5390625 0.6770833328125 0.5380859375 0.6770833328125 0.5302734375 0.6705729171875 0.525390625 0.6419270828125 0.517578125 0.6315104171875 0.517578125
3 0.2591145828125 0.55078125 0.2578125 0.5595703125 0.2734375 0.5869140625 0.2799479171875 0.591796875 0.2890625 0.5908203125 0.2942708328125 0.5869140625 0.2890625 0.5732421875 0.2760416671875 0.5576171875 0.2591145828125 0.55078125
3 0.29296875 0.486328125 0.2838541671875 0.4931640625 0.2838541671875 0.4970703125 0.2903645828125 0.5 0.3046875 0.4990234375 0.3372395828125 0.486328125 0.3489583328125 0.4716796875 0.33984375 0.46875 0.29296875 0.486328125
3 0.4244791671875 0.4814453125 0.4244791671875 0.4853515625 0.4361979171875 0.490234375 0.46875 0.4931640625 0.4791666671875 0.4853515625 0.4622395828125 0.4765625 0.4361979171875 0.474609375 0.4244791671875 0.4814453125
3 0.5416666671875 0.4130859375 0.55078125 0.421875 0.5924479171875 0.439453125 0.6015625 0.4384765625 0.5963541671875 0.4228515625 0.57421875 0.412109375 0.5481770828125 0.408203125 0.5416666671875 0.4130859375
3 0.7486979171875 0.416015625 0.7369791671875 0.4208984375 0.7239583328125 0.4443359375 0.7239583328125 0.4619140625 0.7317708328125 0.4619140625 0.7395833328125 0.4560546875 0.7447916671875 0.4404296875 0.7526041671875 0.4306640625 0.7486979171875 0.416015625
3 0.4830729171875 0.2421875 0.4791666671875 0.2451171875 0.4791666671875 0.2529296875 0.5104166671875 0.2841796875 0.5182291671875 0.2861328125 0.5260416671875 0.2822265625 0.5208333328125 0.2666015625 0.4934895828125 0.244140625 0.4830729171875 0.2421875
3 0.5364583328125 0.3193359375 0.5559895828125 0.33203125 0.5768229171875 0.33984375 0.5859375 0.3388671875 0.5872395828125 0.330078125 0.5455729171875 0.310546875 0.5390625 0.3134765625 0.5364583328125 0.3193359375
3 0.6666666671875 0.2451171875 0.6770833328125 0.2666015625 0.6888020828125 0.279296875 0.6953125 0.2783203125 0.6953125 0.2548828125 0.6783854171875 0.236328125 0.66796875 0.236328125 0.6666666671875 0.2451171875
3 0.5677083328125 0.1552734375 0.5677083328125 0.1611328125 0.5885416671875 0.1923828125 0.59765625 0.197265625 0.6015625 0.1962890625 0.6015625 0.1787109375 0.5859375 0.1552734375 0.57421875 0.1484375 0.5677083328125 0.1552734375
3 0.71484375 0.15625 0.7109375 0.1591796875 0.7109375 0.1630859375 0.72265625 0.169921875 0.7513020828125 0.177734375 0.765625 0.1767578125 0.7682291671875 0.1728515625 0.7565104171875 0.162109375 0.7330729171875 0.15625 0.71484375 0.15625
3 0.6380208328125 0.4130859375 0.6380208328125 0.4228515625 0.6419270828125 0.42578125 0.6484375 0.4248046875 0.6744791671875 0.4013671875 0.68359375 0.3828125 0.6627604171875 0.38671875 0.6380208328125 0.4130859375
3 0.66796875 0.302734375 0.6263020828125 0.314453125 0.6197916671875 0.3193359375 0.6223958328125 0.3271484375 0.6354166671875 0.3271484375 0.6731770828125 0.31640625 0.6848958328125 0.3095703125 0.6848958328125 0.3037109375 0.66796875 0.302734375
3 0.7565104171875 0.337890625 0.7526041671875 0.3408203125 0.7526041671875 0.3583984375 0.7578125 0.3779296875 0.7630208328125 0.3876953125 0.7669270828125 0.390625 0.7734375 0.3896484375 0.7786458328125 0.3798828125 0.7734375 0.3544921875 0.7682291671875 0.3427734375 0.7565104171875 0.337890625
3 0.7513020828125 0.216796875 0.7434895828125 0.216796875 0.7395833328125 0.2197265625 0.7395833328125 0.2294921875 0.7447916671875 0.2412109375 0.7578125 0.2607421875 0.7643229171875 0.265625 0.7682291671875 0.2646484375 0.7734375 0.2587890625 0.7708333328125 0.2392578125 0.7630208328125 0.2255859375 0.7513020828125 0.216796875
3 0.35546875 0.392578125 0.3333333328125 0.4111328125 0.328125 0.4189453125 0.328125 0.4287109375 0.33203125 0.431640625 0.3385416671875 0.4306640625 0.3697916671875 0.4033203125 0.375 0.3955078125 0.3736979171875 0.390625 0.35546875 0.392578125
3 0.4830729171875 0.197265625 0.4596354171875 0.197265625 0.453125 0.2001953125 0.453125 0.2060546875 0.4596354171875 0.2109375 0.4830729171875 0.21484375 0.5078125 0.2138671875 0.5208333328125 0.2099609375 0.5234375 0.2041015625 0.51953125 0.201171875 0.4830729171875 0.197265625