3 0.3151041671875 0.1337890625 0.3255208328125 0.1474609375 0.3450520828125 0.16015625 0.35546875 0.1640625 0.3619791671875 0.1630859375 0.3645833328125 0.1552734375 0.3541666671875 0.1455078125 0.3190104171875 0.126953125 0.3151041671875 0.1337890625
3 0.2825520828125 0.302734375 0.2786458328125 0.3095703125 0.2838541671875 0.3173828125 0.3190104171875 0.34375 0.3307291671875 0.3447265625 0.328125 0.3310546875 0.3229166671875 0.3251953125 0.2955729171875 0.3046875 0.2825520828125 0.302734375
3 0.16796875 0.298828125 0.1549479171875 0.3046875 0.1171875 0.3310546875 0.1236979171875 0.337890625 0.1302083328125 0.3369140625 0.1419270828125 0.333984375 0.1770833328125 0.3095703125 0.17578125 0.298828125 0.16796875 0.298828125
3 0.3580729171875 0.220703125 0.3268229171875 0.22265625 0.3111979171875 0.2265625 0.3072916671875 0.2314453125 0.32421875 0.240234375 0.3359375 0.2392578125 0.3606770828125 0.236328125 0.3671875 0.2314453125 0.3671875 0.2255859375 0.3580729171875 0.220703125
3 0.23177083281250002 0.1435546875 0.22526041718749998 0.140625 0.2109375 0.1513671875 0.1901041671875 0.1806640625 0.1901041671875 0.1884765625 0.1940104171875 0.19140625 0.20052083281250002 0.1904296875 0.21354166718749998 0.1826171875 0.23177083281250002 0.1572265625 0.234375 0.1494140625 0.23177083281250002 0.1435546875
3 0.1497395828125 0.1875 0.1393229171875 0.189453125 0.09765625 0.205078125 0.09375 0.2080078125 0.09375 0.2158203125 0.1028645828125 0.220703125 0.109375 0.2197265625 0.14453125 0.208984375 0.15625 0.1962890625 0.15625 0.1904296875 0.1497395828125 0.1875
3 0.4596354171875 0.384765625 0.4557291671875 0.3876953125 0.4609375 0.3974609375 0.4856770828125 0.4140625 0.4934895828125 0.41796875 0.5026041671875 0.4169921875 0.5 0.4052734375 0.4778645828125 0.388671875 0.4700520828125 0.384765625 0.4596354171875 0.384765625
3 0.5690104171875 0.357421875 0.5677083328125 0.3642578125 0.5755208328125 0.3798828125 0.5833333328125 0.3837890625 0.59765625 0.400390625 0.6119791671875 0.4013671875 0.6119791671875 0.3955078125 0.5911458328125 0.3701171875 0.57421875 0.357421875 0.5690104171875 0.357421875
3 0.5143229171875 0.306640625 0.50390625 0.310546875 0.46875 0.3369140625 0.4700520828125 0.34375 0.4869791671875 0.3427734375 0.49609375 0.33984375 0.5182291671875 0.3232421875 0.5208333328125 0.3115234375 0.5143229171875 0.306640625
3 0.6106770828125 0.28125 0.5651041671875 0.2958984375 0.56640625 0.302734375 0.5833333328125 0.3037109375 0.6184895828125 0.294921875 0.6302083328125 0.2861328125 0.6302083328125 0.2822265625 0.6106770828125 0.28125
3 0.7096354171875 0.14453125 0.703125 0.1513671875 0.7057291671875 0.1552734375 0.73828125 0.1796875 0.7421875 0.1787109375 0.7526041671875 0.1728515625 0.7526041671875 0.1669921875 0.7278645828125 0.1484375 0.7096354171875 0.14453125
3 0.6536458328125 0.3466796875 0.6627604171875 0.357421875 0.6888020828125 0.369140625 0.6953125 0.3681640625 0.7083333328125 0.3662109375 0.7018229171875 0.357421875 0.6653645828125 0.341796875 0.6536458328125 0.3466796875
3 0.6861979171875 0.259765625 0.6822916671875 0.2626953125 0.6940104171875 0.2734375 0.73046875 0.294921875 0.7421875 0.2939453125 0.7395833328125 0.2822265625 0.7122395828125 0.263671875 0.7018229171875 0.259765625 0.6861979171875 0.259765625
3 0.50390625 0.154296875 0.4934895828125 0.154296875 0.4895833328125 0.1572265625 0.5065104171875 0.173828125 0.5299479171875 0.181640625 0.546875 0.1826171875 0.5546875 0.1787109375 0.5546875 0.1748046875 0.5455729171875 0.16796875 0.50390625 0.154296875
3 0.6263020828125 0.189453125 0.6197916671875 0.1943359375 0.6276041671875 0.2041015625 0.6549479171875 0.224609375 0.6627604171875 0.228515625 0.671875 0.2275390625 0.6744791671875 0.2216796875 0.6692708328125 0.2119140625 0.64453125 0.193359375 0.6263020828125 0.189453125
3 0.5221354171875 0.212890625 0.5104166671875 0.2216796875 0.4869791671875 0.2548828125 0.4869791671875 0.2607421875 0.4947916671875 0.2626953125 0.515625 0.2490234375 0.53125 0.2255859375 0.5299479171875 0.21484375 0.5221354171875 0.212890625
3 0.1653645828125 0.525390625 0.1536458328125 0.5302734375 0.1354166671875 0.5673828125 0.1354166671875 0.5810546875 0.1432291671875 0.5810546875 0.1536458328125 0.5732421875 0.1588541671875 0.5634765625 0.1692708328125 0.5361328125 0.1653645828125 0.525390625
3 0.12109375 0.4453125 0.1171875 0.4482421875 0.1197916671875 0.4599609375 0.1432291671875 0.4873046875 0.1536458328125 0.4892578125 0.1536458328125 0.4716796875 0.1380208328125 0.4521484375 0.12890625 0.4453125 0.12109375 0.4453125
3 0.3763020828125 0.392578125 0.3580729171875 0.392578125 0.3346354171875 0.404296875 0.3255208328125 0.4189453125 0.3294270828125 0.421875 0.3385416671875 0.4208984375 0.3684895828125 0.408203125 0.3802083328125 0.3994140625 0.3802083328125 0.3955078125 0.3763020828125 0.392578125
3 0.25390625 0.5078125 0.23697916718749998 0.5068359375 0.2421875 0.5126953125 0.23958333281250002 0.5166015625 0.2591145828125 0.52734375 0.2721354171875 0.53125 0.2890625 0.5302734375 0.2916666671875 0.5244140625 0.28515625 0.51953125 0.2669270828125 0.515625 0.25390625 0.5078125
3 0.3697916671875 0.4248046875 0.3697916671875 0.4306640625 0.3815104171875 0.439453125 0.41015625 0.44921875 0.4244791671875 0.4482421875 0.4296875 0.4443359375 0.4283854171875 0.4375 0.37890625 0.421875 0.3697916671875 0.4248046875
3 0.21484375 0.359375 0.20572916718749998 0.3623046875 0.1953125 0.3935546875 0.1953125 0.4072265625 0.19921875 0.41015625 0.20572916718749998 0.4091796875 0.21614583281250002 0.4013671875 0.2265625 0.3779296875 0.2265625 0.3681640625 0.21484375 0.359375
3 0.23177083281250002 0.7392578125 0.23567708281250002 0.744140625 0.24348958281250002 0.74609375 0.2760416671875 0.7470703125 0.2864583328125 0.7392578125 0.2825520828125 0.732421875 0.24609375 0.73046875 0.23177083281250002 0.7392578125
3 0.12890625 0.626953125 0.10546875 0.6328125 0.08333333281250001 0.6435546875 0.08984375 0.650390625 0.1015625 0.6494140625 0.1393229171875 0.638671875 0.1458333328125 0.6298828125 0.1419270828125 0.626953125 0.12890625 0.626953125
3 0.2526041671875 0.5869140625 0.25 0.6201171875 0.2565104171875 0.62890625 0.265625 0.6279296875 0.2708333328125 0.6103515625 0.2708333328125 0.5849609375 0.2591145828125 0.58203125 0.2526041671875 0.5869140625
3 0.1471354171875 0.697265625 0.140625 0.7041015625 0.1276041671875 0.7392578125 0.1315104171875 0.74609375 0.140625 0.7470703125 0.1484375 0.7431640625 0.1588541671875 0.7197265625 0.1549479171875 0.697265625 0.1471354171875 0.697265625
3 0.4479166671875 0.6748046875 0.4479166671875 0.7041015625 0.4518229171875 0.70703125 0.4583333328125 0.7060546875 0.4661458328125 0.6943359375 0.4700520828125 0.66015625 0.4596354171875 0.662109375 0.4479166671875 0.6748046875
3 0.64453125 0.681640625 0.625 0.6865234375 0.6276041671875 0.6943359375 0.6341145828125 0.697265625 0.6744791671875 0.6962890625 0.6861979171875 0.693359375 0.6901041671875 0.6884765625 0.68359375 0.681640625 0.64453125 0.681640625
3 0.3684895828125 0.669921875 0.35546875 0.669921875 0.3515625 0.6728515625 0.3515625 0.6767578125 0.3763020828125 0.693359375 0.3997395828125 0.703125 0.4114583328125 0.7021484375 0.4140625 0.7001953125 0.4088541671875 0.6923828125 0.37890625 0.673828125 0.3684895828125 0.669921875
3 0.55078125 0.748046875 0.5442708328125 0.7529296875 0.546875 0.7880859375 0.5533854171875 0.794921875 0.5651041671875 0.7939453125 0.5703125 0.7861328125 0.5677083328125 0.7587890625 0.5611979171875 0.751953125 0.55078125 0.748046875
3 0.3541666671875 0.7626953125 0.3489583328125 0.7685546875 0.3463541671875 0.7841796875 0.359375 0.7841796875 0.3932291671875 0.7587890625 0.39453125 0.74609375 0.37890625 0.74609375 0.3541666671875 0.7626953125
3 0.6861979171875 0.7578125 0.6809895828125 0.7578125 0.6666666671875 0.7666015625 0.6510416671875 0.7880859375 0.6484375 0.7978515625 0.6614583328125 0.8037109375 0.671875 0.7978515625 0.6848958328125 0.7783203125 0.6901041671875 0.7666015625 0.6861979171875 0.7578125
3 0.5013020828125 0.755859375 0.4908854171875 0.7578125 0.4817708328125 0.7646484375 0.4661458328125 0.7900390625 0.4635416671875 0.7998046875 0.47265625 0.80859375 0.4765625 0.8076171875 0.484375 0.8037109375 0.4947916671875 0.7900390625 0.5052083328125 0.7646484375 0.5013020828125 0.755859375
3 0.5130208328125 0.4873046875 0.5130208328125 0.4912109375 0.5221354171875 0.498046875 0.5455729171875 0.50390625 0.5598958328125 0.5029296875 0.5755208328125 0.4970703125 0.5690104171875 0.490234375 0.5481770828125 0.486328125 0.5130208328125 0.4873046875
3 0.5481770828125 0.560546875 0.5143229171875 0.572265625 0.5078125 0.5810546875 0.5104166671875 0.5849609375 0.5286458328125 0.5849609375 0.5611979171875 0.57421875 0.5677083328125 0.5673828125 0.5651041671875 0.5634765625 0.5481770828125 0.560546875
3 0.6822916671875 0.6025390625 0.6848958328125 0.6318359375 0.6901041671875 0.6396484375 0.69921875 0.646484375 0.703125 0.6455078125 0.7057291671875 0.6318359375 0.7005208328125 0.5986328125 0.69140625 0.59375 0.6822916671875 0.6025390625
3 0.60546875 0.603515625 0.578125 0.6279296875 0.578125 0.6416015625 0.5885416671875 0.6416015625 0.625 0.6083984375 0.6276041671875 0.6025390625 0.6236979171875 0.599609375 0.60546875 0.603515625
3 0.71484375 0.5078125 0.6848958328125 0.5341796875 0.6848958328125 0.5439453125 0.6888020828125 0.546875 0.6953125 0.5458984375 0.7291666671875 0.5185546875 0.734375 0.5107421875 0.73046875 0.50390625 0.71484375 0.5078125
3 0.44921875 0.517578125 0.4401041671875 0.5205078125 0.4375 0.5283203125 0.4322916671875 0.5654296875 0.4361979171875 0.5703125 0.4401041671875 0.5693359375 0.4479166671875 0.5654296875 0.4557291671875 0.5517578125 0.4557291671875 0.5244140625 0.44921875 0.517578125
3 0.68359375 0.466796875 0.64453125 0.48046875 0.6380208328125 0.4873046875 0.64453125 0.494140625 0.6614583328125 0.4931640625 0.6888020828125 0.484375 0.703125 0.4736328125 0.703125 0.4677734375 0.68359375 0.466796875