3 0.1158854171875 0.326171875 0.1041666671875 0.3291015625 0.1067708328125 0.3369140625 0.1158854171875 0.341796875 0.1549479171875 0.359375 0.1666666671875 0.3583984375 0.1640625 0.3486328125 0.1497395828125 0.337890625 0.12890625 0.328125 0.1158854171875 0.326171875
3 0.17578125 0.21875 0.1770833328125 0.2626953125 0.1796875 0.2705078125 0.18359375 0.2734375 0.1901041671875 0.2724609375 0.1953125 0.2666015625 0.1927083328125 0.2353515625 0.1875 0.2236328125 0.17578125 0.21875
3 0.3684895828125 0.201171875 0.3619791671875 0.2041015625 0.359375 0.2138671875 0.3658854171875 0.21875 0.4010416671875 0.2236328125 0.4166666671875 0.2197265625 0.4166666671875 0.2138671875 0.41015625 0.208984375 0.3684895828125 0.201171875
3 0.4856770828125 0.3046875 0.47265625 0.3046875 0.4388020828125 0.3125 0.4244791671875 0.3212890625 0.421875 0.3271484375 0.42578125 0.330078125 0.4401041671875 0.3291015625 0.4830729171875 0.3203125 0.4934895828125 0.31640625 0.4973958328125 0.3095703125 0.4856770828125 0.3046875
3 0.5221354171875 0.19921875 0.515625 0.2041015625 0.515625 0.2099609375 0.5234375 0.2255859375 0.5234375 0.2392578125 0.5325520828125 0.25 0.5390625 0.2490234375 0.5442708328125 0.2431640625 0.5390625 0.2138671875 0.5338541671875 0.2060546875 0.5221354171875 0.19921875
3 0.1940104171875 0.169921875 0.1653645828125 0.177734375 0.15625 0.1845703125 0.15625 0.1923828125 0.1744791671875 0.1923828125 0.20963541718749998 0.18359375 0.21614583281250002 0.1748046875 0.20963541718749998 0.169921875 0.1940104171875 0.169921875
3 0.3984375 0.1474609375 0.41015625 0.16015625 0.4388020828125 0.169921875 0.4583333328125 0.1708984375 0.4661458328125 0.1669921875 0.4622395828125 0.16015625 0.41015625 0.14453125 0.3984375 0.1474609375
3 0.34765625 0.166015625 0.3138020828125 0.171875 0.3098958328125 0.1767578125 0.3216145828125 0.185546875 0.3489583328125 0.1845703125 0.3658854171875 0.181640625 0.375 0.1708984375 0.3684895828125 0.166015625 0.34765625 0.166015625
3 0.29296875 0.220703125 0.2890625 0.2236328125 0.3033854171875 0.236328125 0.3372395828125 0.248046875 0.3515625 0.2470703125 0.359375 0.2431640625 0.35546875 0.236328125 0.3059895828125 0.220703125 0.29296875 0.220703125
3 0.5325520828125 0.33203125 0.5234375 0.3466796875 0.5234375 0.3857421875 0.5364583328125 0.3857421875 0.5416666671875 0.3818359375 0.5442708328125 0.3720703125 0.5442708328125 0.3427734375 0.5325520828125 0.33203125
3 0.66796875 0.248046875 0.65234375 0.248046875 0.6145833328125 0.2626953125 0.6184895828125 0.26953125 0.640625 0.2685546875 0.6627604171875 0.26171875 0.671875 0.2548828125 0.671875 0.2509765625 0.66796875 0.248046875
3 0.72265625 0.33984375 0.6927083328125 0.3408203125 0.6927083328125 0.3466796875 0.7018229171875 0.3515625 0.7200520828125 0.35546875 0.7526041671875 0.3544921875 0.7604166671875 0.3505859375 0.7604166671875 0.3466796875 0.75390625 0.34375 0.72265625 0.33984375
3 0.7395833328125 0.2490234375 0.7265625 0.2744140625 0.7291666671875 0.2861328125 0.7330729171875 0.2890625 0.7395833328125 0.2880859375 0.7552083328125 0.2587890625 0.7552083328125 0.2470703125 0.7513020828125 0.244140625 0.7395833328125 0.2490234375
3 0.6315104171875 0.154296875 0.6276041671875 0.1689453125 0.6354166671875 0.1845703125 0.65234375 0.201171875 0.6614583328125 0.2021484375 0.6588541671875 0.1884765625 0.6458333328125 0.1650390625 0.640625 0.1572265625 0.6315104171875 0.154296875
3 0.7317708328125 0.1611328125 0.7291666671875 0.1669921875 0.7356770828125 0.171875 0.7447916671875 0.1708984375 0.7760416671875 0.1533203125 0.77734375 0.13671875 0.7669270828125 0.13671875 0.7317708328125 0.1611328125
3 0.1328125 0.4091796875 0.1354166671875 0.4169921875 0.1627604171875 0.439453125 0.1783854171875 0.447265625 0.1848958328125 0.4462890625 0.1822916671875 0.4306640625 0.1497395828125 0.40625 0.1393229171875 0.404296875 0.1328125 0.4091796875
3 0.16015625 0.75 0.1315104171875 0.765625 0.125 0.7724609375 0.125 0.7822265625 0.12890625 0.78515625 0.1354166671875 0.7841796875 0.17578125 0.763671875 0.1822916671875 0.7529296875 0.1783854171875 0.75 0.16015625 0.75
3 0.1419270828125 0.658203125 0.125 0.6591796875 0.1276041671875 0.6708984375 0.1393229171875 0.6796875 0.16796875 0.689453125 0.1796875 0.6884765625 0.1875 0.6826171875 0.18359375 0.67578125 0.1497395828125 0.6640625 0.1419270828125 0.658203125
3 0.15234375 0.56640625 0.1106770828125 0.5703125 0.1041666671875 0.5732421875 0.1041666671875 0.5771484375 0.1158854171875 0.583984375 0.1458333328125 0.5830078125 0.16796875 0.58203125 0.1822916671875 0.5712890625 0.1731770828125 0.56640625 0.15234375 0.56640625
3 0.3971354171875 0.36328125 0.3854166671875 0.3642578125 0.3880208328125 0.3740234375 0.3997395828125 0.3828125 0.42578125 0.392578125 0.4322916671875 0.3916015625 0.4401041671875 0.3876953125 0.4401041671875 0.3837890625 0.4309895828125 0.376953125 0.3971354171875 0.36328125
3 0.3372395828125 0.51953125 0.328125 0.5244140625 0.328125 0.5283203125 0.3424479171875 0.53515625 0.36328125 0.537109375 0.3815104171875 0.54296875 0.3958333328125 0.5419921875 0.3958333328125 0.5361328125 0.37890625 0.525390625 0.3502604171875 0.51953125 0.3372395828125 0.51953125
3 0.4283854171875 0.55859375 0.3880208328125 0.5947265625 0.3854166671875 0.6044921875 0.3958333328125 0.6044921875 0.4049479171875 0.6015625 0.4348958328125 0.5751953125 0.4361979171875 0.55859375 0.4283854171875 0.55859375
3 0.55078125 0.498046875 0.51953125 0.49609375 0.5091145828125 0.498046875 0.5026041671875 0.5068359375 0.51171875 0.513671875 0.5364583328125 0.5126953125 0.5559895828125 0.51171875 0.5625 0.5087890625 0.5625 0.5048828125 0.55078125 0.498046875
3 0.60546875 0.41015625 0.5846354171875 0.41015625 0.55859375 0.4140625 0.5390625 0.4248046875 0.54296875 0.4296875 0.5625 0.4287109375 0.6002604171875 0.421875 0.609375 0.4169921875 0.609375 0.4130859375 0.60546875 0.41015625
3 0.29296875 0.384765625 0.2890625 0.3896484375 0.2916666671875 0.4248046875 0.296875 0.4345703125 0.3072916671875 0.4365234375 0.3125 0.4326171875 0.3125 0.4033203125 0.3020833328125 0.3876953125 0.29296875 0.384765625
3 0.6953125 0.7529296875 0.6953125 0.7646484375 0.7005208328125 0.7763671875 0.7122395828125 0.7890625 0.7200520828125 0.79296875 0.7265625 0.7919921875 0.7265625 0.7822265625 0.7083333328125 0.7548828125 0.69921875 0.75 0.6953125 0.7529296875
3 0.3645833328125 0.7607421875 0.3489583328125 0.7958984375 0.3489583328125 0.8037109375 0.3528645828125 0.806640625 0.359375 0.8056640625 0.3697916671875 0.7958984375 0.3802083328125 0.7705078125 0.3763020828125 0.755859375 0.3645833328125 0.7607421875
3 0.4049479171875 0.736328125 0.4010416671875 0.7412109375 0.4010416671875 0.7529296875 0.4114583328125 0.7705078125 0.4205729171875 0.783203125 0.4309895828125 0.7890625 0.4375 0.7880859375 0.4401041671875 0.7822265625 0.421875 0.7470703125 0.41015625 0.736328125 0.4049479171875 0.736328125
3 0.5872395828125 0.681640625 0.55859375 0.689453125 0.5520833328125 0.6943359375 0.5559895828125 0.69921875 0.5755208328125 0.6982421875 0.6080729171875 0.69140625 0.6119791671875 0.6845703125 0.60546875 0.681640625 0.5872395828125 0.681640625
3 0.3424479171875 0.6484375 0.3359375 0.6533203125 0.3359375 0.6611328125 0.3424479171875 0.6640625 0.390625 0.6630859375 0.3997395828125 0.662109375 0.4036458328125 0.6572265625 0.3893229171875 0.6484375 0.3424479171875 0.6484375
3 0.4986979171875 0.62109375 0.4765625 0.6455078125 0.4713541671875 0.6650390625 0.4752604171875 0.66796875 0.4817708328125 0.6669921875 0.5078125 0.6357421875 0.5130208328125 0.6259765625 0.5091145828125 0.62109375 0.4986979171875 0.62109375
3 0.5716145828125 0.638671875 0.5677083328125 0.6416015625 0.5677083328125 0.6455078125 0.58203125 0.65234375 0.6184895828125 0.66015625 0.6302083328125 0.6591796875 0.6328125 0.6533203125 0.62109375 0.64453125 0.5924479171875 0.638671875 0.5716145828125 0.638671875
3 0.6888020828125 0.66015625 0.6796875 0.6669921875 0.6796875 0.6748046875 0.6953125 0.6748046875 0.7330729171875 0.66015625 0.7369791671875 0.6533203125 0.71484375 0.650390625 0.6888020828125 0.66015625
3 0.67578125 0.39453125 0.671875 0.4033203125 0.6796875 0.4189453125 0.7018229171875 0.439453125 0.7109375 0.4384765625 0.7135416671875 0.4345703125 0.6979166671875 0.4111328125 0.6875 0.3994140625 0.67578125 0.39453125
3 0.5846354171875 0.525390625 0.5611979171875 0.529296875 0.5494791671875 0.5380859375 0.5533854171875 0.544921875 0.5703125 0.5439453125 0.59765625 0.5390625 0.6015625 0.5361328125 0.6015625 0.5263671875 0.5846354171875 0.525390625
3 0.7122395828125 0.521484375 0.703125 0.5283203125 0.6927083328125 0.5517578125 0.6953125 0.5654296875 0.703125 0.5673828125 0.7083333328125 0.5634765625 0.7239583328125 0.5283203125 0.7174479171875 0.521484375 0.7122395828125 0.521484375
3 0.7473958328125 0.4677734375 0.7317708328125 0.4931640625 0.7291666671875 0.5029296875 0.73828125 0.509765625 0.7447916671875 0.5087890625 0.7604166671875 0.4794921875 0.76171875 0.462890625 0.75390625 0.462890625 0.7473958328125 0.4677734375
3 0.7122395828125 0.712890625 0.7083333328125 0.7158203125 0.7057291671875 0.7197265625 0.71484375 0.728515625 0.7513020828125 0.744140625 0.7630208328125 0.7431640625 0.7578125 0.7314453125 0.7513020828125 0.7265625 0.72265625 0.712890625 0.7122395828125 0.712890625
3 0.73828125 0.578125 0.7291666671875 0.5791015625 0.71875 0.5986328125 0.7161458328125 0.6220703125 0.7200520828125 0.62890625 0.7265625 0.6279296875 0.7395833328125 0.6162109375 0.7447916671875 0.5966796875 0.7447916671875 0.5830078125 0.73828125 0.578125
3 0.24869791718749998 0.57421875 0.24088541718749998 0.57421875 0.23697916718749998 0.5830078125 0.2526041671875 0.6123046875 0.26171875 0.623046875 0.2682291671875 0.6220703125 0.2708333328125 0.6064453125 0.265625 0.5927734375 0.2578125 0.5810546875 0.24869791718749998 0.57421875