3 0.3125 0.3330078125 0.3125 0.3427734375 0.31640625 0.345703125 0.3229166671875 0.3447265625 0.3515625 0.3134765625 0.34765625 0.3046875 0.328125 0.3134765625 0.3125 0.3330078125
3 0.43359375 0.341796875 0.4283854171875 0.341796875 0.421875 0.3486328125 0.4140625 0.3759765625 0.4166666671875 0.3916015625 0.4270833328125 0.3916015625 0.4322916671875 0.3857421875 0.4375 0.3642578125 0.4375 0.3466796875 0.43359375 0.341796875
3 0.4622395828125 0.25 0.4583333328125 0.2529296875 0.4674479171875 0.26171875 0.4934895828125 0.271484375 0.5130208328125 0.2744140625 0.5208333328125 0.2666015625 0.51171875 0.259765625 0.4752604171875 0.25 0.4622395828125 0.25
3 0.1549479171875 0.166015625 0.1510416671875 0.1689453125 0.1536458328125 0.1748046875 0.16796875 0.181640625 0.20052083281250002 0.1826171875 0.20963541718749998 0.181640625 0.21614583281250002 0.1748046875 0.20963541718749998 0.16796875 0.1549479171875 0.166015625
3 0.40234375 0.166015625 0.3958333328125 0.1708984375 0.3997395828125 0.1796875 0.453125 0.1884765625 0.4609375 0.1865234375 0.4609375 0.1806640625 0.4440104171875 0.169921875 0.40234375 0.166015625
3 0.265625 0.1416015625 0.265625 0.1474609375 0.2721354171875 0.15234375 0.29296875 0.16015625 0.3111979171875 0.1640625 0.3333333328125 0.1630859375 0.3359375 0.1572265625 0.3216145828125 0.150390625 0.2747395828125 0.138671875 0.265625 0.1416015625
3 0.15234375 0.29296875 0.1419270828125 0.294921875 0.1328125 0.3017578125 0.1419270828125 0.30859375 0.1979166671875 0.3076171875 0.20572916718749998 0.3037109375 0.20572916718749998 0.2978515625 0.1966145828125 0.29296875 0.15234375 0.29296875
3 0.3255208328125 0.1884765625 0.3255208328125 0.1962890625 0.3385416671875 0.2138671875 0.3606770828125 0.234375 0.3697916671875 0.2333984375 0.3697916671875 0.2216796875 0.3489583328125 0.1943359375 0.3294270828125 0.185546875 0.3255208328125 0.1884765625
3 0.25390625 0.2265625 0.24479166718749998 0.2314453125 0.24479166718749998 0.2353515625 0.25390625 0.2421875 0.2877604171875 0.248046875 0.3020833328125 0.2470703125 0.3177083328125 0.2412109375 0.3138020828125 0.234375 0.2643229171875 0.2265625 0.25390625 0.2265625
3 0.6145833328125 0.2255859375 0.6067708328125 0.2548828125 0.609375 0.2646484375 0.61328125 0.267578125 0.6197916671875 0.2666015625 0.6328125 0.2314453125 0.6328125 0.2177734375 0.62890625 0.21484375 0.6145833328125 0.2255859375
3 0.71875 0.1630859375 0.7421875 0.1943359375 0.74609375 0.197265625 0.7526041671875 0.1962890625 0.7552083328125 0.1787109375 0.7447916671875 0.1650390625 0.7252604171875 0.154296875 0.71875 0.1630859375
3 0.6554349328125 0.3480397859375 0.673046871875 0.3471774859375 0.676875528125 0.33223096875 0.6194453296875 0.3316561046875 0.618296725 0.3468900578125 0.6554349328125 0.3480397859375
3 0.5182291671875 0.3818359375 0.5325520828125 0.392578125 0.5611979171875 0.40234375 0.5755208328125 0.4013671875 0.5755208328125 0.3935546875 0.5481770828125 0.37890625 0.5299479171875 0.376953125 0.5182291671875 0.3818359375
3 0.71484375 0.2734375 0.69140625 0.27734375 0.6822916671875 0.2822265625 0.6888020828125 0.2890625 0.703125 0.2900390625 0.73828125 0.28515625 0.75 0.2763671875 0.75 0.2724609375 0.71484375 0.2734375
3 0.6966145828125 0.181640625 0.66015625 0.189453125 0.6588541671875 0.1962890625 0.66796875 0.203125 0.6744791671875 0.2021484375 0.7122395828125 0.193359375 0.71875 0.1865234375 0.7161458328125 0.1826171875 0.6966145828125 0.181640625
3 0.55078125 0.158203125 0.5416666671875 0.1611328125 0.5416666671875 0.1669921875 0.5533854171875 0.173828125 0.5911458328125 0.1728515625 0.5989583328125 0.1689453125 0.5989583328125 0.1611328125 0.5924479171875 0.158203125 0.55078125 0.158203125
3 0.4427083328125 0.4990234375 0.4401041671875 0.5048828125 0.4622395828125 0.517578125 0.48828125 0.525390625 0.5 0.5244140625 0.5026041671875 0.5185546875 0.4934895828125 0.509765625 0.4544270828125 0.49609375 0.4427083328125 0.4990234375
3 0.6028645828125 0.421875 0.6015625 0.4306640625 0.6067708328125 0.4404296875 0.6171875 0.4580078125 0.6276041671875 0.4638671875 0.6354166671875 0.4599609375 0.6302083328125 0.4365234375 0.62109375 0.423828125 0.6028645828125 0.421875
3 0.5169270828125 0.42578125 0.5130208328125 0.4287109375 0.5130208328125 0.4599609375 0.5182291671875 0.4755859375 0.5260416671875 0.4775390625 0.5338541671875 0.4697265625 0.5338541671875 0.4501953125 0.5286458328125 0.4326171875 0.5169270828125 0.42578125
3 0.1315104171875 0.400390625 0.1276041671875 0.4033203125 0.1276041671875 0.4130859375 0.1432291671875 0.4404296875 0.1549479171875 0.44921875 0.1666666671875 0.4482421875 0.1640625 0.4345703125 0.1510416671875 0.4150390625 0.1432291671875 0.4052734375 0.1315104171875 0.400390625
3 0.1731770828125 0.365234375 0.1692708328125 0.3740234375 0.1796875 0.3857421875 0.20182291718749998 0.40234375 0.21614583281250002 0.4052734375 0.22135416718749998 0.4033203125 0.22135416718749998 0.3955078125 0.1809895828125 0.36328125 0.1731770828125 0.365234375
3 0.2734375 0.5380859375 0.2578125 0.5576171875 0.2578125 0.5712890625 0.265625 0.5732421875 0.2994791671875 0.5361328125 0.2955729171875 0.52734375 0.2903645828125 0.52734375 0.2734375 0.5380859375
3 0.24088541718749998 0.62890625 0.21875 0.6435546875 0.21354166718749998 0.6572265625 0.21744791718749998 0.66015625 0.22395833281250002 0.6591796875 0.2708333328125 0.6279296875 0.26953125 0.623046875 0.2565104171875 0.623046875 0.24088541718749998 0.62890625
3 0.1588541671875 0.6767578125 0.1484375 0.7138671875 0.1484375 0.7236328125 0.15234375 0.7265625 0.1614583328125 0.7255859375 0.1744791671875 0.6865234375 0.171875 0.6728515625 0.16796875 0.669921875 0.1588541671875 0.6767578125
3 0.1575520828125 0.517578125 0.15234375 0.517578125 0.1197916671875 0.5458984375 0.1145833328125 0.5556640625 0.1236979171875 0.560546875 0.1276041671875 0.5595703125 0.1458333328125 0.5478515625 0.1588541671875 0.5341796875 0.1614583328125 0.5224609375 0.1575520828125 0.517578125
3 0.3294270828125 0.443359375 0.3177083328125 0.4580078125 0.3177083328125 0.4931640625 0.328125 0.5029296875 0.3333333328125 0.5009765625 0.3359375 0.4931640625 0.3359375 0.4501953125 0.3294270828125 0.443359375
3 0.2630208328125 0.3818359375 0.2630208328125 0.3857421875 0.2721354171875 0.392578125 0.30859375 0.408203125 0.328125 0.4091796875 0.3255208328125 0.3994140625 0.2981770828125 0.384765625 0.2799479171875 0.37890625 0.2630208328125 0.3818359375
3 0.59765625 0.71875 0.59375 0.7216796875 0.5963541671875 0.7294921875 0.6171875 0.7568359375 0.62109375 0.759765625 0.6302083328125 0.7587890625 0.6328125 0.7490234375 0.6197916671875 0.7275390625 0.6106770828125 0.720703125 0.59765625 0.71875
3 0.5299479171875 0.724609375 0.53125 0.7373046875 0.5494791671875 0.7646484375 0.5559895828125 0.771484375 0.5703125 0.7724609375 0.5677083328125 0.7548828125 0.5520833328125 0.7333984375 0.54296875 0.724609375 0.5299479171875 0.724609375
3 0.671875 0.7197265625 0.671875 0.7294921875 0.6796875 0.7470703125 0.69140625 0.76171875 0.7018229171875 0.765625 0.7083333328125 0.7646484375 0.7083333328125 0.7568359375 0.6901041671875 0.7197265625 0.6783854171875 0.71484375 0.671875 0.7197265625
3 0.4583333328125 0.7236328125 0.4609375 0.7392578125 0.4817708328125 0.7666015625 0.4908854171875 0.7734375 0.4973958328125 0.7724609375 0.5026041671875 0.7646484375 0.4765625 0.7255859375 0.46484375 0.71875 0.4583333328125 0.7236328125
3 0.6927083328125 0.5107421875 0.6927083328125 0.5361328125 0.7018229171875 0.544921875 0.7109375 0.5458984375 0.7135416671875 0.5048828125 0.7044270828125 0.5 0.6953125 0.5048828125 0.6927083328125 0.5107421875
3 0.6901041671875 0.4052734375 0.6927083328125 0.4150390625 0.71484375 0.431640625 0.7356770828125 0.44140625 0.7421875 0.4404296875 0.7473958328125 0.4345703125 0.7356770828125 0.423828125 0.7018229171875 0.404296875 0.6901041671875 0.4052734375
3 0.2643229171875 0.744140625 0.23046875 0.744140625 0.21614583281250002 0.7548828125 0.22005208281250002 0.7578125 0.2760416671875 0.7568359375 0.28125 0.7548828125 0.28125 0.7509765625 0.2747395828125 0.74609375 0.2643229171875 0.744140625
3 0.3111979171875 0.6484375 0.3072916671875 0.6513671875 0.3072916671875 0.6572265625 0.3138020828125 0.662109375 0.3541666671875 0.6630859375 0.3684895828125 0.658203125 0.3723958328125 0.6513671875 0.3658854171875 0.6484375 0.3111979171875 0.6484375
3 0.3619791671875 0.5537109375 0.3645833328125 0.5595703125 0.3763020828125 0.56640625 0.4049479171875 0.572265625 0.4140625 0.5712890625 0.421875 0.5654296875 0.4153645828125 0.556640625 0.3736979171875 0.548828125 0.3619791671875 0.5537109375
3 0.4127604171875 0.587890625 0.4088541671875 0.5908203125 0.4088541671875 0.6240234375 0.4166666671875 0.6396484375 0.4270833328125 0.6396484375 0.4322916671875 0.6318359375 0.4296875 0.6025390625 0.421875 0.5908203125 0.4127604171875 0.587890625
3 0.4947916671875 0.6220703125 0.5013020828125 0.63671875 0.5325520828125 0.650390625 0.5364583328125 0.6494140625 0.5390625 0.6455078125 0.53515625 0.634765625 0.5013020828125 0.619140625 0.4947916671875 0.6220703125
3 0.578125 0.5712890625 0.5794270828125 0.578125 0.6002604171875 0.5859375 0.6158854171875 0.58984375 0.6432291671875 0.5888671875 0.63671875 0.580078125 0.62109375 0.57421875 0.6028645828125 0.5703125 0.578125 0.5712890625
3 0.6966145828125 0.609375 0.6927083328125 0.6123046875 0.6927083328125 0.6279296875 0.6979166671875 0.6474609375 0.7005208328125 0.6533203125 0.7109375 0.6572265625 0.71875 0.6494140625 0.7135416671875 0.6220703125 0.7083333328125 0.6142578125 0.6966145828125 0.609375