3 0.20963541718749998 0.177734375 0.1966145828125 0.177734375 0.1705729171875 0.18359375 0.15625 0.1943359375 0.15625 0.1982421875 0.1614583328125 0.2001953125 0.1966145828125 0.1953125 0.21223958281250002 0.189453125 0.21614583281250002 0.1826171875 0.20963541718749998 0.177734375
3 0.1393229171875 0.4140625 0.1354166671875 0.4228515625 0.1627604171875 0.4453125 0.17578125 0.453125 0.1848958328125 0.4541015625 0.1875 0.4501953125 0.1822916671875 0.4384765625 0.1497395828125 0.4140625 0.1393229171875 0.4140625
3 0.1041666671875 0.3388671875 0.1106770828125 0.345703125 0.1471354171875 0.36328125 0.16015625 0.3671875 0.1692708328125 0.3662109375 0.1614583328125 0.3525390625 0.12890625 0.3359375 0.1080729171875 0.3359375 0.1041666671875 0.3388671875
3 0.1783854171875 0.224609375 0.171875 0.2333984375 0.1770833328125 0.2685546875 0.1796875 0.2783203125 0.18359375 0.28125 0.1901041671875 0.2802734375 0.1953125 0.2744140625 0.1953125 0.2509765625 0.1927083328125 0.2392578125 0.1783854171875 0.224609375
3 0.5559895828125 0.298828125 0.5494791671875 0.3076171875 0.546875 0.3505859375 0.55078125 0.353515625 0.5598958328125 0.3525390625 0.5651041671875 0.3466796875 0.5677083328125 0.3095703125 0.5651041671875 0.3037109375 0.5559895828125 0.298828125
3 0.4140625 0.3193359375 0.4309895828125 0.333984375 0.44921875 0.341796875 0.4791666671875 0.3427734375 0.484375 0.3388671875 0.47265625 0.330078125 0.42578125 0.31640625 0.4140625 0.3193359375
3 0.6549479171875 0.25390625 0.6145833328125 0.2705078125 0.62109375 0.27734375 0.6354166671875 0.2763671875 0.6653645828125 0.267578125 0.671875 0.2587890625 0.6653645828125 0.25390625 0.6549479171875 0.25390625
3 0.6940104171875 0.345703125 0.6901041671875 0.3486328125 0.6927083328125 0.3544921875 0.7018229171875 0.359375 0.72265625 0.36328125 0.7526041671875 0.3623046875 0.7630208328125 0.3564453125 0.75390625 0.349609375 0.7200520828125 0.345703125 0.6940104171875 0.345703125
3 0.7434895828125 0.251953125 0.7317708328125 0.2685546875 0.7291666671875 0.2919921875 0.7369791671875 0.2958984375 0.7473958328125 0.2841796875 0.7552083328125 0.2666015625 0.75390625 0.251953125 0.7434895828125 0.251953125
3 0.3658854171875 0.330078125 0.3294270828125 0.341796875 0.3151041671875 0.3564453125 0.3190104171875 0.359375 0.3359375 0.3583984375 0.3815104171875 0.34375 0.3880208328125 0.3349609375 0.3815104171875 0.330078125 0.3658854171875 0.330078125
3 0.44921875 0.224609375 0.40625 0.2353515625 0.41015625 0.248046875 0.4270833328125 0.2470703125 0.4544270828125 0.240234375 0.4609375 0.2353515625 0.4609375 0.2275390625 0.44921875 0.224609375
3 0.625 0.1611328125 0.6354166671875 0.1806640625 0.6497395828125 0.193359375 0.6614583328125 0.1923828125 0.640625 0.1513671875 0.62890625 0.14453125 0.625 0.1494140625 0.625 0.1611328125
3 0.7513020828125 0.173828125 0.71875 0.2001953125 0.7161458328125 0.2099609375 0.7200520828125 0.212890625 0.7317708328125 0.2119140625 0.7604166671875 0.1904296875 0.7630208328125 0.1787109375 0.7591145828125 0.173828125 0.7513020828125 0.173828125
3 0.3268229171875 0.17578125 0.3138020828125 0.1796875 0.3098958328125 0.1845703125 0.31640625 0.19140625 0.32421875 0.193359375 0.3489583328125 0.1923828125 0.3723958328125 0.1845703125 0.375 0.1787109375 0.37109375 0.173828125 0.3268229171875 0.17578125
3 0.40234375 0.15234375 0.3984375 0.1552734375 0.4010416671875 0.1611328125 0.4153645828125 0.169921875 0.44140625 0.177734375 0.4635416671875 0.1767578125 0.4661458328125 0.1708984375 0.4440104171875 0.16015625 0.4153645828125 0.15234375 0.40234375 0.15234375
3 0.5299479171875 0.1484375 0.5221354171875 0.1484375 0.5182291671875 0.1591796875 0.5234375 0.1923828125 0.5325520828125 0.201171875 0.5390625 0.2001953125 0.5442708328125 0.1943359375 0.5416666671875 0.1630859375 0.5364583328125 0.1533203125 0.5299479171875 0.1484375
3 0.3984375 0.7607421875 0.3919270828125 0.751953125 0.3802083328125 0.7646484375 0.3802083328125 0.7744140625 0.3723958328125 0.7919921875 0.3723958328125 0.8017578125 0.3802083328125 0.8017578125 0.390625 0.7919921875 0.390625 0.7841796875 0.3984375 0.7705078125 0.3984375 0.7607421875
3 0.33984375 0.52734375 0.3307291671875 0.5322265625 0.3346354171875 0.5390625 0.3502604171875 0.54296875 0.37109375 0.544921875 0.37890625 0.548828125 0.3958333328125 0.5478515625 0.3958333328125 0.5439453125 0.3815104171875 0.533203125 0.3502604171875 0.52734375 0.33984375 0.52734375
3 0.4361979171875 0.56640625 0.4283854171875 0.56640625 0.390625 0.6005859375 0.3880208328125 0.6103515625 0.3984375 0.6103515625 0.4049479171875 0.609375 0.4348958328125 0.5830078125 0.4401041671875 0.5751953125 0.4361979171875 0.56640625
3 0.31640625 0.69140625 0.2994791671875 0.7080078125 0.2942708328125 0.7158203125 0.2942708328125 0.7255859375 0.3020833328125 0.7294921875 0.3255208328125 0.7119140625 0.3385416671875 0.6943359375 0.3372395828125 0.685546875 0.31640625 0.69140625
3 0.15625 0.7216796875 0.1614583328125 0.7333984375 0.1809895828125 0.744140625 0.19140625 0.748046875 0.21354166718749998 0.7470703125 0.21614583281250002 0.7392578125 0.21223958281250002 0.736328125 0.1653645828125 0.716796875 0.15625 0.7216796875
3 0.24869791718749998 0.580078125 0.24348958281250002 0.580078125 0.23697916718749998 0.5849609375 0.23958333281250002 0.5966796875 0.2604166671875 0.6298828125 0.2682291671875 0.6318359375 0.2734375 0.6162109375 0.265625 0.5966796875 0.2578125 0.5869140625 0.24869791718749998 0.580078125
3 0.34765625 0.654296875 0.3359375 0.6611328125 0.3359375 0.6669921875 0.3450520828125 0.671875 0.3854166671875 0.6708984375 0.3997395828125 0.669921875 0.4036458328125 0.6611328125 0.3893229171875 0.654296875 0.34765625 0.654296875
3 0.15234375 0.57421875 0.12109375 0.576171875 0.1106770828125 0.578125 0.1041666671875 0.5830078125 0.1236979171875 0.591796875 0.1380208328125 0.5908203125 0.1653645828125 0.58984375 0.1848958328125 0.5791015625 0.17578125 0.57421875 0.15234375 0.57421875
3 0.55859375 0.556640625 0.546875 0.5595703125 0.5416666671875 0.5712890625 0.5234375 0.5927734375 0.5247395828125 0.599609375 0.5364583328125 0.6005859375 0.546875 0.5927734375 0.5598958328125 0.5751953125 0.5625 0.5595703125 0.55859375 0.556640625
3 0.53515625 0.509765625 0.5208333328125 0.5166015625 0.52734375 0.5234375 0.5651041671875 0.5283203125 0.5755208328125 0.5205078125 0.5755208328125 0.5166015625 0.5690104171875 0.513671875 0.53515625 0.509765625
3 0.3971354171875 0.47265625 0.3893229171875 0.474609375 0.3854166671875 0.4794921875 0.4075520828125 0.48828125 0.4557291671875 0.4892578125 0.4583333328125 0.4833984375 0.4518229171875 0.478515625 0.43359375 0.474609375 0.3971354171875 0.47265625
3 0.5234375 0.4248046875 0.53515625 0.43359375 0.5638020828125 0.447265625 0.5703125 0.4462890625 0.5729166671875 0.4404296875 0.53515625 0.4140625 0.5234375 0.4189453125 0.5234375 0.4248046875
3 0.63671875 0.458984375 0.6315104171875 0.458984375 0.625 0.4638671875 0.625 0.4697265625 0.6549479171875 0.498046875 0.6640625 0.4970703125 0.6666666671875 0.4892578125 0.6614583328125 0.4814453125 0.6510416671875 0.4697265625 0.63671875 0.458984375
3 0.671875 0.4111328125 0.671875 0.4189453125 0.6940104171875 0.435546875 0.7122395828125 0.4453125 0.7265625 0.4443359375 0.7291666671875 0.4384765625 0.7174479171875 0.4296875 0.6861979171875 0.412109375 0.671875 0.4111328125
3 0.30078125 0.392578125 0.29296875 0.392578125 0.2942708328125 0.4365234375 0.30078125 0.443359375 0.3072916671875 0.4443359375 0.3125 0.4404296875 0.3151041671875 0.4306640625 0.3125 0.4052734375 0.30078125 0.392578125
3 0.5091145828125 0.7265625 0.4895833328125 0.7373046875 0.4934895828125 0.7421875 0.5026041671875 0.7431640625 0.5481770828125 0.732421875 0.5520833328125 0.7255859375 0.53515625 0.720703125 0.5091145828125 0.7265625
3 0.5377604171875 0.75 0.5338541671875 0.7587890625 0.5520833328125 0.7841796875 0.5611979171875 0.791015625 0.5703125 0.7900390625 0.5703125 0.7783203125 0.5598958328125 0.7626953125 0.5455729171875 0.751953125 0.5377604171875 0.75
3 0.5677083328125 0.6494140625 0.5716145828125 0.654296875 0.5872395828125 0.66015625 0.6184895828125 0.666015625 0.6328125 0.6650390625 0.6354166671875 0.6611328125 0.6184895828125 0.650390625 0.5846354171875 0.64453125 0.5677083328125 0.6494140625
3 0.4986979171875 0.62890625 0.4895833328125 0.6357421875 0.4739583328125 0.6591796875 0.4739583328125 0.6748046875 0.4817708328125 0.6748046875 0.4947916671875 0.6630859375 0.5130208328125 0.6357421875 0.5091145828125 0.626953125 0.4986979171875 0.62890625
3 0.5846354171875 0.703125 0.5807291671875 0.7060546875 0.5807291671875 0.7177734375 0.5911458328125 0.7451171875 0.60546875 0.755859375 0.6119791671875 0.7548828125 0.6145833328125 0.7490234375 0.5989583328125 0.7138671875 0.59375 0.7060546875 0.5846354171875 0.703125
3 0.7200520828125 0.65625 0.69140625 0.666015625 0.6796875 0.6748046875 0.6796875 0.6806640625 0.6875 0.6826171875 0.7278645828125 0.669921875 0.7369791671875 0.6630859375 0.7369791671875 0.6591796875 0.7200520828125 0.65625
3 0.67578125 0.53515625 0.6692708328125 0.5380859375 0.6692708328125 0.5419921875 0.6809895828125 0.55078125 0.7096354171875 0.560546875 0.7265625 0.5595703125 0.7291666671875 0.5537109375 0.7252604171875 0.55078125 0.6940104171875 0.5390625 0.67578125 0.53515625
3 0.71484375 0.71875 0.7083333328125 0.7236328125 0.7083333328125 0.7294921875 0.71484375 0.734375 0.75390625 0.751953125 0.7630208328125 0.7509765625 0.765625 0.7470703125 0.7513020828125 0.732421875 0.7278645828125 0.720703125 0.71484375 0.71875
3 0.72265625 0.57421875 0.71484375 0.57421875 0.7083333328125 0.5791015625 0.7057291671875 0.5869140625 0.7057291671875 0.6142578125 0.7109375 0.6220703125 0.71875 0.6259765625 0.7239583328125 0.6240234375 0.7291666671875 0.6123046875 0.7291666671875 0.5830078125 0.72265625 0.57421875