3 0.2421875 0.3935546875 0.24348958281250002 0.3984375 0.2747395828125 0.396484375 0.3020833328125 0.3994140625 0.3125 0.3955078125 0.2981770828125 0.38671875 0.2565104171875 0.388671875 0.2421875 0.3935546875
3 0.21223958281250002 0.423828125 0.20833333281250002 0.4267578125 0.20833333281250002 0.4697265625 0.2109375 0.4794921875 0.21744791718749998 0.484375 0.22135416718749998 0.4833984375 0.22916666718749998 0.4755859375 0.22916666718749998 0.4560546875 0.22395833281250002 0.4306640625 0.21223958281250002 0.423828125
3 0.41796875 0.322265625 0.4088541671875 0.3310546875 0.4088541671875 0.3505859375 0.4140625 0.3642578125 0.4244791671875 0.3681640625 0.4296875 0.3662109375 0.4296875 0.3505859375 0.4270833328125 0.3330078125 0.41796875 0.322265625
3 0.4947916671875 0.5107421875 0.4947916671875 0.5146484375 0.50390625 0.521484375 0.546875 0.5224609375 0.5546875 0.5185546875 0.5481770828125 0.509765625 0.50390625 0.505859375 0.4947916671875 0.5107421875
3 0.4153645828125 0.462890625 0.4088541671875 0.4716796875 0.4114583328125 0.4931640625 0.4192708328125 0.5107421875 0.4296875 0.5126953125 0.4348958328125 0.5068359375 0.4322916671875 0.4716796875 0.4231770828125 0.462890625 0.4153645828125 0.462890625
3 0.5638020828125 0.40625 0.5130208328125 0.4267578125 0.5169270828125 0.43359375 0.5390625 0.4326171875 0.57421875 0.41796875 0.5807291671875 0.4091796875 0.5768229171875 0.40625 0.5638020828125 0.40625
3 0.5221354171875 0.30859375 0.5130208328125 0.3154296875 0.5 0.3505859375 0.5 0.3564453125 0.50390625 0.359375 0.5104166671875 0.3583984375 0.5208333328125 0.3466796875 0.5286458328125 0.3271484375 0.5286458328125 0.3154296875 0.5221354171875 0.30859375
3 0.48046875 0.220703125 0.4739583328125 0.2275390625 0.4739583328125 0.2392578125 0.4817708328125 0.2666015625 0.4921875 0.2724609375 0.4973958328125 0.2685546875 0.4947916671875 0.2314453125 0.4921875 0.2255859375 0.48046875 0.220703125
3 0.6627604171875 0.3359375 0.6497395828125 0.3359375 0.6184895828125 0.34765625 0.6145833328125 0.3544921875 0.625 0.3623046875 0.66015625 0.349609375 0.6666666671875 0.3447265625 0.6666666671875 0.3388671875 0.6627604171875 0.3359375
3 0.5963541671875 0.2568359375 0.59375 0.2744140625 0.6041666671875 0.2744140625 0.6354166671875 0.2451171875 0.6315104171875 0.236328125 0.61328125 0.2421875 0.5963541671875 0.2568359375
3 0.140625 0.3388671875 0.140625 0.3466796875 0.15625 0.3603515625 0.1705729171875 0.37109375 0.1809895828125 0.375 0.1901041671875 0.3740234375 0.1901041671875 0.3642578125 0.15234375 0.3359375 0.14453125 0.3359375 0.140625 0.3388671875
3 0.25390625 0.275390625 0.23177083281250002 0.2880859375 0.23567708281250002 0.296875 0.24479166718749998 0.2958984375 0.2877604171875 0.28515625 0.2994791671875 0.2763671875 0.2903645828125 0.271484375 0.25390625 0.275390625
3 0.33984375 0.21484375 0.3359375 0.2177734375 0.3359375 0.2392578125 0.3411458328125 0.2626953125 0.34765625 0.271484375 0.3541666671875 0.2705078125 0.3619791671875 0.2626953125 0.3567708328125 0.2314453125 0.3515625 0.2216796875 0.33984375 0.21484375
3 0.3958333328125 0.1708984375 0.3997395828125 0.1796875 0.4466145828125 0.189453125 0.4583333328125 0.1884765625 0.4609375 0.1806640625 0.4440104171875 0.169921875 0.40234375 0.166015625 0.3958333328125 0.1708984375
3 0.5481770828125 0.16015625 0.5416666671875 0.1650390625 0.5559895828125 0.17578125 0.59375 0.1748046875 0.6015625 0.1708984375 0.6015625 0.1650390625 0.5950520828125 0.16015625 0.5481770828125 0.16015625
3 0.7044270828125 0.25 0.7005208328125 0.2529296875 0.6901041671875 0.2841796875 0.6953125 0.2998046875 0.703125 0.2998046875 0.7083333328125 0.2939453125 0.7161458328125 0.2646484375 0.71484375 0.25 0.7044270828125 0.25
3 0.6809895828125 0.166015625 0.6770833328125 0.1689453125 0.6770833328125 0.1826171875 0.6822916671875 0.2021484375 0.6888020828125 0.212890625 0.6979166671875 0.2119140625 0.703125 0.2060546875 0.6979166671875 0.1748046875 0.69140625 0.166015625 0.6809895828125 0.166015625
3 0.1067708328125 0.2138671875 0.109375 0.2275390625 0.1197916671875 0.2275390625 0.1328125 0.2041015625 0.1315104171875 0.18359375 0.1197916671875 0.1865234375 0.1067708328125 0.2138671875
3 0.1627604171875 0.1640625 0.1549479171875 0.166015625 0.1510416671875 0.1708984375 0.1575520828125 0.177734375 0.16796875 0.181640625 0.20052083281250002 0.1806640625 0.21614583281250002 0.1748046875 0.21614583281250002 0.1669921875 0.21223958281250002 0.1640625 0.1627604171875 0.1640625
3 0.296875 0.1630859375 0.296875 0.1708984375 0.3059895828125 0.17578125 0.359375 0.1767578125 0.3697916671875 0.1689453125 0.35546875 0.162109375 0.3059895828125 0.16015625 0.296875 0.1630859375
3 0.3046875 0.3173828125 0.3072916671875 0.3271484375 0.3229166671875 0.3564453125 0.33203125 0.36328125 0.3359375 0.3623046875 0.3385416671875 0.3447265625 0.3255208328125 0.3173828125 0.3138020828125 0.310546875 0.3046875 0.3173828125
3 0.24609375 0.669921875 0.20703125 0.673828125 0.1966145828125 0.67578125 0.1901041671875 0.6806640625 0.1940104171875 0.6875 0.21354166718749998 0.6904296875 0.24609375 0.685546875 0.2578125 0.6767578125 0.2578125 0.6728515625 0.24609375 0.669921875
3 0.2928021515625 0.5591478515625 0.2864583328125 0.5673828125 0.2760416671875 0.5849609375 0.2738890890625 0.589377365625 0.2734375 0.5966796875 0.2786458328125 0.6064453125 0.28100690156249997 0.6107517734375 0.2875146359375 0.60769828125 0.30724113124999997 0.5623540125 0.3060209328125 0.558689828125 0.30078125 0.55859375 0.2928021515625 0.5591478515625
3 0.2890625 0.4638671875 0.2864583328125 0.4736328125 0.2864583328125 0.5087890625 0.2903645828125 0.51171875 0.296875 0.5107421875 0.3020833328125 0.5048828125 0.3020833328125 0.4638671875 0.2955729171875 0.458984375 0.2890625 0.4638671875
3 0.1015625 0.6162109375 0.1015625 0.6201171875 0.1158854171875 0.62890625 0.1536458328125 0.6279296875 0.1666666671875 0.6201171875 0.1627604171875 0.61328125 0.1106770828125 0.611328125 0.1015625 0.6162109375
3 0.1653645828125 0.517578125 0.1614583328125 0.5205078125 0.1614583328125 0.5322265625 0.1796875 0.5595703125 0.1888020828125 0.56640625 0.203125 0.5654296875 0.203125 0.5576171875 0.1875 0.5341796875 0.1770833328125 0.5224609375 0.1653645828125 0.517578125
3 0.3268229171875 0.74609375 0.3151041671875 0.7548828125 0.3190104171875 0.7578125 0.34765625 0.76171875 0.3776041671875 0.7607421875 0.3802083328125 0.7548828125 0.3736979171875 0.75 0.35546875 0.74609375 0.3268229171875 0.74609375
3 0.1783854171875 0.716796875 0.1692708328125 0.7216796875 0.1640625 0.7548828125 0.1666666671875 0.7724609375 0.1744791671875 0.7763671875 0.1796875 0.7744140625 0.1848958328125 0.7646484375 0.1848958328125 0.7216796875 0.1783854171875 0.716796875
3 0.5885416671875 0.5361328125 0.59375 0.5439453125 0.6106770828125 0.5546875 0.6393229171875 0.5625 0.6484375 0.5615234375 0.6510416671875 0.5556640625 0.62890625 0.54296875 0.6002604171875 0.533203125 0.5885416671875 0.5361328125
3 0.6302083328125 0.4345703125 0.6236979171875 0.4296875 0.6106770828125 0.427734375 0.6067708328125 0.4345703125 0.6145833328125 0.4521484375 0.6145833328125 0.4619140625 0.6171875 0.4677734375 0.625 0.4716796875 0.6328125 0.4677734375 0.6354166671875 0.4599609375 0.6328125 0.4423828125 0.6302083328125 0.4345703125
3 0.6705729171875 0.373046875 0.6666666671875 0.3798828125 0.6796875 0.3955078125 0.7044270828125 0.41015625 0.7161458328125 0.4111328125 0.7213541671875 0.4091796875 0.7213541671875 0.4033203125 0.68359375 0.376953125 0.6705729171875 0.373046875
3 0.62109375 0.728515625 0.6197916671875 0.7373046875 0.6354166671875 0.7548828125 0.65234375 0.767578125 0.6588541671875 0.7666015625 0.6614583328125 0.7587890625 0.65625 0.7509765625 0.6341145828125 0.732421875 0.62109375 0.728515625
3 0.71875 0.7060546875 0.7291666671875 0.7177734375 0.7513020828125 0.734375 0.765625 0.7353515625 0.7578125 0.7216796875 0.7317708328125 0.6982421875 0.7200520828125 0.6953125 0.71875 0.7060546875
3 0.6901041671875 0.5107421875 0.6875 0.5361328125 0.69921875 0.548828125 0.7057291671875 0.5478515625 0.7109375 0.5107421875 0.7044270828125 0.50390625 0.69921875 0.50390625 0.6901041671875 0.5107421875
3 0.5533854171875 0.5859375 0.5494791671875 0.5888671875 0.5494791671875 0.5986328125 0.5546875 0.6064453125 0.5768229171875 0.619140625 0.5859375 0.6201171875 0.5911458328125 0.6142578125 0.5885416671875 0.6064453125 0.5716145828125 0.59375 0.5533854171875 0.5859375
3 0.69140625 0.611328125 0.6875 0.6142578125 0.6901041671875 0.6455078125 0.6979166671875 0.6591796875 0.7057291671875 0.6591796875 0.7109375 0.6552734375 0.7083333328125 0.6279296875 0.703125 0.6181640625 0.69140625 0.611328125
3 0.49609375 0.73046875 0.4895833328125 0.7333984375 0.4895833328125 0.7392578125 0.49609375 0.744140625 0.5403645828125 0.767578125 0.5494791671875 0.7685546875 0.5520833328125 0.7626953125 0.5403645828125 0.75 0.51171875 0.734375 0.49609375 0.73046875
3 0.46875 0.6201171875 0.4609375 0.6337890625 0.4674479171875 0.638671875 0.4765625 0.6376953125 0.5104166671875 0.6103515625 0.51171875 0.59375 0.4986979171875 0.595703125 0.46875 0.6201171875
3 0.54296875 0.66015625 0.5364583328125 0.6689453125 0.5442708328125 0.6787109375 0.5768229171875 0.703125 0.5885416671875 0.7041015625 0.5885416671875 0.6923828125 0.5807291671875 0.6826171875 0.5533854171875 0.662109375 0.54296875 0.66015625
3 0.3372395828125 0.611328125 0.3307291671875 0.6162109375 0.3333333328125 0.6220703125 0.3528645828125 0.634765625 0.37109375 0.640625 0.3932291671875 0.6396484375 0.3958333328125 0.6357421875 0.3893229171875 0.630859375 0.34765625 0.61328125 0.3372395828125 0.611328125