3 0.2890008515625 0.2983467390625 0.28802630156250003 0.3054191671875 0.2912748140625 0.30980895468749997 0.295245384375 0.3139643203125 0.3043599671875 0.3227533828125 0.3356099671875 0.3403315078125 0.3473287171875 0.3393549453125 0.3473287171875 0.3315424453125 0.3356099671875 0.3227533828125 0.299151634375 0.3012690078125 0.2890008515625 0.2983467390625
3 0.1458333328125 0.3193359375 0.1510416671875 0.3310546875 0.1783854171875 0.3515625 0.1888020828125 0.357421875 0.20052083281250002 0.3564453125 0.1953125 0.3427734375 0.1627604171875 0.318359375 0.1497395828125 0.31640625 0.1458333328125 0.3193359375
3 0.3216145828125 0.2109375 0.3151041671875 0.2138671875 0.3125 0.2216796875 0.3125 0.2626953125 0.3203125 0.2666015625 0.3307291671875 0.2587890625 0.3333333328125 0.2333984375 0.3307291671875 0.2197265625 0.3216145828125 0.2109375
3 0.25390625 0.14453125 0.24348958281250002 0.14453125 0.203125 0.1650390625 0.20052083281250002 0.1708984375 0.20703125 0.17578125 0.22135416718749998 0.1748046875 0.23567708281250002 0.169921875 0.2578125 0.1552734375 0.2578125 0.1474609375 0.25390625 0.14453125
3 0.1627604171875 0.20703125 0.14453125 0.212890625 0.1354166671875 0.2197265625 0.1328125 0.2275390625 0.1432291671875 0.2294921875 0.19140625 0.21875 0.203125 0.2119140625 0.1940104171875 0.205078125 0.1627604171875 0.20703125
3 0.1940104171875 0.5390625 0.17578125 0.5390625 0.12890625 0.5546875 0.1223958328125 0.5615234375 0.125 0.5673828125 0.1380208328125 0.5673828125 0.1861979171875 0.552734375 0.1979166671875 0.5458984375 0.1979166671875 0.5419921875 0.1940104171875 0.5390625
3 0.1614583328125 0.4560546875 0.1614583328125 0.4619140625 0.1731770828125 0.466796875 0.20182291718749998 0.47265625 0.2265625 0.4736328125 0.234375 0.4697265625 0.22005208281250002 0.4609375 0.19140625 0.455078125 0.1614583328125 0.4560546875
3 0.1783854171875 0.580078125 0.171875 0.5849609375 0.1861979171875 0.59765625 0.20963541718749998 0.6015625 0.23697916718749998 0.6005859375 0.2421875 0.5927734375 0.23046875 0.5859375 0.1940104171875 0.580078125 0.1783854171875 0.580078125
3 0.2994791671875 0.4833984375 0.2994791671875 0.5087890625 0.3046875 0.5224609375 0.3111979171875 0.52734375 0.3203125 0.5263671875 0.3203125 0.4833984375 0.3177083328125 0.4736328125 0.30859375 0.470703125 0.2994791671875 0.4833984375
3 0.3059895828125 0.3828125 0.2994791671875 0.3857421875 0.3046875 0.4208984375 0.3072916671875 0.4267578125 0.3138020828125 0.431640625 0.3177083328125 0.4306640625 0.3229166671875 0.4267578125 0.3229166671875 0.4052734375 0.3151041671875 0.3876953125 0.3059895828125 0.3828125
3 0.1627604171875 0.390625 0.15234375 0.392578125 0.140625 0.4013671875 0.14453125 0.408203125 0.1666666671875 0.4072265625 0.20703125 0.404296875 0.21354166718749998 0.3955078125 0.1940104171875 0.388671875 0.1627604171875 0.390625
3 0.1536458328125 0.7353515625 0.1536458328125 0.7548828125 0.1614583328125 0.7666015625 0.1653645828125 0.76953125 0.171875 0.7685546875 0.171875 0.7275390625 0.1653645828125 0.72265625 0.1588541671875 0.7255859375 0.1536458328125 0.7353515625
3 0.24869791718749998 0.65234375 0.23828125 0.65234375 0.234375 0.6591796875 0.24739583281250002 0.6982421875 0.2513020828125 0.701171875 0.2604166671875 0.7001953125 0.265625 0.6962890625 0.265625 0.6845703125 0.2578125 0.6630859375 0.24869791718749998 0.65234375
3 0.609375 0.3662109375 0.6145833328125 0.3740234375 0.6471354171875 0.39453125 0.6588541671875 0.3935546875 0.6588541671875 0.3818359375 0.6263020828125 0.359375 0.6106770828125 0.35546875 0.609375 0.3662109375
3 0.6979166671875 0.2568359375 0.6979166671875 0.2626953125 0.7044270828125 0.26953125 0.73828125 0.283203125 0.7473958328125 0.2822265625 0.7526041671875 0.2763671875 0.7434895828125 0.267578125 0.7096354171875 0.255859375 0.6979166671875 0.2568359375
3 0.4583333328125 0.3740234375 0.4583333328125 0.3798828125 0.4752604171875 0.388671875 0.515625 0.3896484375 0.53125 0.3837890625 0.5247395828125 0.376953125 0.4856770828125 0.373046875 0.4583333328125 0.3740234375
3 0.6861979171875 0.283203125 0.6731770828125 0.28515625 0.6484375 0.3056640625 0.6432291671875 0.3173828125 0.6536458328125 0.3193359375 0.66015625 0.318359375 0.6875 0.2978515625 0.6901041671875 0.2900390625 0.6861979171875 0.283203125
3 0.40234375 0.345703125 0.3854166671875 0.3466796875 0.3880208328125 0.3564453125 0.3997395828125 0.365234375 0.4231770828125 0.37890625 0.43359375 0.3828125 0.4401041671875 0.3818359375 0.4427083328125 0.3779296875 0.4375 0.3681640625 0.4231770828125 0.357421875 0.40234375 0.345703125
3 0.45703125 0.263671875 0.4440104171875 0.267578125 0.4270833328125 0.2841796875 0.421875 0.2919921875 0.421875 0.3017578125 0.4296875 0.3037109375 0.4453125 0.2939453125 0.4609375 0.2763671875 0.4635416671875 0.2685546875 0.45703125 0.263671875
3 0.69921875 0.14453125 0.6796875 0.1611328125 0.671875 0.1728515625 0.671875 0.1865234375 0.6822916671875 0.1865234375 0.7083333328125 0.1591796875 0.7161458328125 0.1455078125 0.7122395828125 0.142578125 0.69921875 0.14453125
3 0.5104166671875 0.2724609375 0.5130208328125 0.2822265625 0.5455729171875 0.302734375 0.5703125 0.3037109375 0.5729166671875 0.2978515625 0.5559895828125 0.287109375 0.51953125 0.271484375 0.5104166671875 0.2724609375
3 0.6002604171875 0.205078125 0.58984375 0.205078125 0.5859375 0.2080078125 0.5859375 0.2158203125 0.6041666671875 0.2431640625 0.6080729171875 0.24609375 0.6145833328125 0.2451171875 0.625 0.2392578125 0.625 0.2333984375 0.609375 0.2119140625 0.6002604171875 0.205078125
3 0.5403645828125 0.162109375 0.5325520828125 0.162109375 0.5286458328125 0.1689453125 0.5416666671875 0.1962890625 0.5416666671875 0.2041015625 0.55078125 0.212890625 0.5572916671875 0.2119140625 0.5625 0.2060546875 0.5572916671875 0.1806640625 0.5494791671875 0.1689453125 0.5403645828125 0.162109375
3 0.3958333328125 0.1435546875 0.3958333328125 0.1474609375 0.4205729171875 0.162109375 0.44140625 0.16796875 0.4609375 0.1669921875 0.4635416671875 0.1591796875 0.44921875 0.15234375 0.4075520828125 0.140625 0.3958333328125 0.1435546875
3 0.5234375 0.4345703125 0.5299479171875 0.44140625 0.55859375 0.455078125 0.5755208328125 0.4560546875 0.5729166671875 0.4482421875 0.5455729171875 0.431640625 0.5299479171875 0.4296875 0.5234375 0.4345703125
3 0.7213541671875 0.3876953125 0.7213541671875 0.4150390625 0.7330729171875 0.42578125 0.7421875 0.4248046875 0.7447916671875 0.3955078125 0.7421875 0.3837890625 0.7330729171875 0.37890625 0.7213541671875 0.3876953125
3 0.6640625 0.5283203125 0.6640625 0.5322265625 0.6809895828125 0.54296875 0.7044270828125 0.55078125 0.7213541671875 0.5498046875 0.7239583328125 0.5458984375 0.71484375 0.5390625 0.6705729171875 0.525390625 0.6640625 0.5283203125
3 0.6263020828125 0.44921875 0.6197916671875 0.4560546875 0.6276041671875 0.4677734375 0.65234375 0.490234375 0.6588541671875 0.4892578125 0.6588541671875 0.4736328125 0.6432291671875 0.4560546875 0.6341145828125 0.44921875 0.6263020828125 0.44921875
3 0.7213541671875 0.5673828125 0.71484375 0.564453125 0.7057291671875 0.5673828125 0.7005208328125 0.5771484375 0.7005208328125 0.6044921875 0.7083333328125 0.6162109375 0.7135416671875 0.6162109375 0.71875 0.6142578125 0.7239583328125 0.6005859375 0.7239583328125 0.5732421875 0.7213541671875 0.5673828125
3 0.4361979171875 0.47265625 0.4244791671875 0.4814453125 0.44140625 0.48828125 0.4713541671875 0.4892578125 0.4791666671875 0.4814453125 0.47265625 0.4765625 0.45703125 0.47265625 0.4361979171875 0.47265625
3 0.4986979171875 0.541015625 0.4622395828125 0.556640625 0.4583333328125 0.5654296875 0.4713541671875 0.5673828125 0.5065104171875 0.5546875 0.5208333328125 0.5400390625 0.5143229171875 0.537109375 0.4986979171875 0.541015625
3 0.390625 0.6005859375 0.4127604171875 0.6171875 0.4283854171875 0.623046875 0.4401041671875 0.6220703125 0.4427083328125 0.6181640625 0.3997395828125 0.5859375 0.3880208328125 0.5888671875 0.390625 0.6005859375
3 0.32421875 0.560546875 0.30859375 0.560546875 0.2994791671875 0.5654296875 0.30859375 0.572265625 0.3216145828125 0.576171875 0.359375 0.5771484375 0.3776041671875 0.5693359375 0.37109375 0.564453125 0.3606770828125 0.5625 0.32421875 0.560546875
3 0.3359375 0.7685546875 0.3424479171875 0.77734375 0.35546875 0.78125 0.3984375 0.7822265625 0.4010416671875 0.7763671875 0.3841145828125 0.767578125 0.3450520828125 0.763671875 0.3359375 0.7685546875
3 0.3645833328125 0.6826171875 0.3645833328125 0.6884765625 0.3763020828125 0.697265625 0.4075520828125 0.712890625 0.41796875 0.716796875 0.4244791671875 0.7158203125 0.4244791671875 0.7060546875 0.4127604171875 0.6953125 0.37890625 0.6796875 0.3645833328125 0.6826171875
3 0.6901041671875 0.6904296875 0.6901041671875 0.6962890625 0.7200520828125 0.712890625 0.7356770828125 0.716796875 0.7473958328125 0.7158203125 0.7447916671875 0.7060546875 0.7330729171875 0.697265625 0.7122395828125 0.689453125 0.6901041671875 0.6904296875
3 0.55078125 0.765625 0.51953125 0.765625 0.5026041671875 0.7744140625 0.5143229171875 0.783203125 0.5546875 0.7822265625 0.5611979171875 0.78125 0.5651041671875 0.7763671875 0.5598958328125 0.7685546875 0.55078125 0.765625
3 0.5625 0.6396484375 0.56640625 0.646484375 0.5846354171875 0.65234375 0.6080729171875 0.65625 0.6276041671875 0.6552734375 0.6302083328125 0.6513671875 0.61328125 0.640625 0.5794270828125 0.634765625 0.5625 0.6396484375
3 0.51953125 0.642578125 0.4921875 0.6591796875 0.4869791671875 0.6728515625 0.4908854171875 0.67578125 0.5 0.6748046875 0.5416666671875 0.6474609375 0.5442708328125 0.6416015625 0.5403645828125 0.638671875 0.51953125 0.642578125
3 0.63671875 0.740234375 0.6263020828125 0.740234375 0.6223958328125 0.7431640625 0.6197916671875 0.7509765625 0.6263020828125 0.7578125 0.66015625 0.7734375 0.6770833328125 0.7744140625 0.6796875 0.7685546875 0.6627604171875 0.751953125 0.6575520828125 0.751953125 0.63671875 0.740234375