3 0.69921875 0.130859375 0.6927083328125 0.1376953125 0.7005208328125 0.1494140625 0.7161458328125 0.1669921875 0.7200520828125 0.169921875 0.7265625 0.1689453125 0.7369791671875 0.1630859375 0.7317708328125 0.1513671875 0.7096354171875 0.1328125 0.69921875 0.130859375
3 0.3841145828125 0.216796875 0.3255208328125 0.2294921875 0.3255208328125 0.2353515625 0.33203125 0.240234375 0.3489583328125 0.2412109375 0.3815104171875 0.234375 0.3958333328125 0.2236328125 0.3958333328125 0.2197265625 0.3841145828125 0.216796875
3 0.4036458328125 0.1455078125 0.4127604171875 0.15625 0.43359375 0.1640625 0.44921875 0.16796875 0.46875 0.1669921875 0.4713541671875 0.1611328125 0.44921875 0.150390625 0.4153645828125 0.140625 0.4036458328125 0.1455078125
3 0.4466145828125 0.208984375 0.4375 0.2099609375 0.4401041671875 0.2197265625 0.46484375 0.236328125 0.4778645828125 0.2421875 0.4973958328125 0.2412109375 0.5 0.2373046875 0.4908854171875 0.23046875 0.45703125 0.212890625 0.4466145828125 0.208984375
3 0.5481770828125 0.162109375 0.54296875 0.162109375 0.5390625 0.1650390625 0.5390625 0.1748046875 0.5494791671875 0.2021484375 0.55859375 0.212890625 0.5651041671875 0.2119140625 0.5703125 0.2041015625 0.5703125 0.1943359375 0.5572916671875 0.1689453125 0.5481770828125 0.162109375
3 0.1145833328125 0.2607421875 0.1041666671875 0.2841796875 0.1067708328125 0.2978515625 0.11328125 0.302734375 0.1197916671875 0.3017578125 0.1302083328125 0.2724609375 0.1302083328125 0.2587890625 0.1263020828125 0.255859375 0.1145833328125 0.2607421875
3 0.19140625 0.33984375 0.171875 0.3505859375 0.1809895828125 0.357421875 0.22916666718749998 0.3564453125 0.24088541718749998 0.35546875 0.24739583281250002 0.3505859375 0.23307291718749998 0.33984375 0.19140625 0.33984375
3 0.2643229171875 0.267578125 0.24479166718749998 0.2841796875 0.24479166718749998 0.2978515625 0.2552083328125 0.2978515625 0.2890625 0.2705078125 0.28515625 0.26171875 0.27734375 0.26171875 0.2643229171875 0.267578125
3 0.2591145828125 0.14453125 0.22265625 0.16015625 0.2109375 0.1689453125 0.21223958281250002 0.17578125 0.22395833281250002 0.1767578125 0.24609375 0.169921875 0.2630208328125 0.1591796875 0.265625 0.1494140625 0.2591145828125 0.14453125
3 0.1783854171875 0.212890625 0.1692708328125 0.2197265625 0.1783854171875 0.2265625 0.234375 0.2255859375 0.2421875 0.2216796875 0.2421875 0.2177734375 0.22786458281250002 0.2109375 0.1783854171875 0.212890625
3 0.6888020828125 0.23828125 0.6588541671875 0.2607421875 0.65625 0.2744140625 0.6640625 0.2744140625 0.7057291671875 0.2470703125 0.7083333328125 0.2392578125 0.7044270828125 0.236328125 0.6888020828125 0.23828125
3 0.4518229171875 0.3046875 0.4479166671875 0.3076171875 0.4479166671875 0.3291015625 0.453125 0.3525390625 0.4609375 0.3564453125 0.46875 0.3525390625 0.46875 0.3291015625 0.4609375 0.3095703125 0.4518229171875 0.3046875
3 0.61328125 0.25390625 0.56640625 0.25390625 0.5625 0.2568359375 0.5625 0.2626953125 0.57421875 0.26953125 0.5989583328125 0.2705078125 0.61328125 0.26953125 0.6197916671875 0.2646484375 0.6197916671875 0.2587890625 0.61328125 0.25390625
3 0.5221354171875 0.373046875 0.5182291671875 0.3759765625 0.5208333328125 0.3837890625 0.5299479171875 0.388671875 0.55078125 0.392578125 0.5755208328125 0.3916015625 0.578125 0.3876953125 0.5690104171875 0.380859375 0.53515625 0.373046875 0.5221354171875 0.373046875
3 0.6263020828125 0.349609375 0.6223958328125 0.3525390625 0.6223958328125 0.3603515625 0.6354166671875 0.3818359375 0.6471354171875 0.392578125 0.6536458328125 0.3916015625 0.65625 0.3759765625 0.6510416671875 0.3662109375 0.6419270828125 0.353515625 0.6263020828125 0.349609375
3 0.6158854171875 0.439453125 0.6171875 0.4501953125 0.6380208328125 0.4736328125 0.6484375 0.4775390625 0.6536458328125 0.4677734375 0.6458333328125 0.4541015625 0.6315104171875 0.439453125 0.6158854171875 0.439453125
3 0.7721354171875 0.3984375 0.7669270828125 0.3984375 0.7604166671875 0.4052734375 0.7447916671875 0.4326171875 0.7421875 0.4462890625 0.75 0.4482421875 0.7630208328125 0.4384765625 0.7734375 0.4189453125 0.7760416671875 0.4013671875 0.7721354171875 0.3984375
3 0.7408854171875 0.349609375 0.7278645828125 0.349609375 0.7239583328125 0.3525390625 0.73046875 0.361328125 0.75390625 0.37109375 0.7721354171875 0.375 0.7838541671875 0.3740234375 0.7890625 0.3720703125 0.7890625 0.3662109375 0.7799479171875 0.361328125 0.7408854171875 0.349609375
3 0.16015625 0.501953125 0.1510416671875 0.5068359375 0.16015625 0.515625 0.19921875 0.53515625 0.21614583281250002 0.5361328125 0.21875 0.5322265625 0.21354166718749998 0.5263671875 0.1888020828125 0.51171875 0.16015625 0.501953125
3 0.2760416671875 0.4580078125 0.2799479171875 0.46484375 0.2981770828125 0.47265625 0.33203125 0.48046875 0.3411458328125 0.4794921875 0.34375 0.4716796875 0.3294270828125 0.46484375 0.2903645828125 0.455078125 0.2760416671875 0.4580078125
3 0.3984375 0.4130859375 0.3984375 0.4169921875 0.41796875 0.4296875 0.44921875 0.435546875 0.4635416671875 0.4345703125 0.4661458328125 0.4267578125 0.45703125 0.421875 0.4127604171875 0.412109375 0.3984375 0.4130859375
3 0.33203125 0.3203125 0.3255208328125 0.3271484375 0.3333333328125 0.3369140625 0.3606770828125 0.361328125 0.3723958328125 0.3642578125 0.375 0.3564453125 0.3697916671875 0.3447265625 0.33984375 0.3203125 0.33203125 0.3203125
3 0.20442708281250002 0.404296875 0.20052083281250002 0.4072265625 0.20052083281250002 0.4306640625 0.20572916718749998 0.4443359375 0.21223958281250002 0.451171875 0.2265625 0.4521484375 0.22916666718749998 0.4443359375 0.21875 0.4091796875 0.21484375 0.404296875 0.20442708281250002 0.404296875
3 0.24348958281250002 0.7421875 0.203125 0.7705078125 0.20442708281250002 0.77734375 0.22135416718749998 0.7763671875 0.2552083328125 0.7568359375 0.2604166671875 0.7451171875 0.25390625 0.73828125 0.24348958281250002 0.7421875
3 0.1471354171875 0.603515625 0.140625 0.6064453125 0.14453125 0.61328125 0.1627604171875 0.619140625 0.1888020828125 0.623046875 0.2109375 0.6220703125 0.21354166718749998 0.6142578125 0.1940104171875 0.607421875 0.1705729171875 0.603515625 0.1471354171875 0.603515625
3 0.1861979171875 0.703125 0.13671875 0.70703125 0.1302083328125 0.7119140625 0.1302083328125 0.7158203125 0.1393229171875 0.720703125 0.1588541671875 0.7216796875 0.1966145828125 0.71875 0.2109375 0.7099609375 0.20703125 0.705078125 0.1861979171875 0.703125
3 0.3372395828125 0.546875 0.30859375 0.548828125 0.296875 0.5537109375 0.30859375 0.564453125 0.3203125 0.5634765625 0.33984375 0.5625 0.34765625 0.560546875 0.3515625 0.5556640625 0.3372395828125 0.546875
3 0.40234375 0.58203125 0.39453125 0.58203125 0.390625 0.5908203125 0.4010416671875 0.6259765625 0.4075520828125 0.630859375 0.4114583328125 0.6298828125 0.4192708328125 0.6181640625 0.4140625 0.5966796875 0.4088541671875 0.5869140625 0.40234375 0.58203125
3 0.37109375 0.6875 0.3567708328125 0.6982421875 0.3567708328125 0.7021484375 0.3606770828125 0.705078125 0.375 0.7041015625 0.4205729171875 0.69140625 0.4244791671875 0.6826171875 0.4049479171875 0.6796875 0.37109375 0.6875
3 0.36328125 0.76171875 0.3502604171875 0.76171875 0.3385416671875 0.7666015625 0.3450520828125 0.7734375 0.3684895828125 0.779296875 0.3919270828125 0.783203125 0.4114583328125 0.7822265625 0.4114583328125 0.7763671875 0.3997395828125 0.767578125 0.38671875 0.767578125 0.36328125 0.76171875
3 0.5768229171875 0.57421875 0.5377604171875 0.576171875 0.5182291671875 0.5869140625 0.5221354171875 0.591796875 0.5325520828125 0.59375 0.5598958328125 0.5927734375 0.5794270828125 0.58984375 0.5859375 0.5849609375 0.5859375 0.5791015625 0.5768229171875 0.57421875
3 0.6067708328125 0.5029296875 0.6067708328125 0.5068359375 0.6158854171875 0.513671875 0.66015625 0.52734375 0.6692708328125 0.5263671875 0.6692708328125 0.5185546875 0.6575520828125 0.509765625 0.6315104171875 0.501953125 0.6067708328125 0.5029296875
3 0.4283854171875 0.49609375 0.4192708328125 0.5029296875 0.42578125 0.509765625 0.4361979171875 0.51171875 0.4869791671875 0.5126953125 0.4895833328125 0.5107421875 0.4791666671875 0.5009765625 0.46484375 0.49609375 0.4283854171875 0.49609375
3 0.63671875 0.7421875 0.6328125 0.7451171875 0.6328125 0.7529296875 0.63671875 0.755859375 0.6653645828125 0.76953125 0.6848958328125 0.7744140625 0.6901041671875 0.7705078125 0.67578125 0.755859375 0.6471354171875 0.7421875 0.63671875 0.7421875
3 0.7044270828125 0.689453125 0.7005208328125 0.6923828125 0.7096354171875 0.701171875 0.72265625 0.70703125 0.7434895828125 0.71484375 0.7552083328125 0.7158203125 0.7578125 0.7099609375 0.7434895828125 0.697265625 0.72265625 0.689453125 0.7044270828125 0.689453125
3 0.7421875 0.5830078125 0.75 0.5966796875 0.7578125 0.5986328125 0.7734375 0.5615234375 0.7669270828125 0.552734375 0.7526041671875 0.5595703125 0.7421875 0.5830078125
3 0.5091145828125 0.6875 0.47265625 0.701171875 0.4635416671875 0.7119140625 0.4635416671875 0.7177734375 0.4791666671875 0.7177734375 0.5169270828125 0.701171875 0.5234375 0.6943359375 0.5208333328125 0.6904296875 0.5091145828125 0.6875
3 0.5729166671875 0.6376953125 0.5729166671875 0.6435546875 0.5846354171875 0.6484375 0.62890625 0.658203125 0.6354166671875 0.6572265625 0.640625 0.6513671875 0.6236979171875 0.640625 0.5924479171875 0.634765625 0.5729166671875 0.6376953125
3 0.6822916671875 0.6181640625 0.6822916671875 0.6220703125 0.7096354171875 0.638671875 0.7252604171875 0.64453125 0.7369791671875 0.6435546875 0.7369791671875 0.6337890625 0.7252604171875 0.626953125 0.69140625 0.61328125 0.6822916671875 0.6181640625
3 0.55859375 0.765625 0.52734375 0.767578125 0.5130208328125 0.7744140625 0.5130208328125 0.7783203125 0.5221354171875 0.783203125 0.5703125 0.7822265625 0.5755208328125 0.7802734375 0.5755208328125 0.7763671875 0.56640625 0.767578125 0.55859375 0.765625