1 0.1614583328125 0.2861328125 0.1614583328125 0.2900390625 0.1705729171875 0.296875 0.1770833328125 0.2958984375 0.1901041671875 0.2841796875 0.1888020828125 0.275390625 0.1731770828125 0.27734375 0.1614583328125 0.2861328125
1 0.14453125 0.228515625 0.1380208328125 0.2373046875 0.140625 0.2451171875 0.1458333328125 0.2548828125 0.1497395828125 0.2578125 0.15625 0.2568359375 0.1640625 0.2529296875 0.1640625 0.2490234375 0.1536458328125 0.2314453125 0.14453125 0.228515625
1 0.21484375 0.201171875 0.22395833281250002 0.2001953125 0.23697916718749998 0.1884765625 0.22005208281250002 0.1796875 0.2109375 0.1962890625 0.21484375 0.201171875
1 0.2552083328125 0.2353515625 0.26171875 0.2421875 0.2734375 0.2431640625 0.28125 0.2314453125 0.2747395828125 0.216796875 0.2630208328125 0.2236328125 0.2552083328125 0.2353515625
1 0.2630208328125 0.3251953125 0.2669270828125 0.328125 0.2760416671875 0.3271484375 0.28125 0.3232421875 0.2864583328125 0.3056640625 0.26953125 0.30078125 0.2630208328125 0.3251953125
1 0.3333333328125 0.3291015625 0.3333333328125 0.3330078125 0.3424479171875 0.337890625 0.375 0.3388671875 0.375 0.3310546875 0.37109375 0.328125 0.3424479171875 0.326171875 0.3333333328125 0.3291015625
1 0.3645833328125 0.2216796875 0.3671875 0.2314453125 0.3776041671875 0.2314453125 0.3984375 0.2216796875 0.3971354171875 0.212890625 0.3815104171875 0.212890625 0.3645833328125 0.2216796875
1 0.3697916671875 0.2744140625 0.3736979171875 0.27734375 0.3854166671875 0.2763671875 0.3880208328125 0.2666015625 0.37890625 0.259765625 0.37109375 0.259765625 0.3697916671875 0.2744140625
1 0.4140625 0.2470703125 0.4231770828125 0.25390625 0.4296875 0.2529296875 0.4348958328125 0.2451171875 0.42578125 0.23828125 0.4127604171875 0.236328125 0.4140625 0.2470703125
1 0.4856770828125 0.287109375 0.4739583328125 0.2939453125 0.4713541671875 0.3017578125 0.4752604171875 0.3046875 0.4817708328125 0.3037109375 0.4973958328125 0.2978515625 0.4973958328125 0.2900390625 0.4934895828125 0.287109375 0.4856770828125 0.287109375
1 0.4270833328125 0.2880859375 0.4270833328125 0.3037109375 0.4427083328125 0.3056640625 0.4453125 0.2861328125 0.4427083328125 0.2802734375 0.4361979171875 0.279296875 0.4270833328125 0.2880859375
1 0.5078125 0.2353515625 0.51171875 0.2421875 0.5286458328125 0.2412109375 0.5390625 0.2373046875 0.5377604171875 0.232421875 0.5143229171875 0.23046875 0.5078125 0.2353515625
1 0.484375 0.1884765625 0.48828125 0.19921875 0.5 0.1982421875 0.515625 0.1904296875 0.51171875 0.181640625 0.4908854171875 0.18359375 0.484375 0.1884765625
1 0.4440104171875 0.203125 0.4401041671875 0.2216796875 0.4453125 0.2294921875 0.453125 0.2333984375 0.4635416671875 0.2294921875 0.4635416671875 0.2216796875 0.4557291671875 0.2080078125 0.4440104171875 0.203125
1 0.5859375 0.1865234375 0.58984375 0.19140625 0.6015625 0.1904296875 0.6041666671875 0.1767578125 0.59765625 0.169921875 0.58984375 0.169921875 0.5859375 0.1865234375
1 0.6822916671875 0.2041015625 0.6822916671875 0.2099609375 0.6888020828125 0.21484375 0.7057291671875 0.2158203125 0.7109375 0.2080078125 0.7044270828125 0.203125 0.6888020828125 0.201171875 0.6822916671875 0.2041015625
1 0.64453125 0.263671875 0.6276041671875 0.2783203125 0.6341145828125 0.287109375 0.640625 0.2861328125 0.6536458328125 0.2744140625 0.65625 0.2685546875 0.65234375 0.263671875 0.64453125 0.263671875
1 0.671875 0.2998046875 0.671875 0.3056640625 0.6783854171875 0.310546875 0.7083333328125 0.3154296875 0.7109375 0.3076171875 0.7044270828125 0.30078125 0.6809895828125 0.296875 0.671875 0.2998046875
1 0.6888020828125 0.359375 0.6848958328125 0.3623046875 0.6822916671875 0.3701171875 0.6861979171875 0.373046875 0.7109375 0.3740234375 0.7200520828125 0.373046875 0.7265625 0.3681640625 0.70703125 0.359375 0.6888020828125 0.359375
1 0.5390625 0.3427734375 0.5455729171875 0.345703125 0.5572916671875 0.3447265625 0.5598958328125 0.3232421875 0.5533854171875 0.322265625 0.5416666671875 0.3310546875 0.5390625 0.3427734375
1 0.16015625 0.375 0.15625 0.3798828125 0.1627604171875 0.388671875 0.1901041671875 0.3896484375 0.1953125 0.3876953125 0.1953125 0.3837890625 0.1861979171875 0.37890625 0.16015625 0.375
1 0.20052083281250002 0.4326171875 0.20703125 0.4375 0.22135416718749998 0.4384765625 0.23697916718749998 0.4345703125 0.23567708281250002 0.423828125 0.21484375 0.42578125 0.20052083281250002 0.4326171875
1 0.2825520828125 0.359375 0.265625 0.3720703125 0.26953125 0.37890625 0.2786458328125 0.3779296875 0.28515625 0.376953125 0.296875 0.3681640625 0.2903645828125 0.359375 0.2825520828125 0.359375
1 0.265625 0.4345703125 0.26953125 0.44140625 0.2838541671875 0.4404296875 0.3020833328125 0.4365234375 0.2981770828125 0.42578125 0.2825520828125 0.42578125 0.265625 0.4345703125
1 0.3359375 0.4384765625 0.328125 0.4560546875 0.328125 0.4658203125 0.33203125 0.46875 0.3385416671875 0.4677734375 0.3515625 0.4482421875 0.3515625 0.4404296875 0.3450520828125 0.4375 0.3359375 0.4384765625
1 0.3359375 0.3837890625 0.3424479171875 0.392578125 0.3515625 0.3916015625 0.3671875 0.3740234375 0.3658854171875 0.369140625 0.3502604171875 0.37109375 0.3359375 0.3837890625
1 0.3802083328125 0.4111328125 0.38671875 0.416015625 0.3958333328125 0.4150390625 0.4010416671875 0.4111328125 0.4010416671875 0.4052734375 0.38671875 0.40234375 0.3802083328125 0.4111328125
1 0.4192708328125 0.3974609375 0.42578125 0.40625 0.4427083328125 0.4052734375 0.4609375 0.3994140625 0.4544270828125 0.390625 0.4231770828125 0.39453125 0.4192708328125 0.3974609375
1 0.515625 0.4072265625 0.515625 0.4248046875 0.5234375 0.4267578125 0.5338541671875 0.4189453125 0.5338541671875 0.4072265625 0.52734375 0.404296875 0.515625 0.4072265625
1 0.4921875 0.4794921875 0.4921875 0.4873046875 0.49609375 0.490234375 0.5078125 0.4892578125 0.5182291671875 0.4814453125 0.5143229171875 0.4765625 0.4986979171875 0.4765625 0.4921875 0.4794921875
1 0.5052083328125 0.4619140625 0.5091145828125 0.46484375 0.5234375 0.4638671875 0.5234375 0.4462890625 0.51171875 0.443359375 0.5078125 0.4462890625 0.5052083328125 0.4619140625
1 0.59375 0.4150390625 0.59765625 0.421875 0.609375 0.4228515625 0.6223958328125 0.4091796875 0.6184895828125 0.400390625 0.6106770828125 0.400390625 0.59375 0.4150390625
1 0.6901041671875 0.4365234375 0.69140625 0.4453125 0.71875 0.4521484375 0.7239583328125 0.4482421875 0.72265625 0.439453125 0.7018229171875 0.43359375 0.6901041671875 0.4365234375
1 0.6276041671875 0.4248046875 0.6276041671875 0.4306640625 0.6341145828125 0.435546875 0.6432291671875 0.4345703125 0.65625 0.4267578125 0.6575520828125 0.4140625 0.6497395828125 0.4140625 0.6276041671875 0.4248046875
1 0.765625 0.5751953125 0.7786458328125 0.5771484375 0.7838541671875 0.5712890625 0.7799479171875 0.56640625 0.7721354171875 0.56640625 0.765625 0.5751953125
1 0.6315104171875 0.552734375 0.65625 0.5517578125 0.6614583328125 0.5478515625 0.6549479171875 0.541015625 0.6302083328125 0.5419921875 0.6315104171875 0.552734375
1 0.671875 0.5146484375 0.671875 0.5283203125 0.67578125 0.53125 0.6848958328125 0.5302734375 0.6901041671875 0.5107421875 0.6875 0.5048828125 0.6783854171875 0.501953125 0.671875 0.5146484375
1 0.71875 0.5595703125 0.7369791671875 0.5791015625 0.7447916671875 0.5810546875 0.7473958328125 0.5673828125 0.7395833328125 0.5556640625 0.7278645828125 0.552734375 0.71875 0.5595703125
1 0.6497395828125 0.599609375 0.6458333328125 0.6025390625 0.6458333328125 0.6123046875 0.6497395828125 0.615234375 0.6640625 0.6142578125 0.6731770828125 0.611328125 0.6770833328125 0.6044921875 0.6705729171875 0.599609375 0.6497395828125 0.599609375
1 0.5338541671875 0.5244140625 0.5403645828125 0.529296875 0.5494791671875 0.5283203125 0.5572916671875 0.5166015625 0.5559895828125 0.5078125 0.5455729171875 0.509765625 0.5338541671875 0.5244140625
1 0.4895833328125 0.5908203125 0.4921875 0.5966796875 0.50390625 0.607421875 0.5104166671875 0.6064453125 0.5130208328125 0.6005859375 0.5078125 0.5888671875 0.49609375 0.5859375 0.4895833328125 0.5908203125
1 0.47265625 0.556640625 0.4505208328125 0.5751953125 0.4544270828125 0.583984375 0.4635416671875 0.5830078125 0.484375 0.5673828125 0.484375 0.5595703125 0.48046875 0.556640625 0.47265625 0.556640625
1 0.5325520828125 0.6484375 0.5442708328125 0.6474609375 0.54296875 0.6328125 0.53515625 0.6328125 0.5234375 0.6416015625 0.5325520828125 0.6484375
1 0.6588541671875 0.7294921875 0.66796875 0.740234375 0.6770833328125 0.7392578125 0.6822916671875 0.7314453125 0.67578125 0.724609375 0.66796875 0.724609375 0.6588541671875 0.7294921875
1 0.6028645828125 0.654296875 0.5859375 0.6650390625 0.5833333328125 0.6708984375 0.5911458328125 0.6728515625 0.6028645828125 0.671875 0.6119791671875 0.6669921875 0.6119791671875 0.6611328125 0.6028645828125 0.654296875
1 0.6302083328125 0.6630859375 0.6315104171875 0.671875 0.6484375 0.6728515625 0.6640625 0.6708984375 0.6627604171875 0.658203125 0.6419270828125 0.658203125 0.6302083328125 0.6630859375
1 0.4388020828125 0.65625 0.4244791671875 0.6689453125 0.42578125 0.673828125 0.4401041671875 0.6728515625 0.453125 0.6669921875 0.453125 0.6630859375 0.4440104171875 0.65625 0.4388020828125 0.65625
1 0.1640625 0.5029296875 0.17578125 0.509765625 0.1848958328125 0.5107421875 0.1901041671875 0.5048828125 0.1731770828125 0.4921875 0.1640625 0.4990234375 0.1640625 0.5029296875
1 0.2265625 0.7216796875 0.23697916718749998 0.7216796875 0.25 0.7099609375 0.24348958281250002 0.69921875 0.2265625 0.7099609375 0.2265625 0.7216796875
1 0.1901041671875 0.7451171875 0.19140625 0.751953125 0.19921875 0.755859375 0.21354166718749998 0.7568359375 0.2265625 0.7529296875 0.21744791718749998 0.744140625 0.1966145828125 0.740234375 0.1901041671875 0.7451171875
1 0.23046875 0.60546875 0.2265625 0.6083984375 0.2265625 0.6181640625 0.23958333281250002 0.6201171875 0.2513020828125 0.619140625 0.2552083328125 0.6103515625 0.24348958281250002 0.60546875 0.23046875 0.60546875
1 0.3216145828125 0.650390625 0.3138020828125 0.65234375 0.3151041671875 0.6669921875 0.3294270828125 0.67578125 0.3333333328125 0.6748046875 0.3359375 0.6689453125 0.328125 0.6630859375 0.3255208328125 0.6533203125 0.3216145828125 0.650390625
1 0.3776041671875 0.5224609375 0.3841145828125 0.529296875 0.390625 0.5283203125 0.4088541671875 0.5126953125 0.3997395828125 0.50390625 0.3880208328125 0.5087890625 0.3776041671875 0.5224609375
1 0.2682291671875 0.5302734375 0.2708333328125 0.5478515625 0.27734375 0.5546875 0.28125 0.5537109375 0.2890625 0.5458984375 0.2890625 0.5322265625 0.28515625 0.52734375 0.2682291671875 0.5302734375
1 0.3463541671875 0.5224609375 0.3463541671875 0.5419921875 0.3502604171875 0.544921875 0.3645833328125 0.5439453125 0.3645833328125 0.5185546875 0.3606770828125 0.513671875 0.35546875 0.513671875 0.3463541671875 0.5224609375