1 0.3020833328125 0.2216796875 0.3059895828125 0.224609375 0.3203125 0.2236328125 0.3229166671875 0.2138671875 0.3190104171875 0.2109375 0.30859375 0.2109375 0.3020833328125 0.2216796875
1 0.3854166671875 0.2353515625 0.3893229171875 0.23828125 0.3958333328125 0.2373046875 0.4088541671875 0.2294921875 0.4075520828125 0.22265625 0.3854166671875 0.2255859375 0.3854166671875 0.2353515625
1 0.421875 0.2099609375 0.421875 0.2236328125 0.42578125 0.23046875 0.4348958328125 0.2294921875 0.4427083328125 0.2197265625 0.4401041671875 0.2099609375 0.4283854171875 0.20703125 0.421875 0.2099609375
1 0.6197916671875 0.1943359375 0.6263020828125 0.203125 0.6328125 0.2021484375 0.640625 0.1943359375 0.6419270828125 0.18359375 0.6341145828125 0.18359375 0.6197916671875 0.1943359375
1 0.6002604171875 0.248046875 0.5859375 0.2607421875 0.5859375 0.2666015625 0.59375 0.2666015625 0.60546875 0.263671875 0.6145833328125 0.2568359375 0.6080729171875 0.248046875 0.6002604171875 0.248046875
1 0.5481770828125 0.21484375 0.5494791671875 0.2255859375 0.5611979171875 0.234375 0.5677083328125 0.2333984375 0.5729166671875 0.2314453125 0.5755208328125 0.2236328125 0.56640625 0.216796875 0.5481770828125 0.21484375
1 0.6901041671875 0.2783203125 0.6927083328125 0.2958984375 0.6966145828125 0.298828125 0.7057291671875 0.2978515625 0.7083333328125 0.2841796875 0.69921875 0.275390625 0.6940104171875 0.275390625 0.6901041671875 0.2783203125
1 0.7005208328125 0.2158203125 0.703125 0.2255859375 0.70703125 0.228515625 0.71875 0.2275390625 0.71875 0.2099609375 0.7096354171875 0.205078125 0.703125 0.2080078125 0.7005208328125 0.2158203125
1 0.7682291671875 0.2333984375 0.7578125 0.2509765625 0.76171875 0.2578125 0.7708333328125 0.2568359375 0.7838541671875 0.2431640625 0.7838541671875 0.2373046875 0.7747395828125 0.232421875 0.7682291671875 0.2333984375
1 0.77734375 0.416015625 0.7890625 0.4150390625 0.7890625 0.4072265625 0.78515625 0.404296875 0.7734375 0.4072265625 0.77734375 0.416015625
1 0.74609375 0.384765625 0.7552083328125 0.3837890625 0.7552083328125 0.3583984375 0.7408854171875 0.353515625 0.7395833328125 0.3779296875 0.74609375 0.384765625
1 0.2942708328125 0.3076171875 0.3020833328125 0.3076171875 0.3020833328125 0.2939453125 0.2877604171875 0.294921875 0.2864583328125 0.2998046875 0.2942708328125 0.3076171875
1 0.23697916718749998 0.2783203125 0.234375 0.2861328125 0.23828125 0.2890625 0.2604166671875 0.2900390625 0.2630208328125 0.2841796875 0.2591145828125 0.279296875 0.24609375 0.275390625 0.23697916718749998 0.2783203125
1 0.3828125 0.2802734375 0.3828125 0.2919921875 0.3919270828125 0.296875 0.3958333328125 0.2958984375 0.4010416671875 0.2841796875 0.3997395828125 0.265625 0.3854166671875 0.2685546875 0.3828125 0.2802734375
1 0.3372395828125 0.314453125 0.3385416671875 0.3251953125 0.35546875 0.337890625 0.3645833328125 0.3388671875 0.3697916671875 0.3349609375 0.3697916671875 0.3291015625 0.3450520828125 0.314453125 0.3372395828125 0.314453125
1 0.46875 0.2568359375 0.47265625 0.267578125 0.484375 0.2666015625 0.5 0.2607421875 0.49609375 0.251953125 0.48046875 0.251953125 0.46875 0.2568359375
1 0.4375 0.3271484375 0.4348958328125 0.3388671875 0.4388020828125 0.341796875 0.4479166671875 0.3408203125 0.453125 0.3369140625 0.453125 0.3251953125 0.4466145828125 0.318359375 0.4375 0.3271484375
1 0.5013020828125 0.35546875 0.4947916671875 0.3642578125 0.5026041671875 0.3740234375 0.51171875 0.380859375 0.515625 0.3798828125 0.5208333328125 0.3759765625 0.5182291671875 0.3662109375 0.5091145828125 0.35546875 0.5013020828125 0.35546875
1 0.5026041671875 0.3291015625 0.5065104171875 0.337890625 0.515625 0.3369140625 0.53125 0.3173828125 0.52734375 0.310546875 0.5143229171875 0.314453125 0.5026041671875 0.3291015625
1 0.5598958328125 0.2900390625 0.5690104171875 0.296875 0.5768229171875 0.30078125 0.5859375 0.2998046875 0.5872395828125 0.287109375 0.5716145828125 0.28125 0.5598958328125 0.2861328125 0.5598958328125 0.2900390625
1 0.5963541671875 0.3447265625 0.6002604171875 0.34765625 0.6276041671875 0.3486328125 0.6302083328125 0.3408203125 0.6263020828125 0.337890625 0.5963541671875 0.3369140625 0.5963541671875 0.3447265625
1 0.66796875 0.349609375 0.6614583328125 0.3525390625 0.6640625 0.3642578125 0.671875 0.3759765625 0.6783854171875 0.380859375 0.6848958328125 0.3798828125 0.6875 0.3740234375 0.6822916671875 0.3623046875 0.6744791671875 0.3505859375 0.66796875 0.349609375
1 0.69140625 0.423828125 0.6875 0.4267578125 0.6901041671875 0.4345703125 0.7018229171875 0.44140625 0.7161458328125 0.4423828125 0.7213541671875 0.4345703125 0.71484375 0.4296875 0.7018229171875 0.423828125 0.69140625 0.423828125
1 0.7552083328125 0.4990234375 0.7630208328125 0.5107421875 0.7721354171875 0.515625 0.78125 0.5146484375 0.7708333328125 0.4951171875 0.7643229171875 0.490234375 0.7565104171875 0.4921875 0.7552083328125 0.4990234375
1 0.7395833328125 0.5634765625 0.7408854171875 0.57421875 0.7604166671875 0.5732421875 0.7708333328125 0.5673828125 0.76953125 0.5625 0.74609375 0.560546875 0.7395833328125 0.5634765625
1 0.6067708328125 0.4150390625 0.6276041671875 0.4228515625 0.6328125 0.4189453125 0.6328125 0.4111328125 0.6106770828125 0.40625 0.6067708328125 0.4150390625
1 0.6236979171875 0.44140625 0.59765625 0.443359375 0.5963541671875 0.4560546875 0.6002604171875 0.458984375 0.609375 0.4580078125 0.6184895828125 0.45703125 0.6302083328125 0.4482421875 0.6302083328125 0.4443359375 0.6236979171875 0.44140625
1 0.171875 0.3447265625 0.1809895828125 0.353515625 0.1875 0.3525390625 0.20052083281250002 0.3427734375 0.1940104171875 0.3359375 0.1809895828125 0.337890625 0.171875 0.3447265625
1 0.2109375 0.4033203125 0.2109375 0.4091796875 0.22526041718749998 0.41796875 0.23697916718749998 0.4208984375 0.24479166718749998 0.4169921875 0.24479166718749998 0.4130859375 0.21744791718749998 0.3984375 0.2109375 0.4033203125
1 0.22786458281250002 0.361328125 0.22265625 0.361328125 0.2109375 0.3740234375 0.2109375 0.3818359375 0.21875 0.3837890625 0.22526041718749998 0.3828125 0.23697916718749998 0.3740234375 0.23697916718749998 0.3662109375 0.22786458281250002 0.361328125
1 0.34375 0.3740234375 0.3463541671875 0.3935546875 0.3502604171875 0.3984375 0.359375 0.3974609375 0.3619791671875 0.3759765625 0.35546875 0.37109375 0.34765625 0.37109375 0.34375 0.3740234375
1 0.28125 0.4521484375 0.28515625 0.45703125 0.296875 0.4580078125 0.3098958328125 0.4541015625 0.3098958328125 0.4462890625 0.3059895828125 0.443359375 0.28125 0.4521484375
1 0.2578125 0.5029296875 0.2643229171875 0.513671875 0.2825520828125 0.521484375 0.2916666671875 0.5205078125 0.296875 0.5146484375 0.29296875 0.5078125 0.2799479171875 0.501953125 0.2578125 0.5029296875
1 0.20182291718749998 0.474609375 0.1927083328125 0.4755859375 0.1848958328125 0.4912109375 0.1848958328125 0.4990234375 0.1888020828125 0.501953125 0.1953125 0.5009765625 0.20572916718749998 0.4951171875 0.2109375 0.4833984375 0.2109375 0.4794921875 0.20182291718749998 0.474609375
1 0.3671875 0.4775390625 0.3763020828125 0.482421875 0.3828125 0.4814453125 0.390625 0.4658203125 0.3815104171875 0.458984375 0.3697916671875 0.4677734375 0.3671875 0.4775390625
1 0.3424479171875 0.52734375 0.3359375 0.5341796875 0.3359375 0.5439453125 0.3489583328125 0.5458984375 0.3567708328125 0.5341796875 0.3567708328125 0.5263671875 0.3528645828125 0.5234375 0.3424479171875 0.52734375
1 0.3372395828125 0.59375 0.3229166671875 0.5986328125 0.3229166671875 0.6044921875 0.3294270828125 0.609375 0.34375 0.6083984375 0.3515625 0.6064453125 0.3515625 0.5966796875 0.34765625 0.59375 0.3372395828125 0.59375
1 0.21744791718749998 0.662109375 0.20833333281250002 0.6650390625 0.20963541718749998 0.67578125 0.23697916718749998 0.6767578125 0.2421875 0.6748046875 0.2421875 0.6708984375 0.23567708281250002 0.666015625 0.21744791718749998 0.662109375
1 0.1875 0.6044921875 0.1875 0.6142578125 0.1940104171875 0.6171875 0.203125 0.6162109375 0.2109375 0.5947265625 0.20442708281250002 0.587890625 0.1901041671875 0.5986328125 0.1875 0.6044921875
1 0.3046875 0.7197265625 0.2942708328125 0.7333984375 0.2942708328125 0.7431640625 0.3072916671875 0.7431640625 0.3229166671875 0.7275390625 0.3229166671875 0.7236328125 0.3111979171875 0.716796875 0.3046875 0.7197265625
1 0.4270833328125 0.7568359375 0.43359375 0.765625 0.4401041671875 0.7646484375 0.453125 0.7568359375 0.44921875 0.748046875 0.43359375 0.751953125 0.4270833328125 0.7568359375
1 0.5286458328125 0.7685546875 0.5286458328125 0.7744140625 0.5377604171875 0.779296875 0.546875 0.7783203125 0.5546875 0.7705078125 0.54296875 0.763671875 0.53515625 0.763671875 0.5286458328125 0.7685546875
1 0.7057291671875 0.7392578125 0.7005208328125 0.7490234375 0.7005208328125 0.7587890625 0.7083333328125 0.7587890625 0.7317708328125 0.7412109375 0.7317708328125 0.7373046875 0.7200520828125 0.73046875 0.7057291671875 0.7392578125
1 0.7708333328125 0.7041015625 0.7747395828125 0.70703125 0.7890625 0.7060546875 0.7890625 0.6904296875 0.7747395828125 0.681640625 0.7708333328125 0.6865234375 0.7708333328125 0.7041015625
1 0.72265625 0.63671875 0.71875 0.6455078125 0.7252604171875 0.65234375 0.7291666671875 0.6513671875 0.7356770828125 0.650390625 0.7395833328125 0.6435546875 0.7330729171875 0.63671875 0.72265625 0.63671875
1 0.5546875 0.6064453125 0.5546875 0.6220703125 0.5677083328125 0.6220703125 0.5703125 0.6103515625 0.5677083328125 0.6005859375 0.5611979171875 0.59765625 0.5546875 0.6064453125
1 0.6328125 0.5986328125 0.6393229171875 0.609375 0.6549479171875 0.6171875 0.6640625 0.6162109375 0.6692708328125 0.6083984375 0.66015625 0.6015625 0.65234375 0.59765625 0.6328125 0.5986328125
1 0.4192708328125 0.6435546875 0.4231770828125 0.650390625 0.4388020828125 0.65625 0.453125 0.6552734375 0.4557291671875 0.6494140625 0.4440104171875 0.642578125 0.42578125 0.640625 0.4192708328125 0.6435546875
1 0.5625 0.6787109375 0.5690104171875 0.685546875 0.5872395828125 0.69140625 0.59375 0.6904296875 0.5989583328125 0.6826171875 0.59765625 0.677734375 0.5768229171875 0.673828125 0.5625 0.6787109375
1 0.5 0.7001953125 0.5052083328125 0.7119140625 0.515625 0.7119140625 0.5260416671875 0.6884765625 0.5169270828125 0.681640625 0.5091145828125 0.681640625 0.5 0.7001953125
1 0.4166666671875 0.5205078125 0.4166666671875 0.5244140625 0.4283854171875 0.53515625 0.4479166671875 0.5400390625 0.4557291671875 0.5341796875 0.4544270828125 0.52734375 0.4309895828125 0.51953125 0.4166666671875 0.5205078125
1 0.5234375 0.4501953125 0.5208333328125 0.4697265625 0.53125 0.4697265625 0.5416666671875 0.4521484375 0.5403645828125 0.4453125 0.52734375 0.4453125 0.5234375 0.4501953125
1 0.4934895828125 0.466796875 0.4713541671875 0.4814453125 0.46875 0.4873046875 0.4765625 0.4892578125 0.48828125 0.48828125 0.4973958328125 0.4814453125 0.5 0.4716796875 0.4934895828125 0.466796875
1 0.52734375 0.556640625 0.5286458328125 0.5791015625 0.5377604171875 0.587890625 0.5442708328125 0.5869140625 0.546875 0.5751953125 0.5416666671875 0.5634765625 0.53515625 0.556640625 0.52734375 0.556640625
1 0.5872395828125 0.521484375 0.5807291671875 0.5263671875 0.5807291671875 0.5380859375 0.5833333328125 0.5458984375 0.5872395828125 0.548828125 0.59375 0.5478515625 0.6015625 0.5439453125 0.5989583328125 0.5283203125 0.5924479171875 0.521484375 0.5872395828125 0.521484375