1 0.5104166671875 0.1962890625 0.5104166671875 0.2041015625 0.515625 0.2138671875 0.5234375 0.2158203125 0.53125 0.2138671875 0.53125 0.2060546875 0.5143229171875 0.193359375 0.5104166671875 0.1962890625
1 0.5169270828125 0.154296875 0.5078125 0.1650390625 0.5078125 0.1748046875 0.51171875 0.177734375 0.5208333328125 0.1767578125 0.5286458328125 0.1650390625 0.5286458328125 0.1572265625 0.5247395828125 0.154296875 0.5169270828125 0.154296875
1 0.4127604171875 0.162109375 0.4088541671875 0.1650390625 0.4127604171875 0.17578125 0.4375 0.1748046875 0.4453125 0.1708984375 0.4453125 0.1630859375 0.4388020828125 0.16015625 0.4127604171875 0.162109375
1 0.6315104171875 0.1953125 0.6197916671875 0.2001953125 0.6223958328125 0.2080078125 0.6302083328125 0.2099609375 0.6432291671875 0.2060546875 0.6484375 0.2001953125 0.64453125 0.1953125 0.6315104171875 0.1953125
1 0.6979166671875 0.2158203125 0.6979166671875 0.2333984375 0.7083333328125 0.2333984375 0.7161458328125 0.2255859375 0.7161458328125 0.2158203125 0.7018229171875 0.212890625 0.6979166671875 0.2158203125
1 0.6393229171875 0.283203125 0.6276041671875 0.2919921875 0.6276041671875 0.2958984375 0.6354166671875 0.2978515625 0.6497395828125 0.294921875 0.6614583328125 0.2841796875 0.6549479171875 0.279296875 0.6393229171875 0.283203125
1 0.7356770828125 0.283203125 0.734375 0.2958984375 0.7513020828125 0.306640625 0.765625 0.3076171875 0.7682291671875 0.3037109375 0.7630208328125 0.2958984375 0.7434895828125 0.283203125 0.7356770828125 0.283203125
1 0.7083333328125 0.3193359375 0.7083333328125 0.3447265625 0.7122395828125 0.34765625 0.7239583328125 0.3466796875 0.7291666671875 0.3427734375 0.7265625 0.3251953125 0.7122395828125 0.31640625 0.7083333328125 0.3193359375
1 0.5208333328125 0.3017578125 0.52734375 0.30859375 0.5364583328125 0.3076171875 0.5416666671875 0.3017578125 0.5377604171875 0.298828125 0.52734375 0.296875 0.5208333328125 0.3017578125
1 0.5234375 0.2705078125 0.5325520828125 0.279296875 0.5390625 0.2783203125 0.546875 0.2685546875 0.5377604171875 0.26171875 0.5325520828125 0.26171875 0.5234375 0.2705078125
1 0.5677083328125 0.2646484375 0.5768229171875 0.275390625 0.5859375 0.2744140625 0.5885416671875 0.2607421875 0.5768229171875 0.251953125 0.5677083328125 0.2587890625 0.5677083328125 0.2646484375
1 0.5546875 0.3134765625 0.5690104171875 0.326171875 0.5807291671875 0.3271484375 0.5885416671875 0.3173828125 0.5794270828125 0.310546875 0.5611979171875 0.30859375 0.5546875 0.3134765625
1 0.2604166671875 0.2197265625 0.2604166671875 0.2255859375 0.26953125 0.232421875 0.2838541671875 0.2333984375 0.2890625 0.2236328125 0.2825520828125 0.21875 0.2643229171875 0.216796875 0.2604166671875 0.2197265625
1 0.1848958328125 0.2412109375 0.19140625 0.25 0.1979166671875 0.2490234375 0.21354166718749998 0.2353515625 0.21223958281250002 0.2265625 0.20182291718749998 0.2265625 0.1848958328125 0.2412109375
1 0.3307291671875 0.1923828125 0.3307291671875 0.2060546875 0.3424479171875 0.216796875 0.3489583328125 0.2158203125 0.3567708328125 0.2080078125 0.3463541671875 0.1962890625 0.3346354171875 0.189453125 0.3307291671875 0.1923828125
1 0.47265625 0.255859375 0.4765625 0.2548828125 0.484375 0.2470703125 0.46484375 0.236328125 0.4609375 0.2451171875 0.47265625 0.255859375
1 0.3776041671875 0.2763671875 0.3854166671875 0.2783203125 0.3854166671875 0.2490234375 0.3684895828125 0.248046875 0.3697916671875 0.2666015625 0.3776041671875 0.2763671875
1 0.4283854171875 0.287109375 0.4192708328125 0.2939453125 0.4231770828125 0.302734375 0.4348958328125 0.3017578125 0.453125 0.2978515625 0.4557291671875 0.2939453125 0.44921875 0.283203125 0.4283854171875 0.287109375
1 0.2786458328125 0.2744140625 0.2682291671875 0.2900390625 0.2721354171875 0.298828125 0.28125 0.2978515625 0.2890625 0.2900390625 0.2890625 0.2744140625 0.28515625 0.271484375 0.2786458328125 0.2744140625
1 0.23828125 0.30078125 0.22916666718749998 0.3095703125 0.22916666718749998 0.3134765625 0.23697916718749998 0.3154296875 0.2643229171875 0.310546875 0.2682291671875 0.3037109375 0.26171875 0.298828125 0.23828125 0.30078125
1 0.1901041671875 0.3583984375 0.1940104171875 0.365234375 0.20572916718749998 0.3642578125 0.21875 0.3544921875 0.21875 0.3505859375 0.20703125 0.34375 0.1901041671875 0.3583984375
1 0.22135416718749998 0.3818359375 0.21875 0.3896484375 0.22265625 0.392578125 0.23567708281250002 0.396484375 0.2526041671875 0.3955078125 0.2552083328125 0.3916015625 0.24609375 0.3828125 0.23046875 0.37890625 0.22135416718749998 0.3818359375
1 0.1809895828125 0.4140625 0.1770833328125 0.4208984375 0.1822916671875 0.4267578125 0.1940104171875 0.435546875 0.203125 0.4365234375 0.2109375 0.4306640625 0.20572916718749998 0.4228515625 0.1940104171875 0.416015625 0.1809895828125 0.4140625
1 0.21614583281250002 0.5595703125 0.22005208281250002 0.564453125 0.23177083281250002 0.5654296875 0.23958333281250002 0.5537109375 0.23567708281250002 0.544921875 0.22786458281250002 0.544921875 0.21614583281250002 0.5595703125
1 0.17578125 0.466796875 0.1666666671875 0.4716796875 0.1666666671875 0.4833984375 0.1705729171875 0.48828125 0.1822916671875 0.4873046875 0.1875 0.4853515625 0.1875 0.4814453125 0.1822916671875 0.4697265625 0.17578125 0.466796875
1 0.33203125 0.4140625 0.328125 0.4169921875 0.328125 0.4287109375 0.3333333328125 0.4365234375 0.3385416671875 0.4365234375 0.3463541671875 0.4267578125 0.3463541671875 0.4169921875 0.3424479171875 0.4140625 0.33203125 0.4140625
1 0.3776041671875 0.3740234375 0.37890625 0.384765625 0.4049479171875 0.39453125 0.4114583328125 0.3935546875 0.4140625 0.3837890625 0.4075520828125 0.37890625 0.3919270828125 0.373046875 0.3776041671875 0.3740234375
1 0.34765625 0.3671875 0.3203125 0.3798828125 0.3177083328125 0.3896484375 0.3216145828125 0.392578125 0.328125 0.3916015625 0.3567708328125 0.3798828125 0.359375 0.3759765625 0.3528645828125 0.369140625 0.34765625 0.3671875
1 0.3854166671875 0.4658203125 0.3880208328125 0.4833984375 0.3958333328125 0.4873046875 0.4036458328125 0.4833984375 0.4036458328125 0.4638671875 0.3971354171875 0.4609375 0.3854166671875 0.4658203125
1 0.2890625 0.4580078125 0.2903645828125 0.46484375 0.3072916671875 0.4638671875 0.3255208328125 0.4560546875 0.3190104171875 0.447265625 0.30078125 0.44921875 0.2890625 0.4580078125
1 0.32421875 0.482421875 0.3255208328125 0.5048828125 0.33203125 0.51171875 0.3411458328125 0.5107421875 0.3463541671875 0.5087890625 0.34375 0.4931640625 0.3372395828125 0.486328125 0.32421875 0.482421875
1 0.2994791671875 0.5380859375 0.3046875 0.5556640625 0.3125 0.5595703125 0.3203125 0.5498046875 0.3203125 0.5419921875 0.3138020828125 0.533203125 0.2994791671875 0.5380859375
1 0.3450520828125 0.6328125 0.3229166671875 0.6416015625 0.3268229171875 0.650390625 0.3359375 0.6494140625 0.3541666671875 0.6396484375 0.3567708328125 0.6357421875 0.3528645828125 0.6328125 0.3450520828125 0.6328125
1 0.22395833281250002 0.6787109375 0.23046875 0.68359375 0.24739583281250002 0.6845703125 0.2604166671875 0.6787109375 0.2565104171875 0.673828125 0.23307291718749998 0.669921875 0.22395833281250002 0.6787109375
1 0.3190104171875 0.75 0.3151041671875 0.7529296875 0.3125 0.7685546875 0.31640625 0.775390625 0.3229166671875 0.7744140625 0.3333333328125 0.7626953125 0.3333333328125 0.7529296875 0.3294270828125 0.75 0.3190104171875 0.75
1 0.6640625 0.7587890625 0.67578125 0.767578125 0.6822916671875 0.7666015625 0.6875 0.7587890625 0.6809895828125 0.751953125 0.6731770828125 0.751953125 0.6640625 0.7587890625
1 0.5 0.6728515625 0.5 0.6767578125 0.51171875 0.68359375 0.5208333328125 0.6826171875 0.5286458328125 0.6806640625 0.5286458328125 0.6708984375 0.5247395828125 0.66796875 0.5 0.6728515625
1 0.5885416671875 0.6865234375 0.5924479171875 0.693359375 0.6223958328125 0.6923828125 0.625 0.6826171875 0.62109375 0.6796875 0.5950520828125 0.681640625 0.5885416671875 0.6865234375
1 0.7291666671875 0.6162109375 0.7330729171875 0.625 0.7473958328125 0.6240234375 0.7473958328125 0.6162109375 0.7434895828125 0.61328125 0.7330729171875 0.61328125 0.7291666671875 0.6162109375
1 0.6966145828125 0.6328125 0.6848958328125 0.6435546875 0.6861979171875 0.65234375 0.7005208328125 0.6533203125 0.7083333328125 0.6435546875 0.7083333328125 0.6357421875 0.7044270828125 0.6328125 0.6966145828125 0.6328125
1 0.5338541671875 0.6123046875 0.5377604171875 0.615234375 0.546875 0.6142578125 0.5546875 0.6083984375 0.5546875 0.6044921875 0.5377604171875 0.603515625 0.5338541671875 0.6123046875
1 0.4869791671875 0.5751953125 0.4895833328125 0.5830078125 0.4934895828125 0.5859375 0.5 0.5849609375 0.5104166671875 0.5771484375 0.51171875 0.56640625 0.5013020828125 0.56640625 0.4869791671875 0.5751953125
1 0.4609375 0.5947265625 0.4635416671875 0.6103515625 0.4700520828125 0.619140625 0.4817708328125 0.6201171875 0.4817708328125 0.6005859375 0.4765625 0.5908203125 0.4674479171875 0.587890625 0.4609375 0.5947265625
1 0.4088541671875 0.5244140625 0.4153645828125 0.533203125 0.4244791671875 0.5322265625 0.4348958328125 0.5244140625 0.4309895828125 0.517578125 0.41796875 0.517578125 0.4088541671875 0.5244140625
1 0.4296875 0.5556640625 0.4296875 0.5654296875 0.43359375 0.5703125 0.4427083328125 0.5693359375 0.4505208328125 0.5517578125 0.4466145828125 0.548828125 0.4361979171875 0.548828125 0.4296875 0.5556640625
1 0.57421875 0.490234375 0.5677083328125 0.4951171875 0.5729166671875 0.5029296875 0.5833333328125 0.5029296875 0.6002604171875 0.49609375 0.6015625 0.4912109375 0.5924479171875 0.48828125 0.57421875 0.490234375
1 0.4557291671875 0.4833984375 0.4622395828125 0.4921875 0.4713541671875 0.4912109375 0.4869791671875 0.4716796875 0.4830729171875 0.466796875 0.4674479171875 0.470703125 0.4557291671875 0.4833984375
1 0.5026041671875 0.4560546875 0.51171875 0.46484375 0.515625 0.4638671875 0.5364583328125 0.4482421875 0.5377604171875 0.439453125 0.5247395828125 0.439453125 0.5026041671875 0.4560546875
1 0.5169270828125 0.3515625 0.5390625 0.3505859375 0.5377604171875 0.33984375 0.5052083328125 0.3408203125 0.5052083328125 0.3447265625 0.5169270828125 0.3515625
1 0.5546875 0.3798828125 0.5572916671875 0.3955078125 0.56640625 0.40234375 0.5729166671875 0.4013671875 0.5729166671875 0.3818359375 0.5690104171875 0.376953125 0.5611979171875 0.376953125 0.5546875 0.3798828125
1 0.5625 0.4150390625 0.5690104171875 0.423828125 0.5794270828125 0.427734375 0.5911458328125 0.4267578125 0.59375 0.4169921875 0.5872395828125 0.412109375 0.5690104171875 0.41015625 0.5625 0.4150390625
1 0.6458333328125 0.3896484375 0.6497395828125 0.39453125 0.65625 0.3935546875 0.6744791671875 0.3818359375 0.66796875 0.375 0.66015625 0.376953125 0.6458333328125 0.3896484375
1 0.7408854171875 0.423828125 0.7291666671875 0.4345703125 0.7291666671875 0.4404296875 0.73828125 0.4453125 0.7421875 0.4443359375 0.7578125 0.4306640625 0.7578125 0.4228515625 0.75390625 0.419921875 0.7408854171875 0.423828125
1 0.6901041671875 0.5302734375 0.69140625 0.53515625 0.703125 0.5361328125 0.7213541671875 0.5146484375 0.71484375 0.509765625 0.703125 0.5146484375 0.6901041671875 0.5302734375
1 0.6380208328125 0.5869140625 0.6471354171875 0.591796875 0.65625 0.5908203125 0.6640625 0.5771484375 0.6614583328125 0.5634765625 0.6575520828125 0.560546875 0.6380208328125 0.5869140625