1 0.18359375 0.158203125 0.1744791671875 0.1689453125 0.1783854171875 0.17578125 0.1927083328125 0.1787109375 0.20052083281250002 0.1669921875 0.20052083281250002 0.1591796875 0.1940104171875 0.15625 0.18359375 0.158203125
1 0.1940104171875 0.220703125 0.1822916671875 0.2294921875 0.18359375 0.234375 0.20052083281250002 0.2333984375 0.21875 0.2255859375 0.21875 0.2216796875 0.20963541718749998 0.21484375 0.1940104171875 0.220703125
1 0.2734375 0.2255859375 0.2734375 0.2314453125 0.28515625 0.240234375 0.3098958328125 0.2412109375 0.3125 0.2333984375 0.30859375 0.228515625 0.2903645828125 0.224609375 0.2734375 0.2255859375
1 0.3697916671875 0.1943359375 0.3671875 0.1865234375 0.3580729171875 0.1796875 0.3450520828125 0.177734375 0.34375 0.1845703125 0.3515625 0.2001953125 0.35546875 0.203125 0.3697916671875 0.2041015625 0.3619791671875 0.2216796875 0.3723958328125 0.2255859375 0.3802083328125 0.2216796875 0.3880208328125 0.2041015625 0.3841145828125 0.19921875 0.3697916671875 0.1943359375
1 0.48046875 0.20703125 0.4713541671875 0.2177734375 0.4713541671875 0.2255859375 0.4752604171875 0.228515625 0.484375 0.2275390625 0.4947916671875 0.2177734375 0.4947916671875 0.2119140625 0.48828125 0.205078125 0.48046875 0.20703125
1 0.5286458328125 0.1845703125 0.5338541671875 0.1708984375 0.5299479171875 0.16796875 0.5065104171875 0.169921875 0.5 0.1748046875 0.5026041671875 0.1826171875 0.5143229171875 0.1875 0.5247395828125 0.185546875 0.5260416671875 0.2001953125 0.5390625 0.2021484375 0.546875 0.2001953125 0.546875 0.1884765625 0.54296875 0.185546875 0.5286458328125 0.1845703125
1 0.6770833328125 0.2294921875 0.68359375 0.23828125 0.6927083328125 0.2373046875 0.703125 0.2236328125 0.69921875 0.21875 0.6888020828125 0.220703125 0.6770833328125 0.2294921875
1 0.6302083328125 0.2177734375 0.6341145828125 0.2265625 0.6458333328125 0.2255859375 0.6510416671875 0.2177734375 0.6497395828125 0.203125 0.6419270828125 0.205078125 0.6302083328125 0.2177734375
1 0.6041666671875 0.1787109375 0.6067708328125 0.1904296875 0.61328125 0.1953125 0.625 0.1943359375 0.6276041671875 0.1884765625 0.6197916671875 0.1748046875 0.6080729171875 0.17578125 0.6041666671875 0.1787109375
1 0.5013020828125 0.28515625 0.5130208328125 0.2841796875 0.5182291671875 0.2763671875 0.5013020828125 0.26953125 0.4921875 0.2802734375 0.5013020828125 0.28515625
1 0.3971354171875 0.271484375 0.3828125 0.2783203125 0.3828125 0.2822265625 0.3893229171875 0.28515625 0.4192708328125 0.2861328125 0.421875 0.2802734375 0.41796875 0.275390625 0.4049479171875 0.275390625 0.3971354171875 0.271484375
1 0.4375 0.2763671875 0.4375 0.2939453125 0.44140625 0.296875 0.4479166671875 0.2958984375 0.453125 0.2919921875 0.4583333328125 0.2724609375 0.4440104171875 0.267578125 0.4375 0.2763671875
1 0.5390625 0.3173828125 0.5546875 0.3173828125 0.5546875 0.2998046875 0.5481770828125 0.296875 0.5390625 0.3037109375 0.5390625 0.3173828125
1 0.5807291671875 0.3447265625 0.5807291671875 0.3525390625 0.5846354171875 0.357421875 0.5989583328125 0.3564453125 0.6015625 0.3427734375 0.5989583328125 0.3369140625 0.58984375 0.333984375 0.5807291671875 0.3447265625
1 0.7526041671875 0.3701171875 0.7526041671875 0.3779296875 0.7565104171875 0.380859375 0.7682291671875 0.3798828125 0.7760416671875 0.3642578125 0.76953125 0.357421875 0.7643229171875 0.357421875 0.7526041671875 0.3701171875
1 0.65625 0.3896484375 0.65625 0.3974609375 0.66015625 0.400390625 0.6770833328125 0.3994140625 0.6901041671875 0.3955078125 0.6861979171875 0.38671875 0.66015625 0.38671875 0.65625 0.3896484375
1 0.6640625 0.3388671875 0.6640625 0.3447265625 0.6705729171875 0.34765625 0.703125 0.3486328125 0.7057291671875 0.3408203125 0.6940104171875 0.3359375 0.6705729171875 0.333984375 0.6640625 0.3388671875
1 0.7291666671875 0.3154296875 0.7291666671875 0.3193359375 0.7434895828125 0.330078125 0.7565104171875 0.3359375 0.7630208328125 0.3349609375 0.7682291671875 0.3271484375 0.7643229171875 0.3203125 0.7513020828125 0.314453125 0.7291666671875 0.3154296875
1 0.3151041671875 0.3193359375 0.3190104171875 0.328125 0.3489583328125 0.3271484375 0.3541666671875 0.3251953125 0.3528645828125 0.318359375 0.3294270828125 0.31640625 0.3151041671875 0.3193359375
1 0.21223958281250002 0.337890625 0.20833333281250002 0.3427734375 0.21354166718749998 0.3583984375 0.22005208281250002 0.365234375 0.2265625 0.3642578125 0.23177083281250002 0.3564453125 0.22916666718749998 0.3427734375 0.22526041718749998 0.337890625 0.21223958281250002 0.337890625
1 0.27734375 0.3203125 0.2682291671875 0.3251953125 0.2630208328125 0.3388671875 0.2630208328125 0.3486328125 0.26953125 0.353515625 0.2760416671875 0.3525390625 0.28125 0.3486328125 0.2864583328125 0.3349609375 0.2864583328125 0.3232421875 0.27734375 0.3203125
1 0.2916666671875 0.4013671875 0.2916666671875 0.4091796875 0.2955729171875 0.412109375 0.3177083328125 0.4111328125 0.3255208328125 0.4052734375 0.3190104171875 0.3984375 0.2955729171875 0.3984375 0.2916666671875 0.4013671875
1 0.1927083328125 0.3896484375 0.1927083328125 0.3974609375 0.20442708281250002 0.40625 0.22135416718749998 0.4072265625 0.2265625 0.3994140625 0.21744791718749998 0.392578125 0.20182291718749998 0.38671875 0.1927083328125 0.3896484375
1 0.4375 0.4228515625 0.44140625 0.42578125 0.4557291671875 0.4248046875 0.4713541671875 0.4189453125 0.4674479171875 0.408203125 0.4401041671875 0.4150390625 0.4375 0.4228515625
1 0.390625 0.3701171875 0.39453125 0.380859375 0.4088541671875 0.3798828125 0.4244791671875 0.3701171875 0.4205729171875 0.36328125 0.40234375 0.365234375 0.390625 0.3701171875
1 0.5052083328125 0.4482421875 0.5091145828125 0.455078125 0.5208333328125 0.4560546875 0.53125 0.4443359375 0.53125 0.4384765625 0.5247395828125 0.43359375 0.5052083328125 0.4482421875
1 0.54296875 0.4453125 0.5546875 0.4443359375 0.5546875 0.4365234375 0.53515625 0.421875 0.5260416671875 0.4326171875 0.54296875 0.4453125
1 0.7161458328125 0.5673828125 0.72265625 0.57421875 0.7317708328125 0.5732421875 0.7395833328125 0.5615234375 0.7356770828125 0.55078125 0.7265625 0.5517578125 0.7161458328125 0.5673828125
1 0.7174479171875 0.470703125 0.7135416671875 0.4775390625 0.7330729171875 0.494140625 0.7369791671875 0.4931640625 0.7421875 0.4912109375 0.7395833328125 0.4775390625 0.7278645828125 0.46875 0.7174479171875 0.470703125
1 0.6979166671875 0.5205078125 0.70703125 0.529296875 0.7200520828125 0.53515625 0.734375 0.5361328125 0.7395833328125 0.5283203125 0.7252604171875 0.51953125 0.7018229171875 0.517578125 0.6979166671875 0.5205078125
1 0.50390625 0.53515625 0.5026041671875 0.5439453125 0.5169270828125 0.5546875 0.5234375 0.5537109375 0.53125 0.5498046875 0.53125 0.5439453125 0.51953125 0.537109375 0.50390625 0.53515625
1 0.4661458328125 0.5068359375 0.4700520828125 0.513671875 0.4973958328125 0.5146484375 0.5052083328125 0.5107421875 0.5013020828125 0.501953125 0.4830729171875 0.501953125 0.4661458328125 0.5068359375
1 0.5690104171875 0.5 0.5455729171875 0.505859375 0.5364583328125 0.5126953125 0.5364583328125 0.5166015625 0.5494791671875 0.5185546875 0.57421875 0.515625 0.578125 0.5126953125 0.578125 0.5048828125 0.5690104171875 0.5
1 0.5924479171875 0.576171875 0.59375 0.5849609375 0.61328125 0.599609375 0.6197916671875 0.5986328125 0.6276041671875 0.5927734375 0.6223958328125 0.5869140625 0.6080729171875 0.578125 0.5924479171875 0.576171875
1 0.3411458328125 0.4697265625 0.3424479171875 0.47265625 0.3619791671875 0.4736328125 0.3723958328125 0.4697265625 0.3684895828125 0.458984375 0.3502604171875 0.462890625 0.3411458328125 0.4697265625
1 0.3854166671875 0.5498046875 0.3880208328125 0.5595703125 0.3984375 0.5615234375 0.40625 0.5498046875 0.40234375 0.541015625 0.3971354171875 0.541015625 0.3854166671875 0.5498046875
1 0.3919270828125 0.509765625 0.3802083328125 0.5185546875 0.3802083328125 0.5224609375 0.3893229171875 0.529296875 0.3932291671875 0.5283203125 0.4036458328125 0.5205078125 0.4036458328125 0.5126953125 0.3997395828125 0.509765625 0.3919270828125 0.509765625
1 0.3541666671875 0.4814453125 0.3541666671875 0.5048828125 0.3619791671875 0.5068359375 0.3697916671875 0.5009765625 0.37109375 0.478515625 0.3580729171875 0.478515625 0.3541666671875 0.4814453125
1 0.1692708328125 0.4404296875 0.171875 0.4482421875 0.18359375 0.45703125 0.1979166671875 0.4599609375 0.203125 0.4501953125 0.1966145828125 0.4453125 0.1783854171875 0.439453125 0.1692708328125 0.4404296875
1 0.17578125 0.478515625 0.1692708328125 0.4833984375 0.1705729171875 0.490234375 0.1979166671875 0.4912109375 0.20572916718749998 0.4873046875 0.20572916718749998 0.4814453125 0.1966145828125 0.4765625 0.17578125 0.478515625
1 0.203125 0.5087890625 0.20703125 0.517578125 0.22395833281250002 0.5185546875 0.22916666718749998 0.5166015625 0.22526041718749998 0.5078125 0.20963541718749998 0.50390625 0.203125 0.5087890625
1 0.20833333281250002 0.5537109375 0.21223958281250002 0.5625 0.22135416718749998 0.5615234375 0.23177083281250002 0.5498046875 0.22526041718749998 0.541015625 0.21744791718749998 0.541015625 0.20833333281250002 0.5537109375
1 0.23177083281250002 0.4833984375 0.23177083281250002 0.4970703125 0.23567708281250002 0.501953125 0.24479166718749998 0.5009765625 0.2526041671875 0.4970703125 0.24479166718749998 0.4775390625 0.23828125 0.4765625 0.23177083281250002 0.4833984375
1 0.1848958328125 0.6337890625 0.1888020828125 0.640625 0.20833333281250002 0.6396484375 0.21875 0.6337890625 0.21744791718749998 0.62890625 0.19140625 0.626953125 0.1848958328125 0.6337890625
1 0.2578125 0.6611328125 0.2643229171875 0.671875 0.2864583328125 0.6767578125 0.2916666671875 0.6708984375 0.2877604171875 0.666015625 0.2669270828125 0.658203125 0.2578125 0.6611328125
1 0.24739583281250002 0.7333984375 0.25390625 0.7421875 0.2760416671875 0.7412109375 0.2838541671875 0.7353515625 0.26953125 0.7265625 0.2513020828125 0.728515625 0.24739583281250002 0.7333984375
1 0.4361979171875 0.6640625 0.4296875 0.6787109375 0.4361979171875 0.6875 0.4427083328125 0.6865234375 0.4505208328125 0.6826171875 0.4505208328125 0.6787109375 0.4427083328125 0.6650390625 0.4361979171875 0.6640625
1 0.3463541671875 0.6982421875 0.3606770828125 0.7109375 0.3684895828125 0.71484375 0.3802083328125 0.7138671875 0.3802083328125 0.7060546875 0.3580729171875 0.689453125 0.3463541671875 0.6904296875 0.3463541671875 0.6982421875
1 0.4869791671875 0.6416015625 0.4921875 0.6435546875 0.5026041671875 0.6318359375 0.5013020828125 0.62890625 0.484375 0.6298828125 0.4869791671875 0.6416015625
1 0.6744791671875 0.7412109375 0.68359375 0.74609375 0.6927083328125 0.7451171875 0.6979166671875 0.7353515625 0.6888020828125 0.73046875 0.6809895828125 0.73046875 0.6744791671875 0.7412109375
1 0.5794270828125 0.6875 0.5625 0.7001953125 0.5690104171875 0.70703125 0.578125 0.7060546875 0.5963541671875 0.6962890625 0.5963541671875 0.6904296875 0.58984375 0.685546875 0.5794270828125 0.6875
1 0.765625 0.6611328125 0.765625 0.6650390625 0.7721354171875 0.669921875 0.7786458328125 0.6689453125 0.7838541671875 0.6650390625 0.7838541671875 0.6591796875 0.7747395828125 0.65625 0.765625 0.6611328125
1 0.7161458328125 0.6728515625 0.7200520828125 0.67578125 0.7291666671875 0.6748046875 0.7369791671875 0.6572265625 0.72265625 0.65234375 0.7161458328125 0.6591796875 0.7161458328125 0.6728515625