1 0.296875 0.2041015625 0.3033854171875 0.208984375 0.3125 0.2080078125 0.3177083328125 0.2060546875 0.3125 0.1962890625 0.30078125 0.1953125 0.296875 0.2041015625
1 0.25390625 0.212890625 0.24348958281250002 0.21484375 0.23958333281250002 0.2236328125 0.24479166718749998 0.2294921875 0.2604166671875 0.2333984375 0.265625 0.2314453125 0.265625 0.2275390625 0.2578125 0.2158203125 0.25390625 0.212890625
1 0.2916666671875 0.2509765625 0.2955729171875 0.259765625 0.3151041671875 0.2607421875 0.3255208328125 0.2548828125 0.3229166671875 0.2470703125 0.31640625 0.2421875 0.2916666671875 0.2509765625
1 0.4856770828125 0.275390625 0.4765625 0.2802734375 0.4778645828125 0.287109375 0.4973958328125 0.2880859375 0.5078125 0.2861328125 0.5078125 0.2763671875 0.50390625 0.2734375 0.4856770828125 0.275390625
1 0.4583333328125 0.1904296875 0.4622395828125 0.193359375 0.46875 0.1923828125 0.4973958328125 0.1787109375 0.48828125 0.169921875 0.4583333328125 0.1826171875 0.4583333328125 0.1904296875
1 0.5260416671875 0.2138671875 0.5325520828125 0.224609375 0.5416666671875 0.2236328125 0.5598958328125 0.2080078125 0.55859375 0.197265625 0.5403645828125 0.203125 0.5260416671875 0.2138671875
1 0.4518229171875 0.236328125 0.4270833328125 0.2548828125 0.4309895828125 0.26171875 0.4453125 0.2607421875 0.4661458328125 0.2470703125 0.4661458328125 0.2431640625 0.45703125 0.236328125 0.4518229171875 0.236328125
1 0.64453125 0.19140625 0.640625 0.1962890625 0.640625 0.2099609375 0.64453125 0.212890625 0.6536458328125 0.2119140625 0.6588541671875 0.2099609375 0.6588541671875 0.2001953125 0.6497395828125 0.19140625 0.64453125 0.19140625
1 0.6015625 0.1708984375 0.6015625 0.1787109375 0.60546875 0.181640625 0.6171875 0.1806640625 0.6276041671875 0.1630859375 0.6236979171875 0.15625 0.6158854171875 0.15625 0.6015625 0.1708984375
1 0.6106770828125 0.212890625 0.6067708328125 0.2216796875 0.6171875 0.2353515625 0.62890625 0.244140625 0.6354166671875 0.2431640625 0.6380208328125 0.2353515625 0.6302083328125 0.2216796875 0.62109375 0.212890625 0.6106770828125 0.212890625
1 0.7578125 0.3154296875 0.7552083328125 0.3232421875 0.7591145828125 0.326171875 0.7682291671875 0.3251953125 0.7760416671875 0.3193359375 0.7760416671875 0.3154296875 0.7643229171875 0.3125 0.7578125 0.3154296875
1 0.703125 0.2763671875 0.7044270828125 0.28125 0.7265625 0.2802734375 0.7395833328125 0.2744140625 0.7330729171875 0.265625 0.7174479171875 0.267578125 0.703125 0.2763671875
1 0.7330729171875 0.228515625 0.7291666671875 0.2373046875 0.7317708328125 0.2509765625 0.7356770828125 0.25390625 0.7473958328125 0.2529296875 0.7526041671875 0.2470703125 0.75 0.2392578125 0.73828125 0.228515625 0.7330729171875 0.228515625
1 0.6302083328125 0.3310546875 0.6393229171875 0.34375 0.65625 0.3447265625 0.65625 0.3388671875 0.6471354171875 0.326171875 0.6393229171875 0.326171875 0.6302083328125 0.3310546875
1 0.8046875 0.4267578125 0.80859375 0.43359375 0.8151041671874999 0.4326171875 0.8151041671874999 0.4267578125 0.8203125 0.4287109375 0.81640625 0.419921875 0.8046875 0.4267578125
1 0.8385416671874999 0.4619140625 0.8385416671874999 0.4677734375 0.8489583328125001 0.4736328125 0.8723958328125001 0.4619140625 0.8723958328125001 0.4541015625 0.8684895828125001 0.451171875 0.8385416671874999 0.4619140625
1 0.7161458328125 0.4052734375 0.7161458328125 0.4130859375 0.7200520828125 0.416015625 0.7265625 0.4150390625 0.7447916671875 0.4091796875 0.7408854171875 0.400390625 0.7200520828125 0.40234375 0.7161458328125 0.4052734375
1 0.6080729171875 0.4140625 0.59375 0.4306640625 0.59765625 0.439453125 0.6119791671875 0.4384765625 0.6197916671875 0.4248046875 0.6197916671875 0.4169921875 0.6158854171875 0.4140625 0.6080729171875 0.4140625
1 0.6458333328125 0.3955078125 0.6432291671875 0.4013671875 0.6497395828125 0.40625 0.6653645828125 0.412109375 0.6770833328125 0.4111328125 0.6901041671875 0.4091796875 0.6809895828125 0.400390625 0.6549479171875 0.390625 0.6458333328125 0.3955078125
1 0.484375 0.4013671875 0.4895833328125 0.4091796875 0.4986979171875 0.416015625 0.5052083328125 0.4150390625 0.5078125 0.4072265625 0.4973958328125 0.3935546875 0.4856770828125 0.390625 0.484375 0.4013671875
1 0.45703125 0.353515625 0.4505208328125 0.3662109375 0.4544270828125 0.369140625 0.4609375 0.3681640625 0.4856770828125 0.365234375 0.4895833328125 0.3603515625 0.4830729171875 0.353515625 0.45703125 0.353515625
1 0.41015625 0.337890625 0.4088541671875 0.3408203125 0.4192708328125 0.3544921875 0.4283854171875 0.361328125 0.4348958328125 0.3603515625 0.4375 0.3486328125 0.4322916671875 0.3408203125 0.4231770828125 0.333984375 0.41015625 0.337890625
1 0.4192708328125 0.4130859375 0.4244791671875 0.4228515625 0.4283854171875 0.42578125 0.4348958328125 0.4248046875 0.4375 0.3955078125 0.42578125 0.392578125 0.4192708328125 0.4013671875 0.4192708328125 0.4130859375
1 0.20572916718749998 0.3271484375 0.203125 0.3388671875 0.20703125 0.341796875 0.22135416718749998 0.3408203125 0.22395833281250002 0.3271484375 0.22005208281250002 0.322265625 0.21223958281250002 0.322265625 0.20572916718749998 0.3271484375
1 0.3046875 0.3525390625 0.3020833328125 0.3623046875 0.3098958328125 0.3642578125 0.3359375 0.3544921875 0.3359375 0.3486328125 0.3294270828125 0.34375 0.3046875 0.3525390625
1 0.23567708281250002 0.388671875 0.22916666718749998 0.3974609375 0.23697916718749998 0.4072265625 0.24609375 0.4140625 0.2578125 0.4130859375 0.2604166671875 0.4091796875 0.25 0.3935546875 0.24348958281250002 0.388671875 0.23567708281250002 0.388671875
1 0.75 0.5830078125 0.75 0.5888671875 0.7591145828125 0.595703125 0.7734375 0.5947265625 0.78125 0.5908203125 0.7669270828125 0.580078125 0.7565104171875 0.578125 0.75 0.5830078125
1 0.7890625 0.5986328125 0.7916666671875 0.6123046875 0.80078125 0.623046875 0.8098958328125001 0.6220703125 0.8125 0.6044921875 0.8098958328125001 0.5986328125 0.7981770828125 0.59375 0.7890625 0.5986328125
1 0.7239583328125 0.6455078125 0.7278645828125 0.6484375 0.7421875 0.6474609375 0.7421875 0.6318359375 0.7252604171875 0.62109375 0.7213541671875 0.6259765625 0.7239583328125 0.6455078125
1 0.6901041671875 0.6123046875 0.6901041671875 0.6240234375 0.6953125 0.6357421875 0.69921875 0.640625 0.7135416671875 0.6396484375 0.7161458328125 0.6357421875 0.7057291671875 0.6123046875 0.6940104171875 0.609375 0.6901041671875 0.6123046875
1 0.8294270828125001 0.53515625 0.8216145828125001 0.537109375 0.8177083328125001 0.5439453125 0.8229166671874999 0.5576171875 0.8333333328125001 0.5595703125 0.8385416671874999 0.5576171875 0.8385416671874999 0.5439453125 0.8359375 0.5380859375 0.8294270828125001 0.53515625
1 0.8059895828125001 0.51953125 0.8020833328125001 0.5263671875 0.8020833328125001 0.5380859375 0.8098958328125001 0.5400390625 0.8203125 0.5302734375 0.8203125 0.5224609375 0.8138020828125001 0.51953125 0.8059895828125001 0.51953125
1 0.7682291671875 0.7041015625 0.7799479171875 0.7109375 0.7890625 0.7099609375 0.7916666671875 0.7001953125 0.77734375 0.69140625 0.7643229171875 0.689453125 0.7682291671875 0.7041015625
1 0.61328125 0.642578125 0.609375 0.6455078125 0.609375 0.6591796875 0.6145833328125 0.6689453125 0.6223958328125 0.6708984375 0.62890625 0.669921875 0.6328125 0.6630859375 0.6223958328125 0.6455078125 0.61328125 0.642578125
1 0.6731770828125 0.73828125 0.6497395828125 0.740234375 0.6484375 0.7509765625 0.6549479171875 0.755859375 0.6588541671875 0.7548828125 0.6731770828125 0.751953125 0.6796875 0.7470703125 0.6796875 0.7412109375 0.6731770828125 0.73828125
1 0.625 0.7255859375 0.6223958328125 0.7431640625 0.625 0.7529296875 0.6354166671875 0.7529296875 0.640625 0.7490234375 0.640625 0.7333984375 0.62890625 0.72265625 0.625 0.7255859375
1 0.7057291671875 0.7626953125 0.7174479171875 0.7734375 0.7213541671875 0.7724609375 0.7369791671875 0.7568359375 0.73828125 0.744140625 0.73046875 0.744140625 0.7057291671875 0.7626953125
1 0.3151041671875 0.7646484375 0.3072916671875 0.7763671875 0.30859375 0.779296875 0.3203125 0.7783203125 0.3385416671875 0.7705078125 0.3359375 0.7626953125 0.3294270828125 0.7578125 0.3151041671875 0.7646484375
1 0.44140625 0.78515625 0.4296875 0.7919921875 0.43359375 0.802734375 0.4453125 0.8017578125 0.4609375 0.7939453125 0.4661458328125 0.7880859375 0.46484375 0.78125 0.44140625 0.78515625
1 0.2265625 0.6748046875 0.22786458281250002 0.685546875 0.24739583281250002 0.6845703125 0.2552083328125 0.6806640625 0.25390625 0.673828125 0.23046875 0.671875 0.2265625 0.6748046875
1 0.265625 0.6259765625 0.2721354171875 0.630859375 0.28125 0.6298828125 0.2838541671875 0.6201171875 0.2786458328125 0.6103515625 0.2643229171875 0.611328125 0.265625 0.6259765625
1 0.21484375 0.564453125 0.20182291718749998 0.56640625 0.1901041671875 0.5732421875 0.19140625 0.580078125 0.21614583281250002 0.5810546875 0.22395833281250002 0.5771484375 0.22395833281250002 0.5732421875 0.22135416718749998 0.5673828125 0.21484375 0.564453125
1 0.26171875 0.576171875 0.2578125 0.5830078125 0.2708333328125 0.5966796875 0.2747395828125 0.599609375 0.2864583328125 0.5986328125 0.2890625 0.5908203125 0.28125 0.5810546875 0.2721354171875 0.57421875 0.26171875 0.576171875
1 0.4440104171875 0.642578125 0.4348958328125 0.6513671875 0.4348958328125 0.6650390625 0.4388020828125 0.66796875 0.4453125 0.6669921875 0.453125 0.6630859375 0.453125 0.6474609375 0.44921875 0.642578125 0.4440104171875 0.642578125
1 0.4791666671875 0.5966796875 0.4791666671875 0.6123046875 0.4830729171875 0.619140625 0.4973958328125 0.6181640625 0.5 0.6064453125 0.4947916671875 0.5947265625 0.4856770828125 0.591796875 0.4791666671875 0.5966796875
1 0.453125 0.5244140625 0.45703125 0.529296875 0.4765625 0.5302734375 0.4791666671875 0.5205078125 0.4752604171875 0.517578125 0.4596354171875 0.517578125 0.453125 0.5244140625
1 0.3736979171875 0.509765625 0.375 0.5283203125 0.3776041671875 0.5341796875 0.3854166671875 0.5380859375 0.3932291671875 0.5302734375 0.3932291671875 0.5185546875 0.38671875 0.509765625 0.3736979171875 0.509765625
1 0.3763020828125 0.55859375 0.3697916671875 0.5654296875 0.3736979171875 0.57421875 0.4036458328125 0.5751953125 0.41015625 0.57421875 0.4140625 0.5693359375 0.40234375 0.560546875 0.3763020828125 0.55859375
1 0.5234375 0.4912109375 0.52734375 0.498046875 0.5390625 0.4990234375 0.5520833328125 0.4814453125 0.55078125 0.474609375 0.5377604171875 0.478515625 0.5234375 0.4912109375
1 0.5950520828125 0.490234375 0.609375 0.4892578125 0.625 0.4794921875 0.61328125 0.470703125 0.59375 0.4853515625 0.5950520828125 0.490234375
1 0.6354166671875 0.5478515625 0.6276041671875 0.5654296875 0.6276041671875 0.5712890625 0.6354166671875 0.5732421875 0.6484375 0.5634765625 0.6536458328125 0.5517578125 0.65234375 0.54296875 0.6354166671875 0.5478515625
1 0.21614583281250002 0.4697265625 0.22005208281250002 0.4765625 0.23177083281250002 0.4775390625 0.24479166718749998 0.4599609375 0.24088541718749998 0.455078125 0.22526041718749998 0.458984375 0.21614583281250002 0.4697265625
1 0.2591145828125 0.44140625 0.24739583281250002 0.4521484375 0.2643229171875 0.46484375 0.2708333328125 0.4658203125 0.2760416671875 0.4619140625 0.2760416671875 0.4560546875 0.2682291671875 0.4462890625 0.2591145828125 0.44140625
1 0.3359375 0.4560546875 0.33984375 0.462890625 0.3580729171875 0.46875 0.3671875 0.4677734375 0.3723958328125 0.4599609375 0.3684895828125 0.455078125 0.3450520828125 0.453125 0.3359375 0.4560546875
1 0.3411458328125 0.4423828125 0.3411458328125 0.4521484375 0.3489583328125 0.4541015625 0.3580729171875 0.453125 0.3619791671875 0.4443359375 0.3528645828125 0.439453125 0.3411458328125 0.4423828125