1 0.21354166718749998 0.2919921875 0.22005208281250002 0.296875 0.24479166718749998 0.2978515625 0.24739583281250002 0.2861328125 0.24348958281250002 0.283203125 0.21354166718749998 0.2861328125 0.21354166718749998 0.2919921875
1 0.21223958281250002 0.265625 0.1940104171875 0.26953125 0.1875 0.2744140625 0.19140625 0.279296875 0.203125 0.2802734375 0.22265625 0.27734375 0.2265625 0.2744140625 0.22395833281250002 0.2685546875 0.21223958281250002 0.265625
1 0.21614583281250002 0.2431640625 0.21354166718749998 0.2490234375 0.22005208281250002 0.25390625 0.23567708281250002 0.2578125 0.24739583281250002 0.2568359375 0.25 0.2509765625 0.24609375 0.24609375 0.22265625 0.240234375 0.21614583281250002 0.2431640625
1 0.21875 0.1884765625 0.22395833281250002 0.2001953125 0.234375 0.2001953125 0.24739583281250002 0.1923828125 0.24088541718749998 0.18359375 0.23046875 0.18359375 0.21875 0.1884765625
1 0.3736979171875 0.267578125 0.3828125 0.2666015625 0.3854166671875 0.2548828125 0.3736979171875 0.251953125 0.3671875 0.2626953125 0.3736979171875 0.267578125
1 0.3255208328125 0.2841796875 0.3268229171875 0.291015625 0.33984375 0.296875 0.3489583328125 0.2958984375 0.3515625 0.2900390625 0.3424479171875 0.28125 0.33203125 0.279296875 0.3255208328125 0.2841796875
1 0.3098958328125 0.2294921875 0.3098958328125 0.2373046875 0.3177083328125 0.2412109375 0.3385416671875 0.2197265625 0.33203125 0.212890625 0.3268229171875 0.212890625 0.3098958328125 0.2294921875
1 0.46875 0.2685546875 0.4700520828125 0.2734375 0.484375 0.2763671875 0.4895833328125 0.2705078125 0.4895833328125 0.2587890625 0.4856770828125 0.255859375 0.46875 0.2685546875
1 0.4947916671875 0.2314453125 0.5013020828125 0.236328125 0.5104166671875 0.2353515625 0.5130208328125 0.2158203125 0.5091145828125 0.212890625 0.49609375 0.212890625 0.4947916671875 0.2314453125
1 0.4609375 0.2236328125 0.4700520828125 0.23046875 0.4791666671875 0.2314453125 0.4869791671875 0.2197265625 0.4674479171875 0.20703125 0.45703125 0.20703125 0.4609375 0.2236328125
1 0.7890625 0.1708984375 0.79296875 0.181640625 0.8046875 0.1806640625 0.8177083328125001 0.1748046875 0.81640625 0.16796875 0.79296875 0.16796875 0.7890625 0.1708984375
1 0.6197916671875 0.2236328125 0.62890625 0.232421875 0.6393229171875 0.236328125 0.6458333328125 0.2353515625 0.6484375 0.2255859375 0.6419270828125 0.220703125 0.6197916671875 0.2177734375 0.6197916671875 0.2236328125
1 0.62109375 0.3203125 0.6171875 0.3154296875 0.6223958328125 0.3115234375 0.6106770828125 0.30859375 0.6145833328125 0.3232421875 0.6197916671875 0.3232421875 0.6263020828125 0.322265625 0.6302083328125 0.3173828125 0.6263020828125 0.314453125 0.62109375 0.3203125
1 0.7200520828125 0.30078125 0.7213541671875 0.3115234375 0.73046875 0.318359375 0.7395833328125 0.3193359375 0.7473958328125 0.3134765625 0.7473958328125 0.3095703125 0.7330729171875 0.30078125 0.7200520828125 0.30078125
1 0.67578125 0.318359375 0.6692708328125 0.3232421875 0.671875 0.3330078125 0.6888020828125 0.345703125 0.6979166671875 0.3447265625 0.7005208328125 0.3408203125 0.6927083328125 0.3291015625 0.6809895828125 0.318359375 0.67578125 0.318359375
1 0.54296875 0.34375 0.53125 0.3486328125 0.53125 0.3564453125 0.5377604171875 0.361328125 0.5416666671875 0.3603515625 0.5546875 0.3564453125 0.5598958328125 0.3486328125 0.55859375 0.34375 0.54296875 0.34375
1 0.4049479171875 0.291015625 0.3932291671875 0.3037109375 0.3971354171875 0.306640625 0.40625 0.3056640625 0.4283854171875 0.30078125 0.4296875 0.2919921875 0.42578125 0.2890625 0.4049479171875 0.291015625
1 0.4283854171875 0.314453125 0.421875 0.3251953125 0.4388020828125 0.337890625 0.4479166671875 0.3388671875 0.453125 0.3349609375 0.4479166671875 0.3232421875 0.43359375 0.314453125 0.4283854171875 0.314453125
1 0.3203125 0.3447265625 0.3203125 0.3486328125 0.3333333328125 0.3544921875 0.3489583328125 0.3349609375 0.3450520828125 0.328125 0.33203125 0.33203125 0.3203125 0.3447265625
1 0.6380208328125 0.3994140625 0.6458333328125 0.3955078125 0.6341145828125 0.38671875 0.6263020828125 0.38671875 0.625 0.3935546875 0.6302083328125 0.4052734375 0.6380208328125 0.4072265625 0.6471354171875 0.404296875 0.6484375 0.3994140625 0.6393229171875 0.40234375 0.6380208328125 0.3994140625
1 0.73046875 0.42578125 0.7473958328125 0.4248046875 0.7708333328125 0.4130859375 0.7565104171875 0.40625 0.7291666671875 0.4189453125 0.73046875 0.42578125
1 0.7018229171875 0.576171875 0.6979166671875 0.5810546875 0.6979166671875 0.5966796875 0.7044270828125 0.6015625 0.7083333328125 0.6005859375 0.7161458328125 0.5966796875 0.7161458328125 0.5927734375 0.7083333328125 0.5771484375 0.7018229171875 0.576171875
1 0.7447916671875 0.5029296875 0.7486979171875 0.51171875 0.7760416671875 0.5126953125 0.7864583328125 0.5087890625 0.7825520828125 0.501953125 0.7486979171875 0.5 0.7447916671875 0.5029296875
1 0.7356770828125 0.55078125 0.7317708328125 0.5537109375 0.7317708328125 0.5732421875 0.73828125 0.578125 0.7473958328125 0.5771484375 0.7526041671875 0.5751953125 0.75 0.5576171875 0.7434895828125 0.55078125 0.7356770828125 0.55078125
1 0.5885416671875 0.4443359375 0.5911458328125 0.4541015625 0.6015625 0.4541015625 0.6197916671875 0.4443359375 0.6184895828125 0.4375 0.61328125 0.435546875 0.5885416671875 0.4443359375
1 0.6002604171875 0.4609375 0.5963541671875 0.4658203125 0.6002604171875 0.46875 0.6197916671875 0.4677734375 0.640625 0.4619140625 0.63671875 0.453125 0.6158854171875 0.455078125 0.6002604171875 0.4609375
1 0.5104166671875 0.4345703125 0.5130208328125 0.4521484375 0.5260416671875 0.4521484375 0.53125 0.4501953125 0.5286458328125 0.4345703125 0.5169270828125 0.4296875 0.5104166671875 0.4345703125
1 0.5 0.4169921875 0.5065104171875 0.42578125 0.5182291671875 0.4248046875 0.5338541671875 0.4189453125 0.5299479171875 0.41015625 0.5143229171875 0.41015625 0.5 0.4169921875
1 0.4791666671875 0.5263671875 0.4830729171875 0.529296875 0.5026041671875 0.5283203125 0.5026041671875 0.5185546875 0.4986979171875 0.515625 0.4791666671875 0.5185546875 0.4791666671875 0.5263671875
1 0.5026041671875 0.5712890625 0.5065104171875 0.57421875 0.5130208328125 0.5732421875 0.53125 0.5634765625 0.5221354171875 0.552734375 0.5078125 0.5595703125 0.5026041671875 0.5712890625
1 0.48046875 0.474609375 0.4765625 0.4775390625 0.48046875 0.48828125 0.5078125 0.4873046875 0.5130208328125 0.4853515625 0.5130208328125 0.4814453125 0.5013020828125 0.474609375 0.48046875 0.474609375
1 0.3111979171875 0.4375 0.3098958328125 0.4482421875 0.3138020828125 0.451171875 0.3203125 0.4501953125 0.33203125 0.44921875 0.34375 0.4404296875 0.3346354171875 0.435546875 0.3111979171875 0.4375
1 0.2903645828125 0.3828125 0.28125 0.3935546875 0.28125 0.4091796875 0.2877604171875 0.4140625 0.2916666671875 0.4130859375 0.3046875 0.3935546875 0.3046875 0.3876953125 0.2981770828125 0.3828125 0.2903645828125 0.3828125
1 0.28125 0.4345703125 0.2825520828125 0.44140625 0.296875 0.4423828125 0.3125 0.4248046875 0.3111979171875 0.4140625 0.30078125 0.4140625 0.28125 0.4345703125
1 0.2265625 0.3916015625 0.2265625 0.3818359375 0.21223958281250002 0.376953125 0.20572916718749998 0.3837890625 0.20572916718749998 0.3994140625 0.2109375 0.4072265625 0.203125 0.4111328125 0.203125 0.4150390625 0.21484375 0.421875 0.234375 0.4208984375 0.234375 0.4091796875 0.23046875 0.40625 0.21614583281250002 0.4052734375 0.2265625 0.3916015625
1 0.3880208328125 0.4677734375 0.3919270828125 0.474609375 0.4192708328125 0.4794921875 0.421875 0.4677734375 0.41796875 0.46484375 0.3971354171875 0.462890625 0.3880208328125 0.4677734375
1 0.3736979171875 0.5 0.3723958328125 0.5068359375 0.3919270828125 0.521484375 0.4010416671875 0.5224609375 0.4088541671875 0.5146484375 0.40625 0.5107421875 0.38671875 0.5 0.3736979171875 0.5
1 0.3072916671875 0.4931640625 0.3111979171875 0.49609375 0.3203125 0.4951171875 0.3203125 0.4833984375 0.30078125 0.474609375 0.2994791671875 0.4814453125 0.3072916671875 0.4931640625
1 0.2109375 0.4892578125 0.22005208281250002 0.498046875 0.22916666718749998 0.4970703125 0.23697916718749998 0.4912109375 0.22916666718749998 0.4794921875 0.20703125 0.47265625 0.2109375 0.4892578125
1 0.20703125 0.533203125 0.18359375 0.53125 0.1770833328125 0.5419921875 0.1940104171875 0.548828125 0.21484375 0.55078125 0.21875 0.5693359375 0.22916666718749998 0.5693359375 0.234375 0.5654296875 0.234375 0.5498046875 0.22005208281250002 0.546875 0.20703125 0.533203125
1 0.25 0.5947265625 0.2526041671875 0.6103515625 0.2591145828125 0.615234375 0.2682291671875 0.6142578125 0.2682291671875 0.5947265625 0.2643229171875 0.591796875 0.25390625 0.591796875 0.25 0.5947265625
1 0.2994791671875 0.6435546875 0.3020833328125 0.6552734375 0.3098958328125 0.6552734375 0.3255208328125 0.6416015625 0.3190104171875 0.6328125 0.3111979171875 0.6328125 0.2994791671875 0.6435546875
1 0.2669270828125 0.669921875 0.265625 0.6787109375 0.2708333328125 0.6845703125 0.2877604171875 0.697265625 0.296875 0.6962890625 0.2994791671875 0.6865234375 0.2890625 0.6767578125 0.27734375 0.669921875 0.2669270828125 0.669921875
1 0.359375 0.5888671875 0.3658854171875 0.59375 0.3736979171875 0.59765625 0.3802083328125 0.5966796875 0.3854166671875 0.5888671875 0.37890625 0.583984375 0.359375 0.5830078125 0.359375 0.5888671875
1 0.4401041671875 0.5986328125 0.44921875 0.607421875 0.4557291671875 0.6064453125 0.4583333328125 0.5888671875 0.44921875 0.5859375 0.4401041671875 0.5908203125 0.4401041671875 0.5986328125
1 0.4778645828125 0.6640625 0.484375 0.6630859375 0.4921875 0.6455078125 0.4778645828125 0.640625 0.4713541671875 0.6552734375 0.4778645828125 0.6640625
1 0.1692708328125 0.7353515625 0.17578125 0.740234375 0.19140625 0.74609375 0.203125 0.7451171875 0.20572916718749998 0.7412109375 0.1940104171875 0.73046875 0.171875 0.7294921875 0.1692708328125 0.7353515625
1 0.5598958328125 0.7216796875 0.56640625 0.724609375 0.5755208328125 0.7236328125 0.5807291671875 0.7001953125 0.57421875 0.697265625 0.5651041671875 0.7021484375 0.5598958328125 0.7216796875
1 0.7265625 0.7412109375 0.7356770828125 0.74609375 0.7447916671875 0.7451171875 0.7473958328125 0.7353515625 0.7408854171875 0.73046875 0.7330729171875 0.73046875 0.7265625 0.7412109375
1 0.7682291671875 0.6611328125 0.7747395828125 0.6640625 0.7838541671875 0.6630859375 0.7890625 0.6572265625 0.7864583328125 0.6533203125 0.7747395828125 0.650390625 0.7682291671875 0.6611328125
1 0.59375 0.6416015625 0.6015625 0.6435546875 0.6145833328125 0.6337890625 0.6106770828125 0.62890625 0.59375 0.6318359375 0.59375 0.6416015625
1 0.7122395828125 0.634765625 0.703125 0.6396484375 0.7057291671875 0.6494140625 0.7135416671875 0.6513671875 0.7317708328125 0.6455078125 0.734375 0.6376953125 0.73046875 0.634765625 0.7122395828125 0.634765625
1 0.6041666671875 0.6240234375 0.61328125 0.62890625 0.6432291671875 0.6298828125 0.64453125 0.619140625 0.6184895828125 0.615234375 0.6041666671875 0.6201171875 0.6041666671875 0.6240234375