1 0.7109375 0.1748046875 0.7174479171875 0.185546875 0.7369791671875 0.1845703125 0.7447916671875 0.1806640625 0.7408854171875 0.171875 0.7174479171875 0.169921875 0.7109375 0.1748046875
1 0.7786458328125 0.1845703125 0.78515625 0.19140625 0.8072916671874999 0.1904296875 0.8151041671874999 0.1865234375 0.8111979171874999 0.173828125 0.78515625 0.177734375 0.7786458328125 0.1845703125
1 0.3046875 0.2216796875 0.3111979171875 0.224609375 0.3203125 0.2236328125 0.3255208328125 0.2138671875 0.3111979171875 0.208984375 0.3046875 0.2138671875 0.3046875 0.2216796875
1 0.3971354171875 0.21875 0.3854166671875 0.2236328125 0.3880208328125 0.2314453125 0.39453125 0.236328125 0.3984375 0.2353515625 0.4114583328125 0.2294921875 0.4140625 0.2236328125 0.4075520828125 0.21875 0.3971354171875 0.21875
1 0.4244791671875 0.2080078125 0.4270833328125 0.2236328125 0.43359375 0.228515625 0.4375 0.2275390625 0.4453125 0.2197265625 0.4427083328125 0.2060546875 0.4283854171875 0.205078125 0.4244791671875 0.2080078125
1 0.5716145828125 0.20703125 0.5807291671875 0.2060546875 0.5807291671875 0.1982421875 0.5638020828125 0.189453125 0.5572916671875 0.2001953125 0.5716145828125 0.20703125
1 0.5130208328125 0.2607421875 0.5130208328125 0.2705078125 0.5169270828125 0.2734375 0.5234375 0.2724609375 0.5390625 0.2607421875 0.5325520828125 0.251953125 0.5247395828125 0.251953125 0.5130208328125 0.2607421875
1 0.5182291671875 0.2275390625 0.5182291671875 0.2373046875 0.5221354171875 0.240234375 0.546875 0.2412109375 0.5520833328125 0.2373046875 0.5481770828125 0.23046875 0.53515625 0.2265625 0.5182291671875 0.2275390625
1 0.5859375 0.2529296875 0.58984375 0.2578125 0.609375 0.2587890625 0.6171875 0.2568359375 0.6171875 0.2490234375 0.6106770828125 0.244140625 0.5859375 0.2529296875
1 0.6927083328125 0.2744140625 0.6953125 0.2900390625 0.69921875 0.294921875 0.7109375 0.2939453125 0.7109375 0.2783203125 0.70703125 0.2734375 0.6966145828125 0.271484375 0.6927083328125 0.2744140625
1 0.6328125 0.2666015625 0.6354166671875 0.2705078125 0.65234375 0.28125 0.6614583328125 0.2802734375 0.6614583328125 0.2685546875 0.6471354171875 0.2578125 0.6419270828125 0.2578125 0.6328125 0.2666015625
1 0.625 0.3212890625 0.62890625 0.326171875 0.640625 0.3251953125 0.6510416671875 0.3212890625 0.6471354171875 0.3125 0.6315104171875 0.31640625 0.625 0.3212890625
1 0.6705729171875 0.345703125 0.6666666671875 0.3544921875 0.6744791671875 0.3701171875 0.68359375 0.376953125 0.6875 0.3759765625 0.6927083328125 0.3720703125 0.6848958328125 0.3544921875 0.6783854171875 0.345703125 0.6705729171875 0.345703125
1 0.5442708328125 0.3173828125 0.5364583328125 0.3330078125 0.5364583328125 0.3427734375 0.546875 0.3447265625 0.5572916671875 0.3310546875 0.5572916671875 0.3193359375 0.5533854171875 0.314453125 0.5442708328125 0.3173828125
1 0.24479166718749998 0.2294921875 0.24479166718749998 0.2333984375 0.2578125 0.2548828125 0.26171875 0.2578125 0.2682291671875 0.2568359375 0.2708333328125 0.2431640625 0.2630208328125 0.2275390625 0.25390625 0.224609375 0.24479166718749998 0.2294921875
1 0.2526041671875 0.3134765625 0.2565104171875 0.318359375 0.2630208328125 0.3173828125 0.2721354171875 0.314453125 0.2734375 0.3095703125 0.2591145828125 0.3046875 0.2526041671875 0.3134765625
1 0.1796875 0.3486328125 0.1901041671875 0.3525390625 0.20572916718749998 0.3408203125 0.1966145828125 0.333984375 0.1770833328125 0.3427734375 0.1796875 0.3486328125
1 0.1901041671875 0.2939453125 0.1940104171875 0.302734375 0.20572916718749998 0.3017578125 0.21614583281250002 0.2958984375 0.21614583281250002 0.2900390625 0.20703125 0.283203125 0.1901041671875 0.2939453125
1 0.22786458281250002 0.361328125 0.22135416718749998 0.3662109375 0.21875 0.3798828125 0.22395833281250002 0.3818359375 0.23046875 0.380859375 0.2421875 0.3701171875 0.23567708281250002 0.361328125 0.22786458281250002 0.361328125
1 0.3111979171875 0.373046875 0.3125 0.3837890625 0.3268229171875 0.392578125 0.3359375 0.3935546875 0.34375 0.3876953125 0.3411458328125 0.3837890625 0.3216145828125 0.37109375 0.3111979171875 0.373046875
1 0.3619791671875 0.3330078125 0.3684895828125 0.337890625 0.390625 0.3388671875 0.3932291671875 0.3369140625 0.3736979171875 0.322265625 0.3645833328125 0.3251953125 0.3619791671875 0.3330078125
1 0.4466145828125 0.279296875 0.4270833328125 0.2998046875 0.4309895828125 0.3046875 0.4375 0.3056640625 0.4479166671875 0.2998046875 0.4583333328125 0.2861328125 0.4544270828125 0.279296875 0.4466145828125 0.279296875
1 0.5338541671875 0.4189453125 0.54296875 0.4296875 0.5494791671875 0.4287109375 0.5494791671875 0.4033203125 0.5377604171875 0.40234375 0.53125 0.4052734375 0.5338541671875 0.4189453125
1 0.4765625 0.3935546875 0.4661458328125 0.4130859375 0.4700520828125 0.41796875 0.4791666671875 0.4169921875 0.4921875 0.4013671875 0.4921875 0.3974609375 0.4830729171875 0.392578125 0.4765625 0.3935546875
1 0.7109375 0.4404296875 0.7239583328125 0.4404296875 0.7265625 0.4306640625 0.72265625 0.427734375 0.7122395828125 0.4296875 0.7109375 0.4404296875
1 0.73828125 0.39453125 0.7200520828125 0.400390625 0.7135416671875 0.4052734375 0.7135416671875 0.4130859375 0.7265625 0.4130859375 0.7434895828125 0.408203125 0.75 0.4033203125 0.7526041671875 0.3955078125 0.73828125 0.39453125
1 0.6002604171875 0.4609375 0.6302083328125 0.4599609375 0.62890625 0.4453125 0.6106770828125 0.447265625 0.5963541671875 0.4580078125 0.6002604171875 0.4609375
1 0.6875 0.5849609375 0.6875 0.5888671875 0.6966145828125 0.595703125 0.7005208328125 0.5947265625 0.7109375 0.5869140625 0.7122395828125 0.57421875 0.7044270828125 0.57421875 0.6875 0.5849609375
1 0.7447916671875 0.5595703125 0.7486979171875 0.5703125 0.765625 0.5693359375 0.7786458328125 0.5615234375 0.7747395828125 0.556640625 0.7486979171875 0.556640625 0.7447916671875 0.5595703125
1 0.7604166671875 0.4951171875 0.7682291671875 0.5048828125 0.7799479171875 0.51171875 0.7864583328125 0.5107421875 0.7864583328125 0.5029296875 0.7760416671875 0.4892578125 0.7643229171875 0.486328125 0.7604166671875 0.4951171875
1 0.6901041671875 0.4892578125 0.6822916671875 0.5048828125 0.6861979171875 0.51171875 0.6953125 0.5107421875 0.703125 0.5048828125 0.7083333328125 0.4912109375 0.69921875 0.486328125 0.6901041671875 0.4892578125
1 0.21744791718749998 0.439453125 0.2109375 0.4443359375 0.20833333281250002 0.4580078125 0.21614583281250002 0.4599609375 0.22916666718749998 0.4521484375 0.22916666718749998 0.4423828125 0.22526041718749998 0.439453125 0.21744791718749998 0.439453125
1 0.1979166671875 0.4755859375 0.1979166671875 0.4873046875 0.20703125 0.5 0.21614583281250002 0.4990234375 0.21875 0.4833984375 0.21614583281250002 0.4775390625 0.20442708281250002 0.47265625 0.1979166671875 0.4755859375
1 0.2825520828125 0.427734375 0.2760416671875 0.4345703125 0.2786458328125 0.4482421875 0.28125 0.4560546875 0.2890625 0.4580078125 0.296875 0.4462890625 0.296875 0.4326171875 0.29296875 0.427734375 0.2825520828125 0.427734375
1 0.30078125 0.462890625 0.2942708328125 0.4716796875 0.3059895828125 0.482421875 0.3190104171875 0.48828125 0.3255208328125 0.4873046875 0.328125 0.4833984375 0.3229166671875 0.4736328125 0.30859375 0.462890625 0.30078125 0.462890625
1 0.3841145828125 0.45703125 0.3723958328125 0.4716796875 0.3763020828125 0.478515625 0.3880208328125 0.4794921875 0.3958333328125 0.4716796875 0.3958333328125 0.4599609375 0.3919270828125 0.45703125 0.3841145828125 0.45703125
1 0.4466145828125 0.462890625 0.4427083328125 0.4755859375 0.4479166671875 0.4833984375 0.4544270828125 0.48828125 0.4635416671875 0.4873046875 0.46875 0.4853515625 0.4661458328125 0.4755859375 0.4518229171875 0.462890625 0.4466145828125 0.462890625
1 0.3411458328125 0.5380859375 0.3502604171875 0.54296875 0.3567708328125 0.5419921875 0.3645833328125 0.5263671875 0.3606770828125 0.521484375 0.34375 0.5302734375 0.3411458328125 0.5380859375
1 0.2799479171875 0.55078125 0.2786458328125 0.5576171875 0.2838541671875 0.5654296875 0.2955729171875 0.5703125 0.3020833328125 0.5693359375 0.3072916671875 0.5654296875 0.3072916671875 0.5595703125 0.2903645828125 0.55078125 0.2799479171875 0.55078125
1 0.5078125 0.5263671875 0.5104166671875 0.5341796875 0.5143229171875 0.537109375 0.5208333328125 0.5361328125 0.5364583328125 0.5263671875 0.5325520828125 0.517578125 0.5247395828125 0.517578125 0.5078125 0.5263671875
1 0.4817708328125 0.5615234375 0.4791666671875 0.5751953125 0.4895833328125 0.5751953125 0.5104166671875 0.5537109375 0.50390625 0.548828125 0.4934895828125 0.548828125 0.4817708328125 0.5615234375
1 0.5963541671875 0.5888671875 0.6002604171875 0.595703125 0.6119791671875 0.5966796875 0.625 0.5810546875 0.6236979171875 0.57421875 0.6106770828125 0.576171875 0.5963541671875 0.5888671875
1 0.51171875 0.611328125 0.5078125 0.6142578125 0.5104166671875 0.6357421875 0.5143229171875 0.638671875 0.5208333328125 0.6376953125 0.5286458328125 0.6357421875 0.5286458328125 0.6279296875 0.5234375 0.6142578125 0.51171875 0.611328125
1 0.4296875 0.6220703125 0.4322916671875 0.6298828125 0.4544270828125 0.64453125 0.4661458328125 0.6435546875 0.4635416671875 0.6337890625 0.4466145828125 0.62109375 0.4388020828125 0.619140625 0.4296875 0.6220703125
1 0.2109375 0.6123046875 0.21484375 0.615234375 0.2265625 0.6142578125 0.24479166718749998 0.6025390625 0.23828125 0.59375 0.23307291718749998 0.59375 0.2109375 0.6123046875
1 0.3815104171875 0.59375 0.375 0.6005859375 0.3828125 0.6123046875 0.38671875 0.615234375 0.3932291671875 0.6142578125 0.3984375 0.6103515625 0.3984375 0.6025390625 0.3919270828125 0.59375 0.3815104171875 0.59375
1 0.3255208328125 0.7001953125 0.3203125 0.7158203125 0.32421875 0.72265625 0.3333333328125 0.7216796875 0.3385416671875 0.7177734375 0.3385416671875 0.7021484375 0.3346354171875 0.6953125 0.3255208328125 0.7001953125
1 0.2604166671875 0.6748046875 0.26171875 0.685546875 0.2838541671875 0.6845703125 0.296875 0.6787109375 0.29296875 0.671875 0.2643229171875 0.671875 0.2604166671875 0.6748046875
1 0.55859375 0.775390625 0.5755208328125 0.7744140625 0.578125 0.7685546875 0.5638020828125 0.759765625 0.5520833328125 0.7685546875 0.55859375 0.775390625
1 0.4401041671875 0.7607421875 0.4479166671875 0.7626953125 0.4635416671875 0.7529296875 0.45703125 0.744140625 0.4375 0.7529296875 0.4401041671875 0.7607421875
1 0.73046875 0.6328125 0.7265625 0.6357421875 0.7291666671875 0.6435546875 0.7330729171875 0.646484375 0.7421875 0.6455078125 0.7473958328125 0.6435546875 0.7447916671875 0.6357421875 0.73828125 0.630859375 0.73046875 0.6328125
1 0.7786458328125 0.6806640625 0.7786458328125 0.6962890625 0.7825520828125 0.701171875 0.796875 0.7021484375 0.796875 0.6845703125 0.7877604171875 0.677734375 0.7825520828125 0.677734375 0.7786458328125 0.6806640625
1 0.6484375 0.6787109375 0.6484375 0.6826171875 0.6627604171875 0.693359375 0.6848958328125 0.6923828125 0.6822916671875 0.6865234375 0.6653645828125 0.673828125 0.6575520828125 0.671875 0.6484375 0.6787109375
1 0.7109375 0.7373046875 0.7083333328125 0.7529296875 0.7161458328125 0.7548828125 0.7395833328125 0.7373046875 0.7395833328125 0.7314453125 0.7278645828125 0.724609375 0.7109375 0.7373046875
1 0.5625 0.6748046875 0.56640625 0.6796875 0.58203125 0.68359375 0.5963541671875 0.6826171875 0.5989583328125 0.6748046875 0.58984375 0.669921875 0.57421875 0.669921875 0.5625 0.6748046875