1 0.4114583328125 0.1845703125 0.4244791671875 0.1845703125 0.4244791671875 0.1748046875 0.4153645828125 0.171875 0.4088541671875 0.1767578125 0.4114583328125 0.1845703125
1 0.23177083281250002 0.1962890625 0.23177083281250002 0.2021484375 0.24348958281250002 0.212890625 0.25 0.2119140625 0.2578125 0.2080078125 0.2578125 0.2021484375 0.23828125 0.19140625 0.23177083281250002 0.1962890625
1 0.3059895828125 0.201171875 0.2942708328125 0.2080078125 0.2942708328125 0.2158203125 0.3046875 0.2177734375 0.3216145828125 0.21484375 0.3307291671875 0.2099609375 0.32421875 0.19921875 0.3059895828125 0.201171875
1 0.6328125 0.1865234375 0.6354166671875 0.1982421875 0.640625 0.2001953125 0.6536458328125 0.1943359375 0.64453125 0.173828125 0.6380208328125 0.1767578125 0.6328125 0.1865234375
1 0.5416666671875 0.2275390625 0.54296875 0.232421875 0.5638020828125 0.240234375 0.578125 0.2392578125 0.5690104171875 0.2265625 0.5559895828125 0.2265625 0.5481770828125 0.22265625 0.5416666671875 0.2275390625
1 0.703125 0.2060546875 0.70703125 0.21484375 0.7161458328125 0.2138671875 0.7291666671875 0.2001953125 0.7291666671875 0.1943359375 0.7174479171875 0.189453125 0.703125 0.2060546875
1 0.6770833328125 0.2763671875 0.6809895828125 0.28515625 0.6940104171875 0.2890625 0.7057291671875 0.2880859375 0.7109375 0.2822265625 0.7044270828125 0.27734375 0.6888020828125 0.2734375 0.6770833328125 0.2763671875
1 0.7018229171875 0.291015625 0.6979166671875 0.2939453125 0.7005208328125 0.3017578125 0.70703125 0.3046875 0.7317708328125 0.3037109375 0.7395833328125 0.3017578125 0.7395833328125 0.2958984375 0.73046875 0.291015625 0.7018229171875 0.291015625
1 0.625 0.3173828125 0.6393229171875 0.326171875 0.6640625 0.3251953125 0.6666666671875 0.3134765625 0.6627604171875 0.310546875 0.6315104171875 0.3125 0.625 0.3173828125
1 0.7161458328125 0.3583984375 0.7174479171875 0.3671875 0.734375 0.3662109375 0.7473958328125 0.3603515625 0.7434895828125 0.353515625 0.7252604171875 0.353515625 0.7161458328125 0.3583984375
1 0.296875 0.2822265625 0.296875 0.2861328125 0.3059895828125 0.29296875 0.3098958328125 0.2919921875 0.3229166671875 0.2841796875 0.3190104171875 0.275390625 0.30859375 0.275390625 0.296875 0.2822265625
1 0.1901041671875 0.3212890625 0.1966145828125 0.326171875 0.20572916718749998 0.3251953125 0.21875 0.3154296875 0.21223958281250002 0.310546875 0.19140625 0.310546875 0.1901041671875 0.3212890625
1 0.2942708328125 0.3330078125 0.3033854171875 0.33984375 0.3229166671875 0.3408203125 0.3255208328125 0.3330078125 0.3190104171875 0.328125 0.30078125 0.326171875 0.2942708328125 0.3330078125
1 0.2109375 0.2724609375 0.2109375 0.2880859375 0.21744791718749998 0.294921875 0.22135416718749998 0.2939453125 0.22916666718749998 0.2861328125 0.22786458281250002 0.26953125 0.21484375 0.26953125 0.2109375 0.2724609375
1 0.24739583281250002 0.3115234375 0.2513020828125 0.318359375 0.265625 0.3193359375 0.2786458328125 0.3037109375 0.2721354171875 0.294921875 0.2669270828125 0.294921875 0.24739583281250002 0.3115234375
1 0.23177083281250002 0.3681640625 0.23567708281250002 0.373046875 0.24479166718749998 0.3720703125 0.2526041671875 0.3623046875 0.2526041671875 0.3525390625 0.23567708281250002 0.349609375 0.23177083281250002 0.3681640625
1 0.2942708328125 0.3896484375 0.3111979171875 0.400390625 0.3177083328125 0.3994140625 0.3229166671875 0.3896484375 0.30078125 0.37890625 0.29296875 0.37890625 0.2942708328125 0.3896484375
1 0.234375 0.4736328125 0.23697916718749998 0.4892578125 0.24088541718749998 0.4921875 0.2526041671875 0.4912109375 0.2552083328125 0.4853515625 0.25 0.4736328125 0.23828125 0.470703125 0.234375 0.4736328125
1 0.1940104171875 0.4296875 0.1875 0.4404296875 0.1875 0.4541015625 0.19140625 0.458984375 0.1979166671875 0.4580078125 0.203125 0.4560546875 0.20833333281250002 0.4462890625 0.20833333281250002 0.4326171875 0.1940104171875 0.4296875
1 0.2109375 0.6357421875 0.21614583281250002 0.6435546875 0.22395833281250002 0.6455078125 0.2421875 0.6337890625 0.23828125 0.62890625 0.22265625 0.62890625 0.2109375 0.6357421875
1 0.2786458328125 0.6025390625 0.2760416671875 0.6123046875 0.2838541671875 0.6142578125 0.3098958328125 0.5947265625 0.3059895828125 0.587890625 0.2955729171875 0.587890625 0.2786458328125 0.6025390625
1 0.3984375 0.5830078125 0.3997395828125 0.58984375 0.4166666671875 0.5888671875 0.4244791671875 0.5849609375 0.4205729171875 0.576171875 0.41015625 0.576171875 0.3984375 0.5830078125
1 0.3880208328125 0.5087890625 0.3919270828125 0.517578125 0.4036458328125 0.5166015625 0.421875 0.5087890625 0.41796875 0.5 0.40234375 0.501953125 0.3880208328125 0.5087890625
1 0.3255208328125 0.5478515625 0.3268229171875 0.5546875 0.3359375 0.5537109375 0.3541666671875 0.5380859375 0.3450520828125 0.529296875 0.3333333328125 0.5361328125 0.3255208328125 0.5478515625
1 0.3723958328125 0.3876953125 0.3723958328125 0.3955078125 0.3815104171875 0.404296875 0.3854166671875 0.4033203125 0.390625 0.3876953125 0.38671875 0.384765625 0.3763020828125 0.384765625 0.3723958328125 0.3876953125
1 0.3671875 0.4619140625 0.37109375 0.466796875 0.390625 0.4677734375 0.4088541671875 0.4619140625 0.40234375 0.451171875 0.37890625 0.455078125 0.3671875 0.4619140625
1 0.4361979171875 0.40234375 0.4375 0.4130859375 0.4479166671875 0.4248046875 0.4544270828125 0.4296875 0.4583333328125 0.4287109375 0.4661458328125 0.4248046875 0.4635416671875 0.4169921875 0.44921875 0.404296875 0.4361979171875 0.40234375
1 0.5026041671875 0.5849609375 0.5026041671875 0.5927734375 0.5104166671875 0.6025390625 0.5169270828125 0.607421875 0.5208333328125 0.6064453125 0.5234375 0.5927734375 0.5182291671875 0.5849609375 0.5091145828125 0.58203125 0.5026041671875 0.5849609375
1 0.4661458328125 0.5107421875 0.46875 0.5185546875 0.47265625 0.521484375 0.4791666671875 0.5205078125 0.5 0.5087890625 0.49609375 0.501953125 0.4856770828125 0.501953125 0.4661458328125 0.5107421875
1 0.4557291671875 0.5400390625 0.4583333328125 0.5517578125 0.46875 0.5517578125 0.4817708328125 0.5458984375 0.4856770828125 0.533203125 0.47265625 0.533203125 0.4557291671875 0.5400390625
1 0.23828125 0.734375 0.22265625 0.73828125 0.21614583281250002 0.7431640625 0.21744791718749998 0.748046875 0.23177083281250002 0.7490234375 0.2513020828125 0.744140625 0.2526041671875 0.7373046875 0.24869791718749998 0.734375 0.23828125 0.734375
1 0.4375 0.6611328125 0.4375 0.6767578125 0.4453125 0.6787109375 0.453125 0.6708984375 0.453125 0.6611328125 0.44140625 0.658203125 0.4375 0.6611328125
1 0.3606770828125 0.66796875 0.3541666671875 0.6845703125 0.3567708328125 0.6923828125 0.3606770828125 0.6953125 0.3671875 0.6943359375 0.375 0.6904296875 0.375 0.6865234375 0.3671875 0.6689453125 0.3606770828125 0.66796875
1 0.4609375 0.7236328125 0.4752604171875 0.740234375 0.484375 0.7392578125 0.4895833328125 0.7314453125 0.4765625 0.7138671875 0.4674479171875 0.7109375 0.4609375 0.7236328125
1 0.5208333328125 0.6396484375 0.52734375 0.6484375 0.5572916671875 0.6552734375 0.5651041671875 0.6455078125 0.5611979171875 0.642578125 0.5403645828125 0.63671875 0.5208333328125 0.6396484375
1 0.7369791671875 0.7138671875 0.74609375 0.72265625 0.7526041671875 0.7216796875 0.7604166671875 0.7138671875 0.7513020828125 0.705078125 0.74609375 0.705078125 0.7369791671875 0.7138671875
1 0.6354166671875 0.6240234375 0.6393229171875 0.62890625 0.6536458328125 0.6318359375 0.6588541671875 0.6259765625 0.6549479171875 0.619140625 0.64453125 0.619140625 0.6354166671875 0.6240234375
1 0.5729166671875 0.5830078125 0.5794270828125 0.587890625 0.5885416671875 0.5888671875 0.6015625 0.5771484375 0.6002604171875 0.560546875 0.5807291671875 0.5732421875 0.5729166671875 0.5830078125
1 0.6901041671875 0.5283203125 0.6901041671875 0.5322265625 0.69921875 0.5390625 0.7083333328125 0.5380859375 0.7109375 0.5302734375 0.70703125 0.525390625 0.6940104171875 0.525390625 0.6901041671875 0.5283203125
1 0.7825520828125 0.572265625 0.7734375 0.5791015625 0.7734375 0.5849609375 0.78515625 0.58984375 0.7942708328125 0.5888671875 0.7994791671875 0.5869140625 0.7994791671875 0.5810546875 0.7877604171875 0.572265625 0.7825520828125 0.572265625
1 0.765625 0.5302734375 0.7721354171875 0.5390625 0.7942708328125 0.5400390625 0.796875 0.5283203125 0.79296875 0.525390625 0.7747395828125 0.525390625 0.765625 0.5302734375
1 0.6783854171875 0.51171875 0.6640625 0.5205078125 0.6640625 0.5263671875 0.6770833328125 0.5302734375 0.6927083328125 0.5205078125 0.6953125 0.5146484375 0.69140625 0.51171875 0.6783854171875 0.51171875
1 0.5442708328125 0.3955078125 0.5455729171875 0.40234375 0.56640625 0.408203125 0.5755208328125 0.4072265625 0.578125 0.3974609375 0.57421875 0.39453125 0.5481770828125 0.392578125 0.5442708328125 0.3955078125
1 0.5885416671875 0.4833984375 0.5885416671875 0.4912109375 0.5924479171875 0.494140625 0.6015625 0.4931640625 0.6145833328125 0.4755859375 0.6028645828125 0.46875 0.5963541671875 0.4716796875 0.5885416671875 0.4833984375
1 0.6744791671875 0.4423828125 0.68359375 0.451171875 0.6927083328125 0.4501953125 0.7057291671875 0.4365234375 0.7044270828125 0.4296875 0.6861979171875 0.431640625 0.6744791671875 0.4423828125
1 0.5338541671875 0.4404296875 0.5377604171875 0.4453125 0.5651041671875 0.4443359375 0.5703125 0.4423828125 0.5690104171875 0.431640625 0.5481770828125 0.431640625 0.5338541671875 0.4404296875
1 0.5078125 0.4423828125 0.5065104171875 0.453125 0.5286458328125 0.4541015625 0.5364583328125 0.4501953125 0.5325520828125 0.443359375 0.5169270828125 0.439453125 0.5078125 0.4423828125
1 0.40625 0.3291015625 0.41015625 0.333984375 0.4244791671875 0.3330078125 0.4322916671875 0.3291015625 0.4283854171875 0.318359375 0.41796875 0.3203125 0.40625 0.3291015625
1 0.38671875 0.3359375 0.3802083328125 0.3369140625 0.3671875 0.3525390625 0.3671875 0.3583984375 0.375 0.3603515625 0.3841145828125 0.357421875 0.3932291671875 0.3486328125 0.3932291671875 0.3408203125 0.38671875 0.3359375
1 0.3971354171875 0.2890625 0.3880208328125 0.2939453125 0.3880208328125 0.2998046875 0.39453125 0.302734375 0.4166666671875 0.3017578125 0.4296875 0.2978515625 0.4296875 0.2880859375 0.4231770828125 0.28515625 0.3971354171875 0.2890625
1 0.4869791671875 0.3466796875 0.4856770828125 0.357421875 0.49609375 0.361328125 0.5104166671875 0.3603515625 0.5130208328125 0.3525390625 0.50390625 0.345703125 0.4934895828125 0.34375 0.4869791671875 0.3466796875
1 0.5026041671875 0.2900390625 0.5 0.2978515625 0.5065104171875 0.302734375 0.5169270828125 0.306640625 0.53125 0.3056640625 0.5338541671875 0.2998046875 0.5247395828125 0.29296875 0.51171875 0.287109375 0.5026041671875 0.2900390625
1 0.4635416671875 0.3173828125 0.4622395828125 0.330078125 0.4778645828125 0.333984375 0.4895833328125 0.3330078125 0.4973958328125 0.3271484375 0.4934895828125 0.3203125 0.4752604171875 0.31640625 0.4635416671875 0.3173828125
1 0.4453125 0.2900390625 0.4518229171875 0.294921875 0.47265625 0.30078125 0.4791666671875 0.2998046875 0.48046875 0.2890625 0.4596354171875 0.28125 0.4453125 0.2802734375 0.4453125 0.2900390625
1 0.5638020828125 0.34375 0.5833333328125 0.3447265625 0.5911458328125 0.3408203125 0.5846354171875 0.330078125 0.5625 0.3369140625 0.5638020828125 0.34375