1 0.5690104171875 0.173828125 0.5494791671875 0.1845703125 0.5494791671875 0.1904296875 0.5559895828125 0.1953125 0.5651041671875 0.1943359375 0.5729166671875 0.1904296875 0.578125 0.1787109375 0.57421875 0.173828125 0.5690104171875 0.173828125
1 0.6080729171875 0.140625 0.6015625 0.1494140625 0.6015625 0.1650390625 0.60546875 0.16796875 0.6145833328125 0.1669921875 0.6197916671875 0.1611328125 0.6197916671875 0.1455078125 0.6158854171875 0.140625 0.6080729171875 0.140625
1 0.5924479171875 0.1953125 0.5846354171875 0.1953125 0.5755208328125 0.2060546875 0.5755208328125 0.2177734375 0.5833333328125 0.2197265625 0.59375 0.2138671875 0.6015625 0.2041015625 0.6015625 0.2001953125 0.5924479171875 0.1953125
1 0.75 0.2509765625 0.7578125 0.2529296875 0.765625 0.2451171875 0.75390625 0.228515625 0.7395833328125 0.2373046875 0.75 0.2509765625
1 0.6640625 0.1787109375 0.67578125 0.19140625 0.6953125 0.1923828125 0.6927083328125 0.1845703125 0.6809895828125 0.173828125 0.67578125 0.171875 0.6640625 0.1787109375
1 0.7161458328125 0.2822265625 0.7174479171875 0.287109375 0.734375 0.2919921875 0.7526041671875 0.2880859375 0.74609375 0.2734375 0.7252604171875 0.27734375 0.7161458328125 0.2822265625
1 0.671875 0.2431640625 0.671875 0.2470703125 0.6888020828125 0.259765625 0.7005208328125 0.2607421875 0.703125 0.2509765625 0.69140625 0.240234375 0.6809895828125 0.236328125 0.671875 0.2431640625
1 0.4583333328125 0.2177734375 0.4609375 0.2255859375 0.4700520828125 0.232421875 0.4791666671875 0.2314453125 0.4817708328125 0.2255859375 0.4739583328125 0.2138671875 0.46484375 0.212890625 0.4583333328125 0.2177734375
1 0.4505208328125 0.1708984375 0.4375 0.1923828125 0.44140625 0.197265625 0.4557291671875 0.1962890625 0.4661458328125 0.1787109375 0.46484375 0.16796875 0.4544270828125 0.16796875 0.4505208328125 0.1708984375
1 0.5677083328125 0.2783203125 0.57421875 0.287109375 0.5833333328125 0.2861328125 0.6041666671875 0.2763671875 0.6002604171875 0.265625 0.57421875 0.2734375 0.5677083328125 0.2783203125
1 0.6653645828125 0.3046875 0.65234375 0.30859375 0.6458333328125 0.3173828125 0.65234375 0.322265625 0.6588541671875 0.3212890625 0.6640625 0.3154296875 0.6588541671875 0.3095703125 0.6653645828125 0.30859375 0.6653645828125 0.3046875
1 0.7252604171875 0.357421875 0.7213541671875 0.3623046875 0.7213541671875 0.3779296875 0.7265625 0.3896484375 0.734375 0.3896484375 0.7421875 0.3837890625 0.7421875 0.3759765625 0.734375 0.3583984375 0.7252604171875 0.357421875
1 0.5455729171875 0.337890625 0.5416666671875 0.3427734375 0.5442708328125 0.3486328125 0.5481770828125 0.3515625 0.5598958328125 0.3505859375 0.5729166671875 0.3466796875 0.5729166671875 0.3388671875 0.5638020828125 0.3359375 0.5455729171875 0.337890625
1 0.59375 0.4033203125 0.5885416671875 0.4189453125 0.5885416671875 0.4267578125 0.6015625 0.4287109375 0.609375 0.4169921875 0.609375 0.4033203125 0.6028645828125 0.396484375 0.59375 0.4033203125
1 0.7005208328125 0.4521484375 0.7044270828125 0.455078125 0.7135416671875 0.4541015625 0.7161458328125 0.4462890625 0.7044270828125 0.44140625 0.7005208328125 0.4443359375 0.7005208328125 0.4521484375
1 0.3515625 0.2001953125 0.3515625 0.1884765625 0.3372395828125 0.1875 0.3359375 0.2001953125 0.3515625 0.2001953125
1 0.2747395828125 0.193359375 0.2682291671875 0.1982421875 0.2734375 0.2119140625 0.28125 0.2236328125 0.2877604171875 0.228515625 0.2916666671875 0.2275390625 0.296875 0.2138671875 0.2942708328125 0.2080078125 0.2864583328125 0.1943359375 0.2747395828125 0.193359375
1 0.2109375 0.2626953125 0.2109375 0.2705078125 0.21484375 0.2734375 0.2265625 0.2724609375 0.23697916718749998 0.2646484375 0.23046875 0.25390625 0.22265625 0.25390625 0.2109375 0.2626953125
1 0.1953125 0.3115234375 0.1953125 0.3173828125 0.20182291718749998 0.32421875 0.21354166718749998 0.3232421875 0.22395833281250002 0.3134765625 0.22395833281250002 0.3095703125 0.21484375 0.3046875 0.1953125 0.3115234375
1 0.2708333328125 0.3017578125 0.2708333328125 0.3134765625 0.2747395828125 0.31640625 0.3020833328125 0.3154296875 0.3020833328125 0.3095703125 0.2903645828125 0.30078125 0.2747395828125 0.298828125 0.2708333328125 0.3017578125
1 0.3619791671875 0.3115234375 0.3619791671875 0.3193359375 0.3645833328125 0.3251953125 0.3723958328125 0.3271484375 0.3854166671875 0.3095703125 0.37890625 0.3046875 0.3684895828125 0.302734375 0.3619791671875 0.3115234375
1 0.484375 0.3212890625 0.484375 0.3291015625 0.48828125 0.33203125 0.4947916671875 0.3310546875 0.5078125 0.3134765625 0.5013020828125 0.306640625 0.4921875 0.3076171875 0.484375 0.3212890625
1 0.3255208328125 0.3349609375 0.3255208328125 0.3388671875 0.34765625 0.359375 0.3541666671875 0.3583984375 0.3541666671875 0.3447265625 0.3489583328125 0.3369140625 0.3346354171875 0.328125 0.3255208328125 0.3349609375
1 0.4270833328125 0.2958984375 0.4270833328125 0.3056640625 0.4348958328125 0.3193359375 0.4388020828125 0.322265625 0.453125 0.3212890625 0.4557291671875 0.3134765625 0.4479166671875 0.2998046875 0.4309895828125 0.29296875 0.4270833328125 0.2958984375
1 0.2552083328125 0.3994140625 0.2552083328125 0.4052734375 0.2643229171875 0.41015625 0.28125 0.4111328125 0.2786458328125 0.4033203125 0.2721354171875 0.3984375 0.2591145828125 0.396484375 0.2552083328125 0.3994140625
1 0.265625 0.4755859375 0.2747395828125 0.48046875 0.2890625 0.4794921875 0.3020833328125 0.4697265625 0.29296875 0.4609375 0.26953125 0.470703125 0.265625 0.4755859375
1 0.21484375 0.44921875 0.20833333281250002 0.4521484375 0.2109375 0.4677734375 0.22005208281250002 0.478515625 0.2265625 0.4775390625 0.23177083281250002 0.4736328125 0.23177083281250002 0.4599609375 0.22526041718749998 0.44921875 0.21484375 0.44921875
1 0.4453125 0.5263671875 0.4427083328125 0.5380859375 0.4466145828125 0.544921875 0.4583333328125 0.5439453125 0.4609375 0.5322265625 0.4583333328125 0.5244140625 0.4518229171875 0.51953125 0.4453125 0.5263671875
1 0.4270833328125 0.3994140625 0.4283854171875 0.404296875 0.4557291671875 0.4033203125 0.4635416671875 0.3974609375 0.45703125 0.388671875 0.4388020828125 0.390625 0.4270833328125 0.3994140625
1 0.4375 0.4931640625 0.4401041671875 0.5009765625 0.4544270828125 0.513671875 0.4635416671875 0.5126953125 0.46875 0.5048828125 0.4518229171875 0.4921875 0.44140625 0.490234375 0.4375 0.4931640625
1 0.3880208328125 0.4345703125 0.3997395828125 0.443359375 0.4140625 0.4443359375 0.4140625 0.4306640625 0.40234375 0.421875 0.3919270828125 0.423828125 0.3880208328125 0.4345703125
1 0.3307291671875 0.4814453125 0.3372395828125 0.486328125 0.3463541671875 0.4853515625 0.3567708328125 0.4619140625 0.3424479171875 0.45703125 0.3333333328125 0.4658203125 0.3307291671875 0.4814453125
1 0.37109375 0.46875 0.3645833328125 0.4814453125 0.3671875 0.4970703125 0.37109375 0.5 0.3776041671875 0.4990234375 0.390625 0.4814453125 0.390625 0.4716796875 0.38671875 0.46875 0.37109375 0.46875
1 0.5286458328125 0.4736328125 0.5390625 0.4873046875 0.5520833328125 0.4892578125 0.5546875 0.4794921875 0.5442708328125 0.4638671875 0.5299479171875 0.466796875 0.5286458328125 0.4736328125
1 0.6783854171875 0.564453125 0.6640625 0.5791015625 0.6705729171875 0.587890625 0.6796875 0.5869140625 0.6875 0.5791015625 0.6875 0.5673828125 0.68359375 0.564453125 0.6783854171875 0.564453125
1 0.7786458328125 0.5556640625 0.7760416671875 0.5673828125 0.7890625 0.5673828125 0.8046875 0.5576171875 0.8046875 0.5517578125 0.7955729171875 0.544921875 0.7786458328125 0.5556640625
1 0.6979166671875 0.5146484375 0.6953125 0.5224609375 0.69921875 0.52734375 0.7239583328125 0.5283203125 0.7291666671875 0.5205078125 0.72265625 0.515625 0.70703125 0.51171875 0.6979166671875 0.5146484375
1 0.7890625 0.4833984375 0.7864583328125 0.4912109375 0.7903645828125 0.494140625 0.8059895828125001 0.498046875 0.8177083328125001 0.4970703125 0.828125 0.4931640625 0.82421875 0.48828125 0.7981770828125 0.482421875 0.7890625 0.4833984375
1 0.7473958328125 0.6201171875 0.7526041671875 0.6357421875 0.765625 0.6376953125 0.7682291671875 0.6142578125 0.76171875 0.603515625 0.7473958328125 0.6083984375 0.7473958328125 0.6201171875
1 0.3606770828125 0.572265625 0.3463541671875 0.5849609375 0.3502604171875 0.59375 0.3619791671875 0.5927734375 0.3776041671875 0.5830078125 0.3776041671875 0.5791015625 0.3684895828125 0.572265625 0.3606770828125 0.572265625
1 0.28125 0.6005859375 0.2838541671875 0.6201171875 0.2877604171875 0.623046875 0.2994791671875 0.6220703125 0.3046875 0.6181640625 0.3020833328125 0.6044921875 0.2877604171875 0.59375 0.28125 0.6005859375
1 0.3958333328125 0.5673828125 0.39453125 0.578125 0.4127604171875 0.5859375 0.4244791671875 0.5849609375 0.4296875 0.5791015625 0.4231770828125 0.572265625 0.40234375 0.564453125 0.3958333328125 0.5673828125
1 0.3919270828125 0.642578125 0.3854166671875 0.6474609375 0.3854166671875 0.6611328125 0.3880208328125 0.6708984375 0.3971354171875 0.677734375 0.4010416671875 0.6767578125 0.40625 0.6708984375 0.4036458328125 0.6533203125 0.4010416671875 0.6455078125 0.3919270828125 0.642578125
1 0.4166666671875 0.7060546875 0.4270833328125 0.7158203125 0.4348958328125 0.7041015625 0.4348958328125 0.6884765625 0.4205729171875 0.685546875 0.4166666671875 0.7060546875
1 0.3229166671875 0.7490234375 0.3229166671875 0.7666015625 0.3268229171875 0.76953125 0.3333333328125 0.7685546875 0.3385416671875 0.7646484375 0.3411458328125 0.7509765625 0.3294270828125 0.74609375 0.3229166671875 0.7490234375
1 0.2578125 0.7060546875 0.2578125 0.7119140625 0.2747395828125 0.72265625 0.2786458328125 0.7216796875 0.2838541671875 0.7177734375 0.2838541671875 0.7099609375 0.2669270828125 0.69921875 0.2578125 0.7060546875
1 0.57421875 0.658203125 0.5651041671875 0.6650390625 0.5651041671875 0.6689453125 0.57421875 0.67578125 0.5807291671875 0.6748046875 0.5885416671875 0.6708984375 0.5885416671875 0.6650390625 0.5794270828125 0.658203125 0.57421875 0.658203125
1 0.5143229171875 0.587890625 0.5130208328125 0.6025390625 0.515625 0.6083984375 0.5234375 0.6103515625 0.53125 0.5986328125 0.53125 0.5908203125 0.52734375 0.587890625 0.5143229171875 0.587890625
1 0.5651041671875 0.6064453125 0.5690104171875 0.61328125 0.5807291671875 0.6142578125 0.59375 0.5986328125 0.5924479171875 0.59375 0.57421875 0.595703125 0.5651041671875 0.6064453125
1 0.5182291671875 0.6689453125 0.5182291671875 0.6787109375 0.5221354171875 0.685546875 0.5364583328125 0.6845703125 0.5364583328125 0.6630859375 0.5325520828125 0.658203125 0.52734375 0.658203125 0.5182291671875 0.6689453125
1 0.4752604171875 0.623046875 0.4583333328125 0.6357421875 0.4622395828125 0.64453125 0.4713541671875 0.6435546875 0.4921875 0.6337890625 0.4921875 0.6279296875 0.4856770828125 0.62109375 0.4752604171875 0.623046875
1 0.5651041671875 0.7626953125 0.5651041671875 0.7666015625 0.57421875 0.7734375 0.5885416671875 0.7724609375 0.5911458328125 0.7646484375 0.58203125 0.755859375 0.57421875 0.755859375 0.5651041671875 0.7626953125
1 0.67578125 0.693359375 0.65625 0.7119140625 0.66015625 0.716796875 0.6744791671875 0.7158203125 0.6848958328125 0.7099609375 0.6901041671875 0.7021484375 0.6809895828125 0.693359375 0.67578125 0.693359375
1 0.7265625 0.7275390625 0.7213541671875 0.7412109375 0.7317708328125 0.7412109375 0.7604166671875 0.7294921875 0.75390625 0.716796875 0.7330729171875 0.72265625 0.7265625 0.7275390625
1 0.54296875 0.259765625 0.5520833328125 0.2607421875 0.5533854171875 0.24609375 0.5338541671875 0.2490234375 0.5338541671875 0.2529296875 0.54296875 0.259765625