1 0.2994791671875 0.2333984375 0.3059895828125 0.240234375 0.3151041671875 0.2412109375 0.3255208328125 0.2294921875 0.32421875 0.216796875 0.31640625 0.216796875 0.2994791671875 0.2333984375
1 0.24739583281250002 0.2236328125 0.24479166718749998 0.2314453125 0.25390625 0.23828125 0.265625 0.2373046875 0.2708333328125 0.2216796875 0.2669270828125 0.216796875 0.2565104171875 0.216796875 0.24739583281250002 0.2236328125
1 0.1940104171875 0.216796875 0.1875 0.2216796875 0.1901041671875 0.2314453125 0.20182291718749998 0.23828125 0.2109375 0.2373046875 0.21875 0.2314453125 0.21614583281250002 0.2255859375 0.20703125 0.21875 0.1940104171875 0.216796875
1 0.4739583328125 0.2333984375 0.4895833328125 0.2333984375 0.5 0.2197265625 0.4856770828125 0.21484375 0.4765625 0.2236328125 0.4739583328125 0.2333984375
1 0.41015625 0.205078125 0.40625 0.2080078125 0.40625 0.2158203125 0.4231770828125 0.23046875 0.4296875 0.2294921875 0.4348958328125 0.2255859375 0.4348958328125 0.2197265625 0.4205729171875 0.205078125 0.41015625 0.205078125
1 0.3828125 0.1787109375 0.3723958328125 0.1923828125 0.3723958328125 0.2021484375 0.3828125 0.2021484375 0.3958333328125 0.1943359375 0.4010416671875 0.1845703125 0.3919270828125 0.17578125 0.3828125 0.1787109375
1 0.65625 0.2314453125 0.6627604171875 0.234375 0.6822916671875 0.2333984375 0.6809895828125 0.22265625 0.6627604171875 0.22265625 0.65625 0.2255859375 0.65625 0.2314453125
1 0.5859375 0.2255859375 0.5885416671875 0.2353515625 0.6002604171875 0.2421875 0.6067708328125 0.2412109375 0.6119791671875 0.2373046875 0.6119791671875 0.2314453125 0.58984375 0.22265625 0.5859375 0.2255859375
1 0.7005208328125 0.2060546875 0.7044270828125 0.21484375 0.7135416671875 0.2138671875 0.7317708328125 0.2021484375 0.7278645828125 0.1953125 0.7174479171875 0.1953125 0.7005208328125 0.2060546875
1 0.6979166671875 0.3017578125 0.6979166671875 0.3076171875 0.7018229171875 0.310546875 0.7083333328125 0.3095703125 0.7239583328125 0.3017578125 0.7174479171875 0.291015625 0.7044270828125 0.294921875 0.6979166671875 0.3017578125
1 0.7486979171875 0.298828125 0.7421875 0.3037109375 0.7421875 0.3095703125 0.74609375 0.3125 0.7552083328125 0.3115234375 0.7799479171875 0.3046875 0.7786458328125 0.2958984375 0.7721354171875 0.29296875 0.7486979171875 0.298828125
1 0.1666666671875 0.3193359375 0.17578125 0.326171875 0.20572916718749998 0.3271484375 0.20833333281250002 0.3173828125 0.20442708281250002 0.314453125 0.18359375 0.3125 0.1666666671875 0.3193359375
1 0.2864583328125 0.3076171875 0.2903645828125 0.310546875 0.3020833328125 0.3095703125 0.3098958328125 0.2978515625 0.30078125 0.29296875 0.2903645828125 0.29296875 0.2864583328125 0.3076171875
1 0.3541666671875 0.2666015625 0.3541666671875 0.2724609375 0.3606770828125 0.27734375 0.3828125 0.2783203125 0.3854166671875 0.2685546875 0.3815104171875 0.265625 0.3580729171875 0.263671875 0.3541666671875 0.2666015625
1 0.34375 0.2998046875 0.34375 0.3056640625 0.3502604171875 0.3125 0.3697916671875 0.3115234375 0.3802083328125 0.3076171875 0.3802083328125 0.2998046875 0.3763020828125 0.296875 0.34375 0.2998046875
1 0.4348958328125 0.3017578125 0.4348958328125 0.3095703125 0.4440104171875 0.314453125 0.4479166671875 0.3134765625 0.4609375 0.2978515625 0.4544270828125 0.283203125 0.4453125 0.2880859375 0.4348958328125 0.3017578125
1 0.5416666671875 0.2900390625 0.5416666671875 0.2978515625 0.5520833328125 0.2978515625 0.5755208328125 0.2841796875 0.57421875 0.27734375 0.55078125 0.283203125 0.5416666671875 0.2900390625
1 0.5911458328125 0.3486328125 0.6067708328125 0.3486328125 0.6015625 0.3310546875 0.5924479171875 0.328125 0.5885416671875 0.3330078125 0.5911458328125 0.3486328125
1 0.640625 0.3681640625 0.640625 0.3779296875 0.6471354171875 0.380859375 0.6588541671875 0.3798828125 0.671875 0.3720703125 0.671875 0.3681640625 0.64453125 0.365234375 0.640625 0.3681640625
1 0.5963541671875 0.3974609375 0.59375 0.4052734375 0.59765625 0.408203125 0.6067708328125 0.4072265625 0.625 0.3994140625 0.62109375 0.388671875 0.61328125 0.388671875 0.5963541671875 0.3974609375
1 0.7265625 0.4013671875 0.7239583328125 0.4091796875 0.73046875 0.4140625 0.7486979171875 0.421875 0.7578125 0.4208984375 0.7604166671875 0.4189453125 0.7513020828125 0.40625 0.7330729171875 0.3984375 0.7265625 0.4013671875
1 0.6809895828125 0.515625 0.6901041671875 0.5166015625 0.6901041671875 0.5029296875 0.6783854171875 0.501953125 0.671875 0.5068359375 0.6809895828125 0.515625
1 0.7291666671875 0.4892578125 0.7317708328125 0.5068359375 0.7421875 0.5068359375 0.7473958328125 0.5029296875 0.7473958328125 0.4873046875 0.7330729171875 0.486328125 0.7291666671875 0.4892578125
1 0.6614583328125 0.5576171875 0.66796875 0.560546875 0.6770833328125 0.5595703125 0.6796875 0.5302734375 0.67578125 0.52734375 0.6640625 0.5361328125 0.6614583328125 0.5576171875
1 0.7630208328125 0.5771484375 0.7630208328125 0.5810546875 0.7747395828125 0.58984375 0.7838541671875 0.5908203125 0.7890625 0.5888671875 0.7890625 0.5810546875 0.7721354171875 0.5703125 0.7630208328125 0.5771484375
1 0.6328125 0.6103515625 0.6328125 0.6162109375 0.6393229171875 0.62109375 0.6458333328125 0.6201171875 0.6588541671875 0.6083984375 0.6575520828125 0.595703125 0.65234375 0.595703125 0.6328125 0.6103515625
1 0.5546875 0.4423828125 0.5625 0.4443359375 0.5703125 0.4404296875 0.56640625 0.43359375 0.5546875 0.4365234375 0.5546875 0.4423828125
1 0.5885416671875 0.5439453125 0.58984375 0.552734375 0.6145833328125 0.5537109375 0.6171875 0.5478515625 0.6080729171875 0.541015625 0.5924479171875 0.541015625 0.5885416671875 0.5439453125
1 0.5208333328125 0.4853515625 0.5247395828125 0.494140625 0.5364583328125 0.4951171875 0.5572916671875 0.4853515625 0.5533854171875 0.478515625 0.5403645828125 0.4765625 0.5208333328125 0.4853515625
1 0.5208333328125 0.5341796875 0.5208333328125 0.5380859375 0.53515625 0.544921875 0.5625 0.5439453125 0.5651041671875 0.5341796875 0.55859375 0.53125 0.5247395828125 0.53125 0.5208333328125 0.5341796875
1 0.7604166671875 0.7001953125 0.7643229171875 0.7109375 0.78125 0.7099609375 0.78125 0.7001953125 0.77734375 0.697265625 0.7643229171875 0.697265625 0.7604166671875 0.7001953125
1 0.6640625 0.6767578125 0.6614583328125 0.6826171875 0.6705729171875 0.689453125 0.6927083328125 0.6904296875 0.6953125 0.6865234375 0.6783854171875 0.67578125 0.66796875 0.673828125 0.6640625 0.6767578125
1 0.5052083328125 0.7607421875 0.5091145828125 0.767578125 0.53125 0.7724609375 0.5364583328125 0.7646484375 0.5325520828125 0.759765625 0.5169270828125 0.7578125 0.5052083328125 0.7607421875
1 0.6041666671875 0.7939453125 0.60546875 0.798828125 0.61328125 0.802734375 0.6197916671875 0.8017578125 0.6354166671875 0.7841796875 0.6315104171875 0.77734375 0.62109375 0.77734375 0.6041666671875 0.7939453125
1 0.22395833281250002 0.7724609375 0.2265625 0.7880859375 0.23046875 0.79296875 0.23958333281250002 0.7919921875 0.2421875 0.7724609375 0.23828125 0.76953125 0.22786458281250002 0.76953125 0.22395833281250002 0.7724609375
1 0.3190104171875 0.78125 0.3098958328125 0.7880859375 0.32421875 0.794921875 0.3307291671875 0.7939453125 0.3463541671875 0.7900390625 0.3463541671875 0.7822265625 0.33984375 0.77734375 0.3190104171875 0.78125
1 0.24739583281250002 0.6474609375 0.2526041671875 0.6611328125 0.2591145828125 0.666015625 0.265625 0.6650390625 0.2682291671875 0.6513671875 0.2591145828125 0.640625 0.2513020828125 0.640625 0.24739583281250002 0.6474609375
1 0.23697916718749998 0.6826171875 0.234375 0.6884765625 0.24088541718749998 0.6953125 0.2643229171875 0.70703125 0.2708333328125 0.7060546875 0.2760416671875 0.6982421875 0.26953125 0.69140625 0.24869791718749998 0.681640625 0.23697916718749998 0.6826171875
1 0.5598958328125 0.6552734375 0.5690104171875 0.6640625 0.578125 0.6650390625 0.578125 0.6513671875 0.5716145828125 0.64453125 0.56640625 0.64453125 0.5598958328125 0.6552734375
1 0.37890625 0.599609375 0.3684895828125 0.599609375 0.3645833328125 0.6025390625 0.3619791671875 0.6220703125 0.3697916671875 0.6240234375 0.3776041671875 0.6201171875 0.3828125 0.6123046875 0.3828125 0.6025390625 0.37890625 0.599609375
1 0.4427083328125 0.6845703125 0.4596354171875 0.701171875 0.4765625 0.7001953125 0.4765625 0.6962890625 0.45703125 0.6796875 0.4518229171875 0.677734375 0.4427083328125 0.6845703125
1 0.4010416671875 0.5693359375 0.4088541671875 0.5830078125 0.41796875 0.58984375 0.4244791671875 0.5888671875 0.4322916671875 0.5849609375 0.4244791671875 0.5693359375 0.4049479171875 0.560546875 0.4010416671875 0.5693359375
1 0.49609375 0.625 0.4895833328125 0.6279296875 0.4895833328125 0.6337890625 0.5026041671875 0.6513671875 0.5104166671875 0.6513671875 0.5208333328125 0.6455078125 0.5208333328125 0.6416015625 0.5065104171875 0.626953125 0.49609375 0.625
1 0.27734375 0.541015625 0.2682291671875 0.5478515625 0.2747395828125 0.5546875 0.28125 0.5537109375 0.2942708328125 0.5498046875 0.2942708328125 0.5419921875 0.2903645828125 0.5390625 0.27734375 0.541015625
1 0.20833333281250002 0.5615234375 0.20833333281250002 0.5712890625 0.21223958281250002 0.57421875 0.22395833281250002 0.5732421875 0.22916666718749998 0.5615234375 0.22786458281250002 0.548828125 0.22005208281250002 0.548828125 0.20833333281250002 0.5615234375
1 0.234375 0.4814453125 0.234375 0.4853515625 0.24348958281250002 0.490234375 0.265625 0.4912109375 0.2682291671875 0.4814453125 0.2643229171875 0.478515625 0.24088541718749998 0.478515625 0.234375 0.4814453125
1 0.1783854171875 0.412109375 0.1666666671875 0.4248046875 0.1705729171875 0.431640625 0.1848958328125 0.4326171875 0.1927083328125 0.4208984375 0.1927083328125 0.4130859375 0.1888020828125 0.41015625 0.1783854171875 0.412109375
1 0.22916666718749998 0.4248046875 0.23177083281250002 0.4326171875 0.23958333281250002 0.4345703125 0.2565104171875 0.427734375 0.2630208328125 0.4208984375 0.2565104171875 0.412109375 0.22916666718749998 0.4248046875
1 0.3020833328125 0.4208984375 0.30859375 0.42578125 0.3177083328125 0.4267578125 0.3229166671875 0.4228515625 0.3229166671875 0.4169921875 0.30859375 0.412109375 0.3020833328125 0.4208984375
1 0.41015625 0.45703125 0.4205729171875 0.462890625 0.4296875 0.4619140625 0.4296875 0.4541015625 0.41796875 0.4453125 0.4088541671875 0.4501953125 0.41015625 0.45703125
1 0.3815104171875 0.470703125 0.3671875 0.4853515625 0.37109375 0.4921875 0.3828125 0.4931640625 0.3932291671875 0.4814453125 0.3932291671875 0.4736328125 0.38671875 0.470703125 0.3815104171875 0.470703125
1 0.4375 0.3603515625 0.4466145828125 0.36328125 0.4661458328125 0.3623046875 0.4674479171875 0.349609375 0.44921875 0.349609375 0.4375 0.3564453125 0.4375 0.3603515625
1 0.4817708328125 0.4072265625 0.48828125 0.4140625 0.4947916671875 0.4130859375 0.515625 0.3994140625 0.5143229171875 0.390625 0.49609375 0.396484375 0.4817708328125 0.4072265625
1 0.40234375 0.33203125 0.3932291671875 0.3349609375 0.3854166671875 0.3525390625 0.3893229171875 0.357421875 0.3958333328125 0.3564453125 0.40625 0.3505859375 0.4088541671875 0.3447265625 0.4088541671875 0.3369140625 0.40234375 0.33203125
1 0.3645833328125 0.3818359375 0.3645833328125 0.3857421875 0.3815104171875 0.396484375 0.3932291671875 0.3974609375 0.3984375 0.3896484375 0.3893229171875 0.3828125 0.3763020828125 0.376953125 0.3645833328125 0.3818359375