1 0.2109375 0.2060546875 0.2109375 0.2158203125 0.22005208281250002 0.224609375 0.22916666718749998 0.2236328125 0.234375 0.2177734375 0.234375 0.2060546875 0.22005208281250002 0.201171875 0.2109375 0.2060546875
1 0.2916666671875 0.2314453125 0.2955729171875 0.236328125 0.3072916671875 0.2353515625 0.3151041671875 0.2119140625 0.30078125 0.20703125 0.2942708328125 0.2099609375 0.2916666671875 0.2314453125
1 0.1848958328125 0.3232421875 0.1940104171875 0.333984375 0.20833333281250002 0.3349609375 0.2109375 0.3271484375 0.20442708281250002 0.322265625 0.1888020828125 0.3203125 0.1848958328125 0.3232421875
1 0.20572916718749998 0.2841796875 0.20833333281250002 0.2919921875 0.22265625 0.302734375 0.22916666718749998 0.3017578125 0.22916666718749998 0.2880859375 0.22005208281250002 0.279296875 0.20963541718749998 0.28125 0.20572916718749998 0.2841796875
1 0.23958333281250002 0.3232421875 0.23697916718749998 0.3310546875 0.24348958281250002 0.3359375 0.24739583281250002 0.3349609375 0.2682291671875 0.3212890625 0.2669270828125 0.314453125 0.25390625 0.3125 0.23958333281250002 0.3232421875
1 0.3893229171875 0.232421875 0.4010416671875 0.2568359375 0.4049479171875 0.259765625 0.4114583328125 0.2587890625 0.4140625 0.2509765625 0.4036458328125 0.2333984375 0.3971354171875 0.23046875 0.3893229171875 0.232421875
1 0.3736979171875 0.23828125 0.3671875 0.2412109375 0.3515625 0.2626953125 0.35546875 0.26953125 0.3645833328125 0.2685546875 0.3697916671875 0.2666015625 0.3828125 0.2490234375 0.3828125 0.2451171875 0.3736979171875 0.23828125
1 0.2942708328125 0.2978515625 0.2981770828125 0.30859375 0.3125 0.3076171875 0.3203125 0.3037109375 0.31640625 0.294921875 0.2981770828125 0.294921875 0.2942708328125 0.2978515625
1 0.21354166718749998 0.3681640625 0.21354166718749998 0.3837890625 0.21744791718749998 0.388671875 0.2265625 0.3876953125 0.23177083281250002 0.3818359375 0.23177083281250002 0.3681640625 0.21744791718749998 0.365234375 0.21354166718749998 0.3681640625
1 0.4088541671875 0.1845703125 0.421875 0.1884765625 0.4296875 0.1767578125 0.4205729171875 0.171875 0.4127604171875 0.171875 0.4088541671875 0.1845703125
1 0.4609375 0.2080078125 0.4609375 0.2138671875 0.4752604171875 0.22265625 0.484375 0.2216796875 0.484375 0.2099609375 0.4778645828125 0.205078125 0.4674479171875 0.203125 0.4609375 0.2080078125
1 0.51953125 0.234375 0.5182291671875 0.2392578125 0.5234375 0.2451171875 0.54296875 0.2578125 0.546875 0.2568359375 0.5520833328125 0.2490234375 0.5390625 0.2373046875 0.53515625 0.234375 0.51953125 0.234375
1 0.6263020828125 0.208984375 0.6432291671875 0.2099609375 0.6419270828125 0.197265625 0.6184895828125 0.1953125 0.6145833328125 0.1982421875 0.6263020828125 0.208984375
1 0.6953125 0.2216796875 0.7122395828125 0.236328125 0.7213541671875 0.2353515625 0.7239583328125 0.2275390625 0.71875 0.2197265625 0.70703125 0.212890625 0.6953125 0.2216796875
1 0.7526041671875 0.2060546875 0.7552083328125 0.2138671875 0.76171875 0.216796875 0.7864583328125 0.2158203125 0.7890625 0.2041015625 0.78515625 0.201171875 0.7591145828125 0.201171875 0.7526041671875 0.2060546875
1 0.64453125 0.267578125 0.640625 0.2705078125 0.6432291671875 0.2861328125 0.6497395828125 0.29296875 0.65625 0.2919921875 0.6614583328125 0.2900390625 0.6588541671875 0.2763671875 0.65234375 0.267578125 0.64453125 0.267578125
1 0.6875 0.3212890625 0.6888020828125 0.326171875 0.703125 0.3271484375 0.7265625 0.3154296875 0.72265625 0.306640625 0.7044270828125 0.310546875 0.6875 0.3212890625
1 0.3203125 0.3720703125 0.3216145828125 0.376953125 0.3359375 0.3798828125 0.34375 0.3662109375 0.3424479171875 0.357421875 0.3294270828125 0.359375 0.3203125 0.3720703125
1 0.3919270828125 0.330078125 0.3763020828125 0.33203125 0.3723958328125 0.3349609375 0.3723958328125 0.3447265625 0.3854166671875 0.3447265625 0.3997395828125 0.34375 0.40625 0.3408203125 0.40625 0.3369140625 0.3919270828125 0.330078125
1 0.4375 0.3076171875 0.4375 0.3154296875 0.44140625 0.318359375 0.4479166671875 0.3173828125 0.4609375 0.3037109375 0.4518229171875 0.296875 0.4466145828125 0.296875 0.4375 0.3076171875
1 0.5651041671875 0.3271484375 0.56640625 0.33984375 0.5885416671875 0.3408203125 0.59375 0.3349609375 0.5872395828125 0.330078125 0.57421875 0.326171875 0.5651041671875 0.3271484375
1 0.5989583328125 0.3642578125 0.6041666671875 0.3779296875 0.6080729171875 0.380859375 0.6197916671875 0.3798828125 0.6223958328125 0.3701171875 0.6171875 0.3623046875 0.6028645828125 0.35546875 0.5989583328125 0.3642578125
1 0.53515625 0.35546875 0.5338541671875 0.3662109375 0.5533854171875 0.3828125 0.5572916671875 0.3818359375 0.5651041671875 0.3759765625 0.5625 0.3720703125 0.5403645828125 0.35546875 0.53515625 0.35546875
1 0.6901041671875 0.4169921875 0.69140625 0.423828125 0.7057291671875 0.4248046875 0.71875 0.4091796875 0.71484375 0.404296875 0.7044270828125 0.404296875 0.6901041671875 0.4169921875
1 0.6484375 0.4404296875 0.6484375 0.4443359375 0.6627604171875 0.45703125 0.6770833328125 0.4580078125 0.6822916671875 0.4482421875 0.6783854171875 0.443359375 0.6653645828125 0.439453125 0.6484375 0.4404296875
1 0.6705729171875 0.369140625 0.6588541671875 0.3740234375 0.65625 0.3798828125 0.66015625 0.384765625 0.6848958328125 0.3837890625 0.6979166671875 0.3779296875 0.6966145828125 0.373046875 0.6861979171875 0.369140625 0.6705729171875 0.369140625
1 0.4583333328125 0.3798828125 0.4583333328125 0.3837890625 0.4674479171875 0.390625 0.4713541671875 0.3896484375 0.4869791671875 0.3798828125 0.4856770828125 0.375 0.4700520828125 0.375 0.4583333328125 0.3798828125
1 0.4856770828125 0.427734375 0.4713541671875 0.4365234375 0.4713541671875 0.4423828125 0.4778645828125 0.447265625 0.4869791671875 0.4462890625 0.4947916671875 0.4404296875 0.4973958328125 0.4306640625 0.4934895828125 0.427734375 0.4856770828125 0.427734375
1 0.3997395828125 0.392578125 0.390625 0.4150390625 0.3971354171875 0.419921875 0.40625 0.4189453125 0.4114583328125 0.4091796875 0.4114583328125 0.3974609375 0.4075520828125 0.392578125 0.3997395828125 0.392578125
1 0.5416666671875 0.4599609375 0.54296875 0.462890625 0.5625 0.4619140625 0.578125 0.4541015625 0.578125 0.4501953125 0.5690104171875 0.443359375 0.5416666671875 0.4599609375
1 0.5130208328125 0.4150390625 0.5130208328125 0.4228515625 0.5169270828125 0.42578125 0.5234375 0.4248046875 0.5390625 0.4111328125 0.5325520828125 0.40234375 0.5247395828125 0.40234375 0.5130208328125 0.4150390625
1 0.22135416718749998 0.4599609375 0.22526041718749998 0.46875 0.23697916718749998 0.4677734375 0.24479166718749998 0.4541015625 0.24088541718749998 0.44921875 0.23307291718749998 0.44921875 0.22135416718749998 0.4599609375
1 0.2994791671875 0.4501953125 0.2916666671875 0.4638671875 0.2955729171875 0.46875 0.3072916671875 0.4697265625 0.3177083328125 0.4560546875 0.3138020828125 0.443359375 0.30859375 0.443359375 0.2994791671875 0.4501953125
1 0.2565104171875 0.4921875 0.2552083328125 0.5009765625 0.2604166671875 0.5126953125 0.2721354171875 0.51953125 0.2786458328125 0.5185546875 0.28125 0.5126953125 0.2734375 0.4931640625 0.26953125 0.490234375 0.2565104171875 0.4921875
1 0.3059895828125 0.548828125 0.3255208328125 0.5478515625 0.3385416671875 0.5419921875 0.3346354171875 0.53515625 0.3046875 0.5361328125 0.3059895828125 0.548828125
1 0.3802083328125 0.4892578125 0.3802083328125 0.4970703125 0.390625 0.4990234375 0.4114583328125 0.4873046875 0.4114583328125 0.4814453125 0.4049479171875 0.4765625 0.3802083328125 0.4892578125
1 0.38671875 0.5390625 0.3802083328125 0.5458984375 0.3815104171875 0.55078125 0.3971354171875 0.556640625 0.421875 0.5556640625 0.4244791671875 0.5517578125 0.41796875 0.546875 0.39453125 0.5390625 0.38671875 0.5390625
1 0.5078125 0.5107421875 0.5078125 0.4912109375 0.4934895828125 0.490234375 0.4895833328125 0.4990234375 0.4947916671875 0.5126953125 0.4869791671875 0.5185546875 0.4869791671875 0.5224609375 0.5065104171875 0.537109375 0.5130208328125 0.5361328125 0.5182291671875 0.5322265625 0.5182291671875 0.5263671875 0.5026041671875 0.5166015625 0.5078125 0.5107421875
1 0.765625 0.5263671875 0.765625 0.5302734375 0.7747395828125 0.537109375 0.7916666671875 0.5380859375 0.796875 0.5302734375 0.79296875 0.525390625 0.76953125 0.5234375 0.765625 0.5263671875
1 0.6796875 0.5283203125 0.6861979171875 0.537109375 0.6953125 0.5361328125 0.7083333328125 0.5224609375 0.70703125 0.517578125 0.6940104171875 0.517578125 0.6796875 0.5283203125
1 0.7096354171875 0.599609375 0.71875 0.5986328125 0.7213541671875 0.5908203125 0.7096354171875 0.587890625 0.7057291671875 0.5966796875 0.7096354171875 0.599609375
1 0.5546875 0.5634765625 0.5716145828125 0.57421875 0.578125 0.5732421875 0.5755208328125 0.5595703125 0.5611979171875 0.552734375 0.5546875 0.5576171875 0.5546875 0.5634765625
1 0.6341145828125 0.59765625 0.640625 0.5966796875 0.6484375 0.5888671875 0.6236979171875 0.572265625 0.6223958328125 0.5888671875 0.6341145828125 0.59765625
1 0.5221354171875 0.61328125 0.5130208328125 0.6240234375 0.5221354171875 0.62890625 0.53125 0.6279296875 0.5364583328125 0.6259765625 0.5364583328125 0.6220703125 0.52734375 0.61328125 0.5221354171875 0.61328125
1 0.6145833328125 0.6357421875 0.6276041671875 0.6416015625 0.6354166671875 0.6357421875 0.6158854171875 0.62109375 0.6119791671875 0.6240234375 0.6145833328125 0.6357421875
1 0.5572916671875 0.6806640625 0.5572916671875 0.6865234375 0.5611979171875 0.689453125 0.5755208328125 0.6884765625 0.5807291671875 0.6845703125 0.578125 0.6748046875 0.56640625 0.673828125 0.5572916671875 0.6806640625
1 0.7395833328125 0.6572265625 0.7421875 0.6748046875 0.7473958328125 0.6845703125 0.7526041671875 0.6865234375 0.7604166671875 0.6767578125 0.7604166671875 0.6650390625 0.75390625 0.654296875 0.7395833328125 0.6572265625
1 0.21744791718749998 0.603515625 0.21354166718749998 0.6064453125 0.21614583281250002 0.6181640625 0.22265625 0.625 0.23177083281250002 0.6259765625 0.23958333281250002 0.6201171875 0.23958333281250002 0.6142578125 0.22526041718749998 0.603515625 0.21744791718749998 0.603515625
1 0.3294270828125 0.6015625 0.31640625 0.6015625 0.2955729171875 0.607421875 0.2890625 0.6162109375 0.2955729171875 0.62109375 0.3020833328125 0.6201171875 0.32421875 0.615234375 0.3333333328125 0.6083984375 0.3333333328125 0.6044921875 0.3294270828125 0.6015625
1 0.3893229171875 0.6015625 0.4088541671875 0.6005859375 0.4140625 0.5947265625 0.4075520828125 0.58984375 0.3880208328125 0.5908203125 0.3893229171875 0.6015625
1 0.3606770828125 0.662109375 0.3567708328125 0.6650390625 0.3541666671875 0.6845703125 0.359375 0.6865234375 0.3723958328125 0.6787109375 0.375 0.6650390625 0.37109375 0.662109375 0.3606770828125 0.662109375
1 0.4479166671875 0.7021484375 0.4622395828125 0.7109375 0.4739583328125 0.7099609375 0.4895833328125 0.7060546875 0.4856770828125 0.6953125 0.45703125 0.697265625 0.4479166671875 0.7021484375
1 0.6171875 0.7451171875 0.62109375 0.748046875 0.6328125 0.7470703125 0.6328125 0.7353515625 0.62890625 0.732421875 0.6184895828125 0.734375 0.6171875 0.7451171875
1 0.3059895828125 0.732421875 0.2916666671875 0.7412109375 0.2916666671875 0.7490234375 0.2955729171875 0.751953125 0.3020833328125 0.7509765625 0.3177083328125 0.7392578125 0.3203125 0.7333984375 0.31640625 0.73046875 0.3059895828125 0.732421875