1 0.2552083328125 0.2001953125 0.2591145828125 0.203125 0.2760416671875 0.2021484375 0.2838541671875 0.1982421875 0.27734375 0.189453125 0.2552083328125 0.1884765625 0.2552083328125 0.2001953125
1 0.2708333328125 0.2060546875 0.2708333328125 0.2099609375 0.2799479171875 0.21875 0.2838541671875 0.2177734375 0.2916666671875 0.2138671875 0.2916666671875 0.2080078125 0.2799479171875 0.201171875 0.2708333328125 0.2060546875
1 0.484375 0.2138671875 0.484375 0.2197265625 0.5013020828125 0.232421875 0.5104166671875 0.2314453125 0.5130208328125 0.2216796875 0.5013020828125 0.212890625 0.4908854171875 0.2109375 0.484375 0.2138671875
1 0.48828125 0.16796875 0.4661458328125 0.1806640625 0.47265625 0.189453125 0.4791666671875 0.1884765625 0.5078125 0.1767578125 0.5078125 0.1728515625 0.4986979171875 0.166015625 0.48828125 0.16796875
1 0.5208333328125 0.1943359375 0.5182291671875 0.2041015625 0.5221354171875 0.20703125 0.5403645828125 0.212890625 0.5572916671875 0.2119140625 0.5598958328125 0.2060546875 0.5533854171875 0.201171875 0.52734375 0.19140625 0.5208333328125 0.1943359375
1 0.6510416671875 0.1943359375 0.6510416671875 0.2099609375 0.6549479171875 0.212890625 0.6614583328125 0.2119140625 0.6666666671875 0.2099609375 0.6666666671875 0.1962890625 0.6549479171875 0.19140625 0.6510416671875 0.1943359375
1 0.7395833328125 0.2314453125 0.7421875 0.2529296875 0.7552083328125 0.2529296875 0.7604166671875 0.2509765625 0.7604166671875 0.2412109375 0.7434895828125 0.228515625 0.7395833328125 0.2314453125
1 0.6171875 0.2626953125 0.6171875 0.2783203125 0.62109375 0.28125 0.6276041671875 0.2802734375 0.6328125 0.2666015625 0.6328125 0.2548828125 0.62890625 0.251953125 0.6171875 0.2626953125
1 0.765625 0.3232421875 0.76953125 0.326171875 0.7760416671875 0.3251953125 0.7838541671875 0.3193359375 0.7799479171875 0.3125 0.765625 0.3173828125 0.765625 0.3232421875
1 0.4088541671875 0.2607421875 0.4088541671875 0.2646484375 0.4127604171875 0.26953125 0.421875 0.2724609375 0.4322916671875 0.2626953125 0.4231770828125 0.25390625 0.41796875 0.25390625 0.4088541671875 0.2607421875
1 0.296875 0.2958984375 0.30859375 0.30859375 0.328125 0.3095703125 0.3307291671875 0.3017578125 0.32421875 0.296875 0.30859375 0.29296875 0.296875 0.2958984375
1 0.4036458328125 0.3017578125 0.41015625 0.30859375 0.4166666671875 0.3076171875 0.4375 0.2919921875 0.4309895828125 0.28515625 0.4205729171875 0.28515625 0.4036458328125 0.3017578125
1 0.3528645828125 0.28125 0.3411458328125 0.2900390625 0.3450520828125 0.296875 0.3619791671875 0.2958984375 0.3815104171875 0.287109375 0.3854166671875 0.2822265625 0.3763020828125 0.271484375 0.3528645828125 0.28125
1 0.5104166671875 0.3642578125 0.5143229171875 0.37109375 0.5234375 0.3720703125 0.53125 0.3642578125 0.53125 0.3525390625 0.52734375 0.349609375 0.5104166671875 0.3642578125
1 0.6354166671875 0.3408203125 0.6471354171875 0.349609375 0.65625 0.3486328125 0.6588541671875 0.3408203125 0.6471354171875 0.33203125 0.6341145828125 0.330078125 0.6354166671875 0.3408203125
1 0.6106770828125 0.3203125 0.5989583328125 0.3330078125 0.6028645828125 0.341796875 0.6119791671875 0.3408203125 0.625 0.3310546875 0.625 0.3251953125 0.6158854171875 0.3203125 0.6106770828125 0.3203125
1 0.4973958328125 0.2958984375 0.5104166671875 0.3115234375 0.51953125 0.31640625 0.5234375 0.3154296875 0.5234375 0.2978515625 0.5143229171875 0.2890625 0.50390625 0.2890625 0.4973958328125 0.2958984375
1 0.2109375 0.3349609375 0.21744791718749998 0.33984375 0.22916666718749998 0.3388671875 0.23177083281250002 0.3232421875 0.22265625 0.318359375 0.21354166718749998 0.3251953125 0.2109375 0.3349609375
1 0.2825520828125 0.345703125 0.265625 0.3544921875 0.265625 0.3603515625 0.2747395828125 0.3671875 0.28125 0.3662109375 0.2942708328125 0.3564453125 0.296875 0.3486328125 0.29296875 0.345703125 0.2825520828125 0.345703125
1 0.3658854171875 0.35546875 0.3567708328125 0.3583984375 0.3580729171875 0.369140625 0.3736979171875 0.373046875 0.3880208328125 0.3720703125 0.3932291671875 0.3701171875 0.3932291671875 0.3662109375 0.38671875 0.361328125 0.3658854171875 0.35546875
1 0.4661458328125 0.3974609375 0.46875 0.4091796875 0.4778645828125 0.41796875 0.4817708328125 0.4169921875 0.4895833328125 0.4111328125 0.4895833328125 0.4072265625 0.4700520828125 0.39453125 0.4661458328125 0.3974609375
1 0.44921875 0.435546875 0.4479166671875 0.4443359375 0.4713541671875 0.4580078125 0.4791666671875 0.4541015625 0.4817708328125 0.4482421875 0.46484375 0.4375 0.44921875 0.435546875
1 0.3984375 0.4833984375 0.3854166671875 0.4990234375 0.3880208328125 0.5107421875 0.3958333328125 0.5107421875 0.4114583328125 0.4931640625 0.4114583328125 0.4833984375 0.4075520828125 0.48046875 0.3984375 0.4833984375
1 0.2109375 0.4560546875 0.21744791718749998 0.458984375 0.2265625 0.4580078125 0.22916666718749998 0.4404296875 0.22005208281250002 0.4375 0.21354166718749998 0.4423828125 0.2109375 0.4560546875
1 0.3125 0.4287109375 0.3111979171875 0.41796875 0.28515625 0.416015625 0.2760416671875 0.4208984375 0.2786458328125 0.4248046875 0.2708333328125 0.4267578125 0.2630208328125 0.4404296875 0.2630208328125 0.4482421875 0.2669270828125 0.451171875 0.2734375 0.4501953125 0.28125 0.4462890625 0.2903645828125 0.431640625 0.30859375 0.431640625 0.3125 0.4287109375
1 0.2604166671875 0.4892578125 0.2630208328125 0.5009765625 0.27734375 0.513671875 0.28125 0.5126953125 0.28125 0.4912109375 0.27734375 0.486328125 0.2643229171875 0.486328125 0.2604166671875 0.4892578125
1 0.1979166671875 0.5693359375 0.20182291718749998 0.578125 0.2265625 0.5771484375 0.22916666718749998 0.5654296875 0.22526041718749998 0.5625 0.21223958281250002 0.5625 0.1979166671875 0.5693359375
1 0.27734375 0.56640625 0.2734375 0.5751953125 0.28125 0.5849609375 0.2903645828125 0.591796875 0.2994791671875 0.5908203125 0.3072916671875 0.5849609375 0.3020833328125 0.5771484375 0.2877604171875 0.56640625 0.27734375 0.56640625
1 0.3411458328125 0.5458984375 0.3411458328125 0.5615234375 0.3502604171875 0.5703125 0.3567708328125 0.5693359375 0.3619791671875 0.5556640625 0.3619791671875 0.5400390625 0.34765625 0.5390625 0.3411458328125 0.5458984375
1 0.23567708281250002 0.66796875 0.23177083281250002 0.6708984375 0.23177083281250002 0.6806640625 0.24739583281250002 0.6826171875 0.25390625 0.681640625 0.2604166671875 0.6728515625 0.2565104171875 0.669921875 0.23567708281250002 0.66796875
1 0.3020833328125 0.7138671875 0.3111979171875 0.720703125 0.3307291671875 0.7197265625 0.3333333328125 0.7080078125 0.3294270828125 0.705078125 0.3190104171875 0.705078125 0.3020833328125 0.7138671875
1 0.3697916671875 0.7607421875 0.37890625 0.765625 0.3880208328125 0.7646484375 0.3828125 0.7451171875 0.3736979171875 0.736328125 0.3645833328125 0.7412109375 0.3697916671875 0.7607421875
1 0.734375 0.4072265625 0.7408854171875 0.41015625 0.75 0.4091796875 0.7552083328125 0.4013671875 0.74609375 0.396484375 0.73828125 0.396484375 0.734375 0.4072265625
1 0.7708333328125 0.4560546875 0.7708333328125 0.4619140625 0.7760416671875 0.4716796875 0.7825520828125 0.4765625 0.7864583328125 0.4755859375 0.7916666671875 0.4599609375 0.78515625 0.453125 0.77734375 0.453125 0.7708333328125 0.4560546875
1 0.7669270828125 0.4140625 0.7630208328125 0.4169921875 0.7630208328125 0.4248046875 0.7799479171875 0.439453125 0.7864583328125 0.4384765625 0.7942708328125 0.4326171875 0.7942708328125 0.4287109375 0.7799479171875 0.416015625 0.7669270828125 0.4140625
1 0.6940104171875 0.423828125 0.6927083328125 0.4345703125 0.6979166671875 0.4404296875 0.7096354171875 0.44921875 0.7161458328125 0.4482421875 0.7239583328125 0.4423828125 0.7239583328125 0.4384765625 0.70703125 0.423828125 0.6940104171875 0.423828125
1 0.6236979171875 0.4453125 0.6197916671875 0.4501953125 0.63671875 0.458984375 0.6588541671875 0.4599609375 0.6640625 0.4482421875 0.6575520828125 0.4453125 0.6341145828125 0.443359375 0.6236979171875 0.4453125
1 0.6002604171875 0.43359375 0.59375 0.4404296875 0.5963541671875 0.4599609375 0.6002604171875 0.462890625 0.6119791671875 0.4619140625 0.6171875 0.4521484375 0.6171875 0.4384765625 0.61328125 0.43359375 0.6002604171875 0.43359375
1 0.8255208328125001 0.5537109375 0.83203125 0.55859375 0.8385416671874999 0.5576171875 0.84375 0.5537109375 0.8411458328125001 0.5361328125 0.82421875 0.53515625 0.8255208328125001 0.5537109375
1 0.6822916671875 0.5830078125 0.69921875 0.59765625 0.7057291671875 0.5986328125 0.7135416671875 0.5908203125 0.68359375 0.5703125 0.6796875 0.5732421875 0.6822916671875 0.5830078125
1 0.5911458328125 0.5458984375 0.5950520828125 0.548828125 0.6067708328125 0.5478515625 0.609375 0.5341796875 0.59765625 0.53125 0.5911458328125 0.5361328125 0.5911458328125 0.5458984375
1 0.5234375 0.5439453125 0.5455729171875 0.560546875 0.5572916671875 0.5595703125 0.5572916671875 0.5517578125 0.5377604171875 0.537109375 0.5234375 0.5361328125 0.5234375 0.5439453125
1 0.578125 0.5673828125 0.5768229171875 0.576171875 0.6028645828125 0.58984375 0.6119791671875 0.5888671875 0.6067708328125 0.5751953125 0.59765625 0.568359375 0.58984375 0.564453125 0.578125 0.5673828125
1 0.3697916671875 0.6337890625 0.3697916671875 0.6494140625 0.3763020828125 0.65234375 0.3880208328125 0.6513671875 0.3880208328125 0.6357421875 0.37890625 0.626953125 0.3736979171875 0.626953125 0.3697916671875 0.6337890625
1 0.4427083328125 0.6435546875 0.453125 0.6435546875 0.4765625 0.6318359375 0.4700520828125 0.62109375 0.4479166671875 0.6318359375 0.4427083328125 0.6435546875
1 0.4908854171875 0.62890625 0.4817708328125 0.6337890625 0.48828125 0.642578125 0.5026041671875 0.6416015625 0.5182291671875 0.6357421875 0.5182291671875 0.6279296875 0.5143229171875 0.625 0.4908854171875 0.62890625
1 0.4661458328125 0.5712890625 0.48046875 0.5859375 0.4895833328125 0.5849609375 0.4921875 0.5751953125 0.4856770828125 0.5703125 0.4700520828125 0.568359375 0.4661458328125 0.5712890625
1 0.515625 0.6806640625 0.5260416671875 0.6826171875 0.5442708328125 0.6787109375 0.5377604171875 0.66796875 0.515625 0.6748046875 0.515625 0.6806640625
1 0.47265625 0.705078125 0.46875 0.7080078125 0.4713541671875 0.7177734375 0.4791666671875 0.7197265625 0.5 0.7119140625 0.5026041671875 0.7080078125 0.4986979171875 0.703125 0.47265625 0.705078125
1 0.5572916671875 0.6611328125 0.5625 0.6708984375 0.57421875 0.677734375 0.5807291671875 0.6767578125 0.5885416671875 0.6669921875 0.57421875 0.658203125 0.55859375 0.654296875 0.5572916671875 0.6611328125
1 0.6354166671875 0.6591796875 0.6380208328125 0.6669921875 0.6497395828125 0.6796875 0.6588541671875 0.6787109375 0.6640625 0.6708984375 0.6536458328125 0.6591796875 0.6419270828125 0.654296875 0.6354166671875 0.6591796875
1 0.76953125 0.689453125 0.7708333328125 0.7021484375 0.7825520828125 0.7109375 0.7890625 0.7119140625 0.7942708328125 0.7099609375 0.796875 0.7001953125 0.7799479171875 0.689453125 0.76953125 0.689453125
1 0.6171875 0.7392578125 0.6223958328125 0.7490234375 0.6302083328125 0.7490234375 0.6354166671875 0.7412109375 0.6354166671875 0.7177734375 0.6184895828125 0.716796875 0.6171875 0.7392578125
1 0.7135416671875 0.7314453125 0.7109375 0.7392578125 0.7200520828125 0.74609375 0.7330729171875 0.75 0.7526041671875 0.7490234375 0.7526041671875 0.7431640625 0.73046875 0.73046875 0.7174479171875 0.728515625 0.7135416671875 0.7314453125