1 0.2109375 0.1669921875 0.2109375 0.1767578125 0.22526041718749998 0.181640625 0.234375 0.1806640625 0.23958333281250002 0.1748046875 0.23697916718749998 0.1708984375 0.21744791718749998 0.162109375 0.2109375 0.1669921875
1 0.28125 0.2666015625 0.28515625 0.26953125 0.296875 0.2685546875 0.2994791671875 0.2451171875 0.2877604171875 0.2421875 0.28125 0.2509765625 0.28125 0.2666015625
1 0.2747395828125 0.21484375 0.2578125 0.2216796875 0.2604166671875 0.2333984375 0.2643229171875 0.236328125 0.2708333328125 0.2353515625 0.2838541671875 0.2294921875 0.2890625 0.2216796875 0.2877604171875 0.21484375 0.2747395828125 0.21484375
1 0.3489583328125 0.2060546875 0.35546875 0.212890625 0.3645833328125 0.2119140625 0.375 0.2060546875 0.375 0.2021484375 0.3606770828125 0.193359375 0.3489583328125 0.2060546875
1 0.3567708328125 0.2255859375 0.3567708328125 0.2333984375 0.3723958328125 0.2353515625 0.3776041671875 0.2216796875 0.37109375 0.21484375 0.3658854171875 0.21484375 0.3567708328125 0.2255859375
1 0.3971354171875 0.251953125 0.4075520828125 0.255859375 0.4270833328125 0.2568359375 0.4283854171875 0.244140625 0.3997395828125 0.240234375 0.390625 0.2451171875 0.3971354171875 0.251953125
1 0.47265625 0.244140625 0.4869791671875 0.2451171875 0.4895833328125 0.2412109375 0.48046875 0.2265625 0.4635416671875 0.2294921875 0.47265625 0.244140625
1 0.48828125 0.205078125 0.484375 0.2080078125 0.4869791671875 0.2138671875 0.5026041671875 0.2255859375 0.5130208328125 0.2197265625 0.5104166671875 0.2119140625 0.4986979171875 0.205078125 0.48828125 0.205078125
1 0.578125 0.1865234375 0.5846354171875 0.1953125 0.59375 0.1943359375 0.6015625 0.1884765625 0.6002604171875 0.17578125 0.58984375 0.177734375 0.578125 0.1865234375
1 0.6393229171875 0.21484375 0.6328125 0.2197265625 0.6328125 0.2333984375 0.6393229171875 0.23828125 0.6432291671875 0.2373046875 0.6497395828125 0.236328125 0.6536458328125 0.2314453125 0.6484375 0.2197265625 0.6393229171875 0.21484375
1 0.6901041671875 0.2138671875 0.6927083328125 0.2216796875 0.70703125 0.232421875 0.7161458328125 0.2314453125 0.71875 0.2216796875 0.7044270828125 0.208984375 0.6966145828125 0.208984375 0.6901041671875 0.2138671875
1 0.5403645828125 0.251953125 0.5364583328125 0.2548828125 0.5390625 0.2646484375 0.5442708328125 0.2724609375 0.5520833328125 0.2763671875 0.5572916671875 0.2724609375 0.5546875 0.2548828125 0.55078125 0.251953125 0.5403645828125 0.251953125
1 0.5546875 0.3056640625 0.5638020828125 0.31640625 0.5703125 0.3154296875 0.578125 0.2958984375 0.5690104171875 0.291015625 0.5611979171875 0.291015625 0.5546875 0.3056640625
1 0.6875 0.2724609375 0.6848958328125 0.2880859375 0.6979166671875 0.2880859375 0.7083333328125 0.2685546875 0.70703125 0.259765625 0.6940104171875 0.26171875 0.6875 0.2724609375
1 0.7447916671875 0.3564453125 0.7473958328125 0.3720703125 0.7578125 0.3720703125 0.7708333328125 0.3505859375 0.7669270828125 0.34375 0.75390625 0.34375 0.7447916671875 0.3564453125
1 0.8098958328125001 0.4091796875 0.8138020828125001 0.412109375 0.8229166671874999 0.4111328125 0.828125 0.4072265625 0.828125 0.4013671875 0.81640625 0.3984375 0.8098958328125001 0.4091796875
1 0.20703125 0.310546875 0.20572916718749998 0.3232421875 0.20963541718749998 0.326171875 0.22395833281250002 0.3251953125 0.23046875 0.32421875 0.23697916718749998 0.3154296875 0.23307291718749998 0.3125 0.20703125 0.310546875
1 0.2747395828125 0.345703125 0.2890625 0.3447265625 0.3072916671875 0.3369140625 0.30078125 0.328125 0.2708333328125 0.3330078125 0.2747395828125 0.345703125
1 0.30859375 0.376953125 0.3046875 0.3857421875 0.3216145828125 0.3984375 0.3307291671875 0.3974609375 0.3333333328125 0.3916015625 0.328125 0.3837890625 0.3190104171875 0.376953125 0.30859375 0.376953125
1 0.3138020828125 0.419921875 0.2955729171875 0.423828125 0.2890625 0.4287109375 0.2955729171875 0.435546875 0.3072916671875 0.4345703125 0.31640625 0.43359375 0.328125 0.4228515625 0.32421875 0.419921875 0.3138020828125 0.419921875
1 0.23177083281250002 0.3876953125 0.24088541718749998 0.396484375 0.265625 0.3974609375 0.2682291671875 0.3896484375 0.24869791718749998 0.380859375 0.24088541718749998 0.37890625 0.23177083281250002 0.3876953125
1 0.22135416718749998 0.5908203125 0.22786458281250002 0.59765625 0.23697916718749998 0.5966796875 0.23697916718749998 0.5810546875 0.22786458281250002 0.578125 0.21875 0.5830078125 0.22135416718749998 0.5908203125
1 0.23828125 0.548828125 0.22395833281250002 0.5615234375 0.22526041718749998 0.56640625 0.2421875 0.5654296875 0.2578125 0.5556640625 0.2578125 0.5517578125 0.24869791718749998 0.544921875 0.23828125 0.548828125
1 0.20703125 0.48046875 0.20052083281250002 0.4853515625 0.20703125 0.494140625 0.23697916718749998 0.5029296875 0.2421875 0.4951171875 0.23567708281250002 0.48828125 0.21484375 0.48046875 0.20703125 0.48046875
1 0.23958333281250002 0.7802734375 0.24348958281250002 0.787109375 0.2604166671875 0.7861328125 0.2708333328125 0.7822265625 0.2643229171875 0.771484375 0.24609375 0.775390625 0.23958333281250002 0.7802734375
1 0.3177083328125 0.7314453125 0.3177083328125 0.7412109375 0.3216145828125 0.744140625 0.3346354171875 0.748046875 0.3463541671875 0.7470703125 0.3463541671875 0.7392578125 0.3372395828125 0.732421875 0.32421875 0.728515625 0.3177083328125 0.7314453125
1 0.3020833328125 0.6494140625 0.2916666671875 0.6630859375 0.2981770828125 0.669921875 0.3046875 0.6689453125 0.3151041671875 0.6591796875 0.3177083328125 0.6513671875 0.3138020828125 0.642578125 0.3020833328125 0.6494140625
1 0.3255208328125 0.6240234375 0.3294270828125 0.626953125 0.34375 0.6259765625 0.3489583328125 0.6044921875 0.33984375 0.6015625 0.328125 0.6103515625 0.3255208328125 0.6240234375
1 0.390625 0.7080078125 0.4075520828125 0.720703125 0.4192708328125 0.7216796875 0.4244791671875 0.7138671875 0.4153645828125 0.70703125 0.39453125 0.705078125 0.390625 0.7080078125
1 0.5416666671875 0.7333984375 0.5481770828125 0.740234375 0.5520833328125 0.7392578125 0.5598958328125 0.7275390625 0.5533854171875 0.71484375 0.5390625 0.7197265625 0.5416666671875 0.7333984375
1 0.671875 0.7666015625 0.671875 0.7724609375 0.6783854171875 0.77734375 0.6901041671875 0.7763671875 0.6927083328125 0.7685546875 0.6861979171875 0.763671875 0.67578125 0.763671875 0.671875 0.7666015625
1 0.6783854171875 0.69921875 0.671875 0.7021484375 0.6744791671875 0.7138671875 0.6875 0.7158203125 0.7057291671875 0.7119140625 0.7083333328125 0.7021484375 0.7044270828125 0.69921875 0.6783854171875 0.69921875
1 0.5260416671875 0.6201171875 0.5260416671875 0.6259765625 0.53515625 0.6328125 0.5494791671875 0.6318359375 0.5546875 0.6279296875 0.5481770828125 0.62109375 0.5377604171875 0.6171875 0.5260416671875 0.6201171875
1 0.4674479171875 0.640625 0.4635416671875 0.6435546875 0.4635416671875 0.6474609375 0.47265625 0.654296875 0.4856770828125 0.66015625 0.5026041671875 0.6611328125 0.5052083328125 0.6552734375 0.48828125 0.64453125 0.4778645828125 0.640625 0.4674479171875 0.640625
1 0.5794270828125 0.58984375 0.5859375 0.5888671875 0.59375 0.5810546875 0.58984375 0.57421875 0.5729166671875 0.5810546875 0.5794270828125 0.58984375
1 0.5234375 0.5166015625 0.5234375 0.5283203125 0.5299479171875 0.53515625 0.5338541671875 0.5341796875 0.5442708328125 0.5185546875 0.5377604171875 0.509765625 0.5299479171875 0.509765625 0.5234375 0.5166015625
1 0.53125 0.5537109375 0.53515625 0.5625 0.5442708328125 0.5615234375 0.5598958328125 0.5498046875 0.5598958328125 0.5458984375 0.5481770828125 0.5390625 0.53125 0.5537109375
1 0.7135416671875 0.6123046875 0.72265625 0.6171875 0.7369791671875 0.6162109375 0.7447916671875 0.6142578125 0.7408854171875 0.6015625 0.72265625 0.603515625 0.7135416671875 0.6123046875
1 0.6744791671875 0.5791015625 0.671875 0.5947265625 0.6901041671875 0.5966796875 0.6927083328125 0.5791015625 0.6888020828125 0.57421875 0.6809895828125 0.57421875 0.6744791671875 0.5791015625
1 0.6536458328125 0.5029296875 0.6432291671875 0.5166015625 0.6497395828125 0.525390625 0.6588541671875 0.5244140625 0.6666666671875 0.5146484375 0.6666666671875 0.5009765625 0.6627604171875 0.498046875 0.6536458328125 0.5029296875
1 0.71875 0.5341796875 0.73046875 0.546875 0.7369791671875 0.5458984375 0.7447916671875 0.5400390625 0.7291666671875 0.5185546875 0.7200520828125 0.517578125 0.71875 0.5341796875
1 0.3958333328125 0.5205078125 0.4075520828125 0.529296875 0.4270833328125 0.5302734375 0.4296875 0.5244140625 0.41015625 0.51171875 0.3984375 0.5146484375 0.3958333328125 0.5205078125
1 0.3854166671875 0.5654296875 0.3919270828125 0.5703125 0.41015625 0.576171875 0.4166666671875 0.5751953125 0.41796875 0.5625 0.3893229171875 0.5546875 0.3828125 0.5576171875 0.3854166671875 0.5654296875
1 0.3645833328125 0.4306640625 0.359375 0.4384765625 0.3658854171875 0.443359375 0.3841145828125 0.44921875 0.390625 0.4482421875 0.4036458328125 0.4443359375 0.39453125 0.4375 0.3736979171875 0.4296875 0.3645833328125 0.4306640625
1 0.46484375 0.4140625 0.4609375 0.4169921875 0.4609375 0.4208984375 0.4700520828125 0.427734375 0.4817708328125 0.4287109375 0.4869791671875 0.4248046875 0.4830729171875 0.41796875 0.4752604171875 0.4140625 0.46484375 0.4140625
1 0.4296875 0.4052734375 0.4296875 0.4111328125 0.4361979171875 0.416015625 0.4401041671875 0.4150390625 0.4583333328125 0.4072265625 0.4635416671875 0.3974609375 0.4596354171875 0.39453125 0.4296875 0.4052734375
1 0.5143229171875 0.44921875 0.5104166671875 0.4521484375 0.5104166671875 0.4716796875 0.5130208328125 0.4794921875 0.5182291671875 0.4794921875 0.5260416671875 0.4755859375 0.5260416671875 0.4697265625 0.5208333328125 0.4501953125 0.5143229171875 0.44921875
1 0.5950520828125 0.439453125 0.5755208328125 0.4541015625 0.5794270828125 0.462890625 0.5885416671875 0.4619140625 0.6041666671875 0.4482421875 0.6067708328125 0.4423828125 0.6028645828125 0.439453125 0.5950520828125 0.439453125
1 0.65625 0.4306640625 0.66015625 0.439453125 0.6744791671875 0.4384765625 0.6875 0.4326171875 0.68359375 0.423828125 0.6627604171875 0.42578125 0.65625 0.4306640625
1 0.7200520828125 0.404296875 0.7161458328125 0.4267578125 0.7200520828125 0.4296875 0.7291666671875 0.4287109375 0.734375 0.4228515625 0.7369791671875 0.4091796875 0.7278645828125 0.404296875 0.7200520828125 0.404296875
1 0.3984375 0.3212890625 0.40625 0.3330078125 0.4153645828125 0.33984375 0.4192708328125 0.3388671875 0.4192708328125 0.3193359375 0.4075520828125 0.3125 0.3997395828125 0.314453125 0.3984375 0.3212890625
1 0.4622395828125 0.3359375 0.4479166671875 0.3525390625 0.4479166671875 0.3603515625 0.4518229171875 0.36328125 0.4583333328125 0.3623046875 0.4635416671875 0.3603515625 0.4713541671875 0.3466796875 0.4713541671875 0.3408203125 0.4622395828125 0.3359375
1 0.53515625 0.3515625 0.5442708328125 0.3505859375 0.5494791671875 0.3427734375 0.5377604171875 0.3359375 0.5286458328125 0.3447265625 0.53515625 0.3515625
1 0.5442708328125 0.3935546875 0.5442708328125 0.4033203125 0.5572916671875 0.4052734375 0.5651041671875 0.3935546875 0.5598958328125 0.3837890625 0.5533854171875 0.3828125 0.5442708328125 0.3935546875
1 0.6263020828125 0.3515625 0.6223958328125 0.3544921875 0.625 0.3740234375 0.62890625 0.376953125 0.6380208328125 0.3759765625 0.6432291671875 0.3740234375 0.640625 0.3564453125 0.6341145828125 0.3515625 0.6263020828125 0.3515625