1 0.265625 0.2138671875 0.265625 0.2275390625 0.26953125 0.23046875 0.28125 0.2294921875 0.2838541671875 0.2138671875 0.27734375 0.208984375 0.26953125 0.208984375 0.265625 0.2138671875
1 0.21875 0.2138671875 0.21354166718749998 0.2255859375 0.22265625 0.23046875 0.234375 0.2294921875 0.23958333281250002 0.2158203125 0.23307291718749998 0.208984375 0.22526041718749998 0.208984375 0.21875 0.2138671875
1 0.3541666671875 0.2060546875 0.3541666671875 0.2119140625 0.3606770828125 0.216796875 0.37890625 0.224609375 0.3854166671875 0.2236328125 0.390625 0.2138671875 0.3841145828125 0.208984375 0.3763020828125 0.205078125 0.3541666671875 0.2060546875
1 0.41796875 0.24609375 0.4140625 0.2490234375 0.4140625 0.2587890625 0.41796875 0.26171875 0.4296875 0.2607421875 0.4479166671875 0.2568359375 0.4479166671875 0.2490234375 0.4440104171875 0.24609375 0.41796875 0.24609375
1 0.5572916671875 0.2041015625 0.5572916671875 0.2158203125 0.5611979171875 0.21875 0.5677083328125 0.2177734375 0.5755208328125 0.2119140625 0.57421875 0.197265625 0.5611979171875 0.197265625 0.5572916671875 0.2041015625
1 0.50390625 0.18359375 0.5052083328125 0.2041015625 0.5091145828125 0.20703125 0.5182291671875 0.2060546875 0.5234375 0.2021484375 0.5234375 0.1962890625 0.5143229171875 0.18359375 0.50390625 0.18359375
1 0.68359375 0.234375 0.671875 0.2451171875 0.6783854171875 0.251953125 0.6848958328125 0.2529296875 0.6901041671875 0.2509765625 0.6979166671875 0.2392578125 0.6966145828125 0.232421875 0.68359375 0.234375
1 0.6067708328125 0.2373046875 0.6158854171875 0.248046875 0.6263020828125 0.251953125 0.6328125 0.2509765625 0.6380208328125 0.2451171875 0.6341145828125 0.236328125 0.61328125 0.232421875 0.6067708328125 0.2373046875
1 0.74609375 0.19921875 0.7291666671875 0.2099609375 0.73046875 0.216796875 0.75 0.2158203125 0.7630208328125 0.2099609375 0.7630208328125 0.2021484375 0.7591145828125 0.19921875 0.74609375 0.19921875
1 0.6927083328125 0.2998046875 0.6966145828125 0.30859375 0.70703125 0.3125 0.7161458328125 0.3115234375 0.7213541671875 0.3056640625 0.7122395828125 0.296875 0.69921875 0.294921875 0.6927083328125 0.2998046875
1 0.7486979171875 0.26953125 0.734375 0.2783203125 0.7408854171875 0.28515625 0.75 0.2841796875 0.7734375 0.2724609375 0.7760416671875 0.2666015625 0.7721354171875 0.263671875 0.7486979171875 0.26953125
1 0.5325520828125 0.2578125 0.5286458328125 0.2607421875 0.53515625 0.271484375 0.5533854171875 0.27734375 0.5677083328125 0.2763671875 0.5677083328125 0.2705078125 0.55859375 0.263671875 0.54296875 0.2578125 0.5325520828125 0.2578125
1 0.5885416671875 0.3525390625 0.6041666671875 0.3525390625 0.6067708328125 0.3369140625 0.6002604171875 0.328125 0.5885416671875 0.3388671875 0.5885416671875 0.3525390625
1 0.6354166671875 0.3408203125 0.6354166671875 0.3505859375 0.6419270828125 0.353515625 0.6536458328125 0.3525390625 0.6666666671875 0.3447265625 0.6666666671875 0.3408203125 0.6393229171875 0.337890625 0.6354166671875 0.3408203125
1 0.3020833328125 0.3017578125 0.30859375 0.3125 0.3203125 0.3115234375 0.3255208328125 0.3076171875 0.31640625 0.298828125 0.3059895828125 0.298828125 0.3020833328125 0.3017578125
1 0.2955729171875 0.267578125 0.2916666671875 0.2802734375 0.3033854171875 0.28515625 0.3151041671875 0.2841796875 0.3216145828125 0.283203125 0.3255208328125 0.2763671875 0.3059895828125 0.267578125 0.2955729171875 0.267578125
1 0.1953125 0.2939453125 0.1953125 0.3154296875 0.20182291718749998 0.322265625 0.21614583281250002 0.3212890625 0.21614583281250002 0.3017578125 0.20442708281250002 0.291015625 0.19921875 0.291015625 0.1953125 0.2939453125
1 0.4440104171875 0.349609375 0.4466145828125 0.353515625 0.4348958328125 0.3525390625 0.44921875 0.361328125 0.4583333328125 0.3623046875 0.4635416671875 0.3603515625 0.4635416671875 0.3525390625 0.4596354171875 0.349609375 0.4440104171875 0.349609375
1 0.3697916671875 0.2900390625 0.3671875 0.3076171875 0.3736979171875 0.3125 0.3776041671875 0.3115234375 0.3854166671875 0.3017578125 0.38671875 0.287109375 0.3736979171875 0.287109375 0.3697916671875 0.2900390625
1 0.3658854171875 0.33203125 0.3541666671875 0.3369140625 0.3541666671875 0.3447265625 0.3580729171875 0.34765625 0.3828125 0.3466796875 0.390625 0.3427734375 0.390625 0.3388671875 0.3763020828125 0.33203125 0.3658854171875 0.33203125
1 0.51171875 0.314453125 0.5104166671875 0.3408203125 0.5182291671875 0.3447265625 0.5286458328125 0.3408203125 0.5286458328125 0.3271484375 0.5208333328125 0.3154296875 0.51171875 0.314453125
1 0.4752604171875 0.37890625 0.4713541671875 0.3818359375 0.4713541671875 0.3896484375 0.4791666671875 0.3994140625 0.4973958328125 0.4052734375 0.5 0.3994140625 0.4921875 0.3876953125 0.4830729171875 0.37890625 0.4752604171875 0.37890625
1 0.59375 0.3974609375 0.6080729171875 0.4140625 0.6197916671875 0.4150390625 0.6223958328125 0.4052734375 0.6145833328125 0.3935546875 0.60546875 0.390625 0.59375 0.3974609375
1 0.2604166671875 0.4794921875 0.2708333328125 0.4794921875 0.2942708328125 0.4697265625 0.28515625 0.458984375 0.265625 0.4677734375 0.2604166671875 0.4794921875
1 0.1927083328125 0.4208984375 0.1875 0.4306640625 0.19140625 0.439453125 0.20052083281250002 0.4384765625 0.21354166718749998 0.4267578125 0.21354166718749998 0.4208984375 0.20182291718749998 0.416015625 0.1927083328125 0.4208984375
1 0.2630208328125 0.4111328125 0.26171875 0.421875 0.28515625 0.4296875 0.2942708328125 0.4287109375 0.296875 0.4228515625 0.2903645828125 0.41796875 0.2721354171875 0.41015625 0.2630208328125 0.4111328125
1 0.3229166671875 0.4287109375 0.33203125 0.435546875 0.3359375 0.4345703125 0.34375 0.4267578125 0.3346354171875 0.419921875 0.3294270828125 0.419921875 0.3229166671875 0.4287109375
1 0.39453125 0.390625 0.3880208328125 0.3955078125 0.390625 0.4072265625 0.3997395828125 0.41796875 0.40625 0.4169921875 0.4114583328125 0.4130859375 0.40625 0.3955078125 0.40234375 0.390625 0.39453125 0.390625
1 0.4244791671875 0.4658203125 0.4283854171875 0.46875 0.4348958328125 0.4677734375 0.4479166671875 0.4599609375 0.4388020828125 0.451171875 0.4244791671875 0.4599609375 0.4244791671875 0.4658203125
1 0.4114583328125 0.4970703125 0.4114583328125 0.5087890625 0.41796875 0.51171875 0.4270833328125 0.5107421875 0.4296875 0.4951171875 0.4231770828125 0.48828125 0.41796875 0.48828125 0.4114583328125 0.4970703125
1 0.3697916671875 0.4892578125 0.3736979171875 0.494140625 0.3984375 0.4931640625 0.40625 0.4892578125 0.40234375 0.482421875 0.3723958328125 0.4814453125 0.3697916671875 0.4892578125
1 0.5169270828125 0.490234375 0.515625 0.4990234375 0.5247395828125 0.50390625 0.5286458328125 0.5029296875 0.5403645828125 0.5 0.5442708328125 0.4951171875 0.5325520828125 0.490234375 0.5169270828125 0.490234375
1 0.5494791671875 0.4404296875 0.5598958328125 0.4462890625 0.5677083328125 0.4423828125 0.5677083328125 0.4384765625 0.5559895828125 0.43359375 0.5494791671875 0.4404296875
1 0.6393229171875 0.51171875 0.65625 0.5126953125 0.65625 0.5068359375 0.6471354171875 0.5 0.6380208328125 0.5029296875 0.6393229171875 0.51171875
1 0.5924479171875 0.47265625 0.578125 0.4794921875 0.5924479171875 0.486328125 0.6015625 0.4853515625 0.6145833328125 0.4814453125 0.6145833328125 0.4736328125 0.6106770828125 0.470703125 0.5924479171875 0.47265625
1 0.7278645828125 0.412109375 0.7239583328125 0.4150390625 0.7278645828125 0.42578125 0.7421875 0.4248046875 0.7591145828125 0.421875 0.765625 0.4169921875 0.7513020828125 0.41015625 0.7278645828125 0.412109375
1 0.7291666671875 0.5029296875 0.7330729171875 0.5078125 0.7473958328125 0.5068359375 0.7473958328125 0.4892578125 0.7356770828125 0.486328125 0.7291666671875 0.4951171875 0.7291666671875 0.5029296875
1 0.7747395828125 0.546875 0.7708333328125 0.5498046875 0.7734375 0.5576171875 0.77734375 0.560546875 0.7838541671875 0.5595703125 0.80078125 0.5546875 0.8020833328125001 0.5478515625 0.7955729171875 0.544921875 0.7747395828125 0.546875
1 0.2942708328125 0.5380859375 0.2942708328125 0.5458984375 0.3033854171875 0.5546875 0.3125 0.5537109375 0.3151041671875 0.5439453125 0.3125 0.5380859375 0.3033854171875 0.533203125 0.2942708328125 0.5380859375
1 0.2265625 0.5595703125 0.23046875 0.5703125 0.2421875 0.5693359375 0.2604166671875 0.5595703125 0.2591145828125 0.552734375 0.24609375 0.55078125 0.2265625 0.5595703125
1 0.3515625 0.5576171875 0.3515625 0.5634765625 0.3580729171875 0.568359375 0.3671875 0.5673828125 0.3828125 0.5576171875 0.3880208328125 0.5498046875 0.3841145828125 0.544921875 0.3515625 0.5576171875
1 0.4739583328125 0.5654296875 0.4778645828125 0.57421875 0.4934895828125 0.58203125 0.5026041671875 0.5810546875 0.5078125 0.5732421875 0.50390625 0.568359375 0.4934895828125 0.564453125 0.4739583328125 0.5654296875
1 0.3541666671875 0.6201171875 0.3580729171875 0.62890625 0.3723958328125 0.6279296875 0.3854166671875 0.6220703125 0.3841145828125 0.6171875 0.36328125 0.615234375 0.3541666671875 0.6201171875
1 0.2942708328125 0.6259765625 0.2916666671875 0.6298828125 0.2981770828125 0.634765625 0.3138020828125 0.642578125 0.3229166671875 0.6416015625 0.3255208328125 0.6396484375 0.31640625 0.62890625 0.3033854171875 0.625 0.2942708328125 0.6259765625
1 0.3203125 0.6689453125 0.3177083328125 0.6884765625 0.32421875 0.697265625 0.3307291671875 0.6962890625 0.3359375 0.6904296875 0.3372395828125 0.666015625 0.32421875 0.666015625 0.3203125 0.6689453125
1 0.4401041671875 0.6728515625 0.4466145828125 0.681640625 0.4674479171875 0.689453125 0.4739583328125 0.6884765625 0.4765625 0.6806640625 0.46484375 0.673828125 0.4544270828125 0.669921875 0.4401041671875 0.6728515625
1 0.4895833328125 0.6630859375 0.4895833328125 0.6689453125 0.49609375 0.673828125 0.5052083328125 0.6728515625 0.5234375 0.6572265625 0.5169270828125 0.650390625 0.5013020828125 0.654296875 0.4895833328125 0.6630859375
1 0.5403645828125 0.724609375 0.5390625 0.7373046875 0.5481770828125 0.748046875 0.5546875 0.7470703125 0.5625 0.7412109375 0.5625 0.7373046875 0.5481770828125 0.724609375 0.5403645828125 0.724609375
1 0.5911458328125 0.6123046875 0.5859375 0.6318359375 0.58984375 0.63671875 0.6015625 0.6376953125 0.6067708328125 0.6298828125 0.6067708328125 0.6142578125 0.59765625 0.60546875 0.5911458328125 0.6123046875
1 0.62890625 0.568359375 0.6223958328125 0.5751953125 0.62890625 0.580078125 0.6536458328125 0.5810546875 0.6666666671875 0.5791015625 0.6666666671875 0.5732421875 0.6575520828125 0.568359375 0.62890625 0.568359375
1 0.6875 0.6162109375 0.6875 0.6201171875 0.7018229171875 0.630859375 0.7213541671875 0.6318359375 0.7135416671875 0.6201171875 0.7018229171875 0.611328125 0.6940104171875 0.611328125 0.6875 0.6162109375
1 0.7239583328125 0.7041015625 0.7356770828125 0.7109375 0.7421875 0.7099609375 0.7473958328125 0.7001953125 0.73828125 0.6953125 0.73046875 0.6953125 0.7239583328125 0.7041015625
1 0.6458333328125 0.6923828125 0.6380208328125 0.7021484375 0.6419270828125 0.708984375 0.6536458328125 0.7099609375 0.6614583328125 0.7001953125 0.6614583328125 0.6884765625 0.6575520828125 0.685546875 0.6458333328125 0.6923828125
1 0.23958333281250002 0.7685546875 0.24869791718749998 0.77734375 0.2526041671875 0.7763671875 0.2682291671875 0.7626953125 0.2643229171875 0.755859375 0.24869791718749998 0.759765625 0.23958333281250002 0.7685546875
1 0.3697916671875 0.7607421875 0.3697916671875 0.7744140625 0.3736979171875 0.77734375 0.3802083328125 0.7763671875 0.3880208328125 0.7705078125 0.38671875 0.751953125 0.3763020828125 0.751953125 0.3697916671875 0.7607421875