1 0.234375 0.2236328125 0.234375 0.2294921875 0.24088541718749998 0.236328125 0.24739583281250002 0.2353515625 0.2552083328125 0.2314453125 0.2604166671875 0.2197265625 0.24348958281250002 0.212890625 0.234375 0.2236328125
1 0.3229166671875 0.2216796875 0.3203125 0.2373046875 0.3268229171875 0.248046875 0.3359375 0.2470703125 0.3411458328125 0.2412109375 0.3411458328125 0.2216796875 0.3268229171875 0.21875 0.3229166671875 0.2216796875
1 0.44140625 0.18359375 0.4375 0.1962890625 0.4505208328125 0.1982421875 0.4557291671875 0.1943359375 0.4557291671875 0.1865234375 0.4518229171875 0.18359375 0.44140625 0.18359375
1 0.49609375 0.21875 0.4895833328125 0.2216796875 0.4895833328125 0.2373046875 0.4934895828125 0.2421875 0.5026041671875 0.2412109375 0.5078125 0.2353515625 0.5078125 0.2275390625 0.5052083328125 0.2216796875 0.49609375 0.21875
1 0.3815104171875 0.21484375 0.3619791671875 0.2275390625 0.3684895828125 0.236328125 0.375 0.2353515625 0.3841145828125 0.232421875 0.4010416671875 0.2197265625 0.3971354171875 0.2109375 0.3815104171875 0.21484375
1 0.4140625 0.2431640625 0.4114583328125 0.2490234375 0.41796875 0.25390625 0.4361979171875 0.263671875 0.4479166671875 0.2626953125 0.4479166671875 0.2529296875 0.4309895828125 0.2421875 0.4205729171875 0.240234375 0.4140625 0.2431640625
1 0.5442708328125 0.2626953125 0.55078125 0.271484375 0.5572916671875 0.2705078125 0.5677083328125 0.2548828125 0.5638020828125 0.2421875 0.5546875 0.2451171875 0.5442708328125 0.2626953125
1 0.7408854171875 0.228515625 0.7265625 0.2431640625 0.7265625 0.2490234375 0.73046875 0.251953125 0.7369791671875 0.2509765625 0.7526041671875 0.2392578125 0.7526041671875 0.2333984375 0.74609375 0.228515625 0.7408854171875 0.228515625
1 0.7786458328125 0.2216796875 0.7786458328125 0.2275390625 0.78515625 0.232421875 0.8125 0.2314453125 0.8151041671874999 0.2216796875 0.80859375 0.216796875 0.7825520828125 0.21875 0.7786458328125 0.2216796875
1 0.7291666671875 0.3916015625 0.7330729171875 0.396484375 0.7473958328125 0.3955078125 0.75 0.3798828125 0.73828125 0.37109375 0.7291666671875 0.3779296875 0.7291666671875 0.3916015625
1 0.6575520828125 0.283203125 0.6536458328125 0.2861328125 0.65625 0.2958984375 0.6705729171875 0.306640625 0.6770833328125 0.3076171875 0.6848958328125 0.3037109375 0.6848958328125 0.2958984375 0.6705729171875 0.28515625 0.6575520828125 0.283203125
1 0.73046875 0.318359375 0.7109375 0.3330078125 0.7083333328125 0.3408203125 0.7122395828125 0.34375 0.7265625 0.3427734375 0.7473958328125 0.3271484375 0.7473958328125 0.3193359375 0.7434895828125 0.31640625 0.73046875 0.318359375
1 0.65234375 0.330078125 0.6458333328125 0.3369140625 0.6484375 0.3427734375 0.66796875 0.357421875 0.6770833328125 0.3583984375 0.6822916671875 0.3564453125 0.6848958328125 0.3447265625 0.6653645828125 0.330078125 0.65234375 0.330078125
1 0.5481770828125 0.33984375 0.5286458328125 0.3544921875 0.53125 0.3623046875 0.53515625 0.365234375 0.5416666671875 0.3642578125 0.5572916671875 0.3505859375 0.5572916671875 0.3427734375 0.5533854171875 0.33984375 0.5481770828125 0.33984375
1 0.32421875 0.31640625 0.3385416671875 0.3154296875 0.33984375 0.306640625 0.3203125 0.3056640625 0.3203125 0.3134765625 0.32421875 0.31640625
1 0.21223958281250002 0.326171875 0.20833333281250002 0.3330078125 0.21354166718749998 0.3408203125 0.21744791718749998 0.34375 0.2265625 0.3427734375 0.23177083281250002 0.3408203125 0.22916666718749998 0.3330078125 0.22005208281250002 0.326171875 0.21223958281250002 0.326171875
1 0.22395833281250002 0.3017578125 0.23046875 0.306640625 0.2552083328125 0.3076171875 0.24609375 0.294921875 0.23567708281250002 0.291015625 0.2265625 0.2939453125 0.22395833281250002 0.3017578125
1 0.23958333281250002 0.3779296875 0.2421875 0.3935546875 0.24609375 0.396484375 0.2578125 0.3955078125 0.2604166671875 0.3779296875 0.25390625 0.373046875 0.24609375 0.373046875 0.23958333281250002 0.3779296875
1 0.2890625 0.3369140625 0.2799479171875 0.330078125 0.27734375 0.330078125 0.2747395828125 0.328125 0.2721354171875 0.328125 0.26953125 0.326171875 0.26171875 0.326171875 0.2578125 0.3291015625 0.2578125 0.3330078125 0.2604166671875 0.3349609375 0.2604166671875 0.3369140625 0.26171875 0.337890625 0.2643229171875 0.337890625 0.26953125 0.341796875 0.2721354171875 0.341796875 0.2799479171875 0.34765625 0.2825520828125 0.34765625 0.2838541671875 0.3466796875 0.2864583328125 0.3447265625 0.2864583328125 0.3427734375 0.2890625 0.3408203125 0.2890625 0.3369140625
1 0.3177083328125 0.3466796875 0.3111979171875 0.341796875 0.2903645828125 0.341796875 0.2864583328125 0.3447265625 0.2864583328125 0.3525390625 0.2890625 0.3544921875 0.2890625 0.3564453125 0.2903645828125 0.357421875 0.30078125 0.357421875 0.3020833328125 0.3564453125 0.3033854171875 0.35546875 0.3111979171875 0.35546875 0.3177083328125 0.3505859375 0.3177083328125 0.3466796875
1 0.3932291671875 0.3271484375 0.4010416671875 0.3271484375 0.4166666671875 0.3173828125 0.4127604171875 0.3125 0.390625 0.3173828125 0.3932291671875 0.3271484375
1 0.3984375 0.3505859375 0.3984375 0.3564453125 0.4049479171875 0.361328125 0.4088541671875 0.3603515625 0.4322916671875 0.3466796875 0.4283854171875 0.341796875 0.4127604171875 0.341796875 0.3984375 0.3505859375
1 0.4635416671875 0.3212890625 0.4778645828125 0.33203125 0.4869791671875 0.3310546875 0.4869791671875 0.3193359375 0.47265625 0.310546875 0.4635416671875 0.3173828125 0.4635416671875 0.3212890625
1 0.6484375 0.2138671875 0.6627604171875 0.224609375 0.6692708328125 0.2236328125 0.6744791671875 0.2158203125 0.6575520828125 0.205078125 0.6497395828125 0.205078125 0.6484375 0.2138671875
1 0.24479166718749998 0.4697265625 0.2513020828125 0.478515625 0.2578125 0.4775390625 0.2682291671875 0.4658203125 0.2643229171875 0.458984375 0.2565104171875 0.458984375 0.24479166718749998 0.4697265625
1 0.3098958328125 0.4150390625 0.3098958328125 0.4208984375 0.3177083328125 0.4306640625 0.3268229171875 0.4375 0.3307291671875 0.4365234375 0.3333333328125 0.4248046875 0.328125 0.4150390625 0.3190104171875 0.41015625 0.3098958328125 0.4150390625
1 0.3151041671875 0.4677734375 0.3151041671875 0.4814453125 0.3307291671875 0.4814453125 0.3359375 0.4619140625 0.3294270828125 0.455078125 0.32421875 0.455078125 0.3151041671875 0.4677734375
1 0.4205729171875 0.412109375 0.4153645828125 0.40234375 0.3997395828125 0.40234375 0.4010416671875 0.4130859375 0.4153645828125 0.421875 0.4205729171875 0.421875 0.4283854171875 0.4296875 0.4322916671875 0.4287109375 0.4375 0.4267578125 0.4375 0.4052734375 0.42578125 0.3984375 0.4205729171875 0.412109375
1 0.5052083328125 0.4267578125 0.5026041671875 0.4423828125 0.5091145828125 0.4453125 0.5208333328125 0.4443359375 0.5234375 0.4306640625 0.5182291671875 0.4228515625 0.51171875 0.421875 0.5052083328125 0.4267578125
1 0.5794270828125 0.44921875 0.5755208328125 0.4619140625 0.5833333328125 0.4736328125 0.5872395828125 0.4765625 0.59375 0.4755859375 0.6015625 0.4716796875 0.6015625 0.4677734375 0.5911458328125 0.4541015625 0.5794270828125 0.44921875
1 0.59765625 0.501953125 0.5963541671875 0.5068359375 0.6067708328125 0.5185546875 0.6158854171875 0.5234375 0.6223958328125 0.5224609375 0.625 0.5126953125 0.6171875 0.5029296875 0.6106770828125 0.498046875 0.59765625 0.501953125
1 0.5390625 0.4052734375 0.5390625 0.4111328125 0.54296875 0.4140625 0.5494791671875 0.4130859375 0.5703125 0.4013671875 0.5638020828125 0.392578125 0.5559895828125 0.392578125 0.5390625 0.4052734375
1 0.7890625 0.5556640625 0.79296875 0.55859375 0.8072916671874999 0.5576171875 0.8098958328125001 0.5419921875 0.7981770828125 0.5390625 0.7890625 0.5478515625 0.7890625 0.5556640625
1 0.6901041671875 0.5400390625 0.6940104171875 0.548828125 0.7057291671875 0.5498046875 0.71875 0.5361328125 0.7174479171875 0.53125 0.7044270828125 0.53125 0.6901041671875 0.5400390625
1 0.6940104171875 0.451171875 0.6901041671875 0.4541015625 0.6848958328125 0.4658203125 0.6848958328125 0.4736328125 0.6901041671875 0.4736328125 0.7057291671875 0.4658203125 0.7109375 0.4580078125 0.70703125 0.453125 0.6940104171875 0.451171875
1 0.7356770828125 0.61328125 0.7421875 0.6123046875 0.7447916671875 0.6044921875 0.7356770828125 0.6015625 0.7317708328125 0.6103515625 0.7356770828125 0.61328125
1 0.7864583328125 0.6025390625 0.7864583328125 0.6103515625 0.7903645828125 0.61328125 0.7994791671875 0.6123046875 0.8072916671874999 0.6044921875 0.8033854171874999 0.59765625 0.7955729171875 0.59765625 0.7864583328125 0.6025390625
1 0.7578125 0.6396484375 0.7552083328125 0.6494140625 0.7591145828125 0.65234375 0.7942708328125 0.6572265625 0.796875 0.6513671875 0.7877604171875 0.642578125 0.7721354171875 0.638671875 0.7578125 0.6396484375
1 0.4713541671875 0.5380859375 0.4778645828125 0.546875 0.4869791671875 0.5458984375 0.5026041671875 0.5341796875 0.4986979171875 0.525390625 0.48828125 0.52734375 0.4713541671875 0.5380859375
1 0.57421875 0.560546875 0.58984375 0.56640625 0.5989583328125 0.5654296875 0.6002604171875 0.552734375 0.58203125 0.548828125 0.5677083328125 0.5537109375 0.57421875 0.560546875
1 0.3463541671875 0.5673828125 0.3528645828125 0.57421875 0.359375 0.5732421875 0.3671875 0.5498046875 0.35546875 0.546875 0.3489583328125 0.5517578125 0.3463541671875 0.5673828125
1 0.3671875 0.5322265625 0.3736979171875 0.537109375 0.3854166671875 0.5361328125 0.3776041671875 0.5126953125 0.3658854171875 0.51171875 0.3619791671875 0.5205078125 0.3671875 0.5322265625
1 0.2721354171875 0.521484375 0.3046875 0.5205078125 0.3059895828125 0.5078125 0.2799479171875 0.5078125 0.2682291671875 0.5146484375 0.2721354171875 0.521484375
1 0.4479166671875 0.6845703125 0.4479166671875 0.7001953125 0.4583333328125 0.7001953125 0.4635416671875 0.6943359375 0.4635416671875 0.6826171875 0.4518229171875 0.6796875 0.4479166671875 0.6845703125
1 0.5026041671875 0.6591796875 0.5065104171875 0.666015625 0.5208333328125 0.6669921875 0.5260416671875 0.6630859375 0.5169270828125 0.654296875 0.5091145828125 0.654296875 0.5026041671875 0.6591796875
1 0.4895833328125 0.6142578125 0.49609375 0.619140625 0.5026041671875 0.6181640625 0.5078125 0.6005859375 0.50390625 0.595703125 0.4986979171875 0.595703125 0.4895833328125 0.6142578125
1 0.7513020828125 0.75 0.765625 0.7490234375 0.7643229171875 0.736328125 0.7486979171875 0.736328125 0.7447916671875 0.7392578125 0.7513020828125 0.75
1 0.6861979171875 0.73828125 0.6822916671875 0.7412109375 0.69921875 0.75390625 0.7122395828125 0.759765625 0.7213541671875 0.7587890625 0.7265625 0.7490234375 0.71484375 0.7421875 0.7044270828125 0.73828125 0.6861979171875 0.73828125
1 0.4010416671875 0.6064453125 0.4010416671875 0.6123046875 0.4036458328125 0.6181640625 0.4127604171875 0.625 0.4166666671875 0.6240234375 0.421875 0.6201171875 0.4192708328125 0.6064453125 0.4075520828125 0.603515625 0.4010416671875 0.6064453125
1 0.22135416718749998 0.6552734375 0.22265625 0.662109375 0.23697916718749998 0.6630859375 0.24479166718749998 0.6513671875 0.24088541718749998 0.642578125 0.23046875 0.646484375 0.22135416718749998 0.6552734375
1 0.2825520828125 0.611328125 0.28125 0.6181640625 0.2864583328125 0.6240234375 0.3033854171875 0.634765625 0.3125 0.6357421875 0.3177083328125 0.6318359375 0.3125 0.6240234375 0.29296875 0.609375 0.2825520828125 0.611328125
1 0.3736979171875 0.681640625 0.3658854171875 0.681640625 0.3567708328125 0.6943359375 0.3541666671875 0.7041015625 0.3619791671875 0.7060546875 0.37109375 0.703125 0.3802083328125 0.6923828125 0.3802083328125 0.6865234375 0.3736979171875 0.681640625
1 0.4752604171875 0.734375 0.4609375 0.7392578125 0.4622395828125 0.74609375 0.4791666671875 0.7490234375 0.4934895828125 0.748046875 0.5026041671875 0.7431640625 0.49609375 0.732421875 0.4752604171875 0.734375
1 0.21875 0.7646484375 0.22526041718749998 0.771484375 0.2526041671875 0.7724609375 0.2552083328125 0.7666015625 0.23828125 0.7578125 0.22786458281250002 0.7578125 0.21875 0.7646484375