1 0.2552083328125 0.7041015625 0.2591145828125 0.7109375 0.2708333328125 0.7099609375 0.2734375 0.6904296875 0.2643229171875 0.6875 0.2552083328125 0.6962890625 0.2552083328125 0.7041015625
1 0.20703125 0.748046875 0.203125 0.7509765625 0.20182291718749998 0.76171875 0.2265625 0.7626953125 0.23177083281250002 0.7607421875 0.23177083281250002 0.7548828125 0.22526041718749998 0.75 0.20703125 0.748046875
1 0.4270833328125 0.6240234375 0.43359375 0.62890625 0.4583333328125 0.6279296875 0.4609375 0.6181640625 0.45703125 0.615234375 0.44140625 0.615234375 0.4270833328125 0.6240234375
1 0.37109375 0.640625 0.3489583328125 0.6513671875 0.3502604171875 0.66015625 0.3645833328125 0.6591796875 0.3880208328125 0.6494140625 0.390625 0.6435546875 0.3841145828125 0.638671875 0.37109375 0.640625
1 0.328125 0.6962890625 0.328125 0.7001953125 0.3372395828125 0.705078125 0.3580729171875 0.708984375 0.3697916671875 0.7080078125 0.3723958328125 0.6962890625 0.3684895828125 0.693359375 0.3346354171875 0.69140625 0.328125 0.6962890625
1 0.2265625 0.5615234375 0.23046875 0.568359375 0.23958333281250002 0.5673828125 0.2526041671875 0.5595703125 0.24869791718749998 0.55078125 0.24088541718749998 0.55078125 0.2265625 0.5615234375
1 0.3020833328125 0.5888671875 0.31640625 0.59765625 0.3333333328125 0.5986328125 0.3346354171875 0.587890625 0.3190104171875 0.583984375 0.3020833328125 0.5849609375 0.3020833328125 0.5888671875
1 0.3033854171875 0.51171875 0.2838541671875 0.5283203125 0.2877604171875 0.53125 0.2994791671875 0.5302734375 0.3138020828125 0.525390625 0.3203125 0.5185546875 0.3111979171875 0.509765625 0.3033854171875 0.51171875
1 0.3815104171875 0.5078125 0.3736979171875 0.5078125 0.3671875 0.5126953125 0.359375 0.5322265625 0.36328125 0.53515625 0.3697916671875 0.5341796875 0.3802083328125 0.5283203125 0.3854166671875 0.5205078125 0.3880208328125 0.5107421875 0.3815104171875 0.5078125
1 0.4453125 0.5400390625 0.44921875 0.544921875 0.46484375 0.55078125 0.4739583328125 0.5498046875 0.4765625 0.5419921875 0.47265625 0.5390625 0.44921875 0.537109375 0.4453125 0.5400390625
1 0.5221354171875 0.52734375 0.5442708328125 0.5263671875 0.54296875 0.515625 0.51953125 0.515625 0.5130208328125 0.5205078125 0.5221354171875 0.52734375
1 0.5625 0.6708984375 0.5703125 0.6728515625 0.578125 0.6611328125 0.57421875 0.65234375 0.5638020828125 0.65234375 0.5625 0.6708984375
1 0.5260416671875 0.7666015625 0.5260416671875 0.7705078125 0.5325520828125 0.7734375 0.5442708328125 0.7724609375 0.5572916671875 0.7685546875 0.55078125 0.75390625 0.5403645828125 0.755859375 0.5260416671875 0.7666015625
1 0.515625 0.7080078125 0.51953125 0.716796875 0.53125 0.7177734375 0.5416666671875 0.7041015625 0.53515625 0.69140625 0.5234375 0.6982421875 0.515625 0.7080078125
1 0.5755208328125 0.5947265625 0.5833333328125 0.5888671875 0.5716145828125 0.58203125 0.5625 0.5947265625 0.5755208328125 0.5947265625
1 0.6861979171875 0.583984375 0.6822916671875 0.5869140625 0.6822916671875 0.5966796875 0.69140625 0.60546875 0.6979166671875 0.6044921875 0.7057291671875 0.6005859375 0.7057291671875 0.5966796875 0.69140625 0.583984375 0.6861979171875 0.583984375
1 0.6276041671875 0.6083984375 0.6276041671875 0.6162109375 0.6341145828125 0.62109375 0.6497395828125 0.626953125 0.65625 0.6259765625 0.6614583328125 0.6181640625 0.6575520828125 0.61328125 0.63671875 0.60546875 0.6276041671875 0.6083984375
1 0.73828125 0.677734375 0.7630208328125 0.6767578125 0.7760416671875 0.6689453125 0.76953125 0.658203125 0.7369791671875 0.6728515625 0.73828125 0.677734375
1 0.7317708328125 0.7412109375 0.7408854171875 0.748046875 0.75 0.7470703125 0.7552083328125 0.7431640625 0.7552083328125 0.7373046875 0.7408854171875 0.732421875 0.7317708328125 0.7412109375
1 0.77734375 0.53125 0.7682291671875 0.5400390625 0.7708333328125 0.5517578125 0.7760416671875 0.5537109375 0.7916666671875 0.5400390625 0.7916666671875 0.5361328125 0.7825520828125 0.53125 0.77734375 0.53125
1 0.7057291671875 0.5224609375 0.7057291671875 0.5400390625 0.7213541671875 0.5400390625 0.7239583328125 0.5244140625 0.71484375 0.515625 0.7096354171875 0.515625 0.7057291671875 0.5224609375
1 0.6953125 0.4677734375 0.69921875 0.470703125 0.7083333328125 0.4697265625 0.7109375 0.4599609375 0.70703125 0.45703125 0.6966145828125 0.45703125 0.6953125 0.4677734375
1 0.6497395828125 0.462890625 0.6458333328125 0.4658203125 0.6458333328125 0.4736328125 0.66015625 0.486328125 0.6666666671875 0.4853515625 0.6744791671875 0.4814453125 0.6744791671875 0.4775390625 0.6549479171875 0.462890625 0.6497395828125 0.462890625
1 0.3697916671875 0.4228515625 0.3763020828125 0.4296875 0.4088541671875 0.4287109375 0.4088541671875 0.4208984375 0.3971354171875 0.416015625 0.3815104171875 0.416015625 0.3697916671875 0.4228515625
1 0.3111979171875 0.439453125 0.3072916671875 0.4423828125 0.3138020828125 0.453125 0.3294270828125 0.458984375 0.3359375 0.4580078125 0.3411458328125 0.4541015625 0.33984375 0.4453125 0.3216145828125 0.439453125 0.3111979171875 0.439453125
1 0.44140625 0.4453125 0.4375 0.4501953125 0.4401041671875 0.4736328125 0.4479166671875 0.4775390625 0.4583333328125 0.4677734375 0.4583333328125 0.4482421875 0.4544270828125 0.4453125 0.44140625 0.4453125
1 0.58203125 0.380859375 0.5963541671875 0.3798828125 0.5950520828125 0.369140625 0.58203125 0.369140625 0.5729166671875 0.3740234375 0.58203125 0.380859375
1 0.5286458328125 0.4228515625 0.5325520828125 0.42578125 0.5442708328125 0.4248046875 0.546875 0.4072265625 0.53515625 0.3984375 0.53125 0.4013671875 0.5286458328125 0.4228515625
1 0.5442708328125 0.4501953125 0.5481770828125 0.455078125 0.5598958328125 0.4560546875 0.5807291671875 0.4384765625 0.57421875 0.431640625 0.5690104171875 0.431640625 0.5442708328125 0.4501953125
1 0.6002604171875 0.39453125 0.5807291671875 0.4013671875 0.5846354171875 0.41015625 0.5989583328125 0.4091796875 0.6158854171875 0.40625 0.6223958328125 0.4013671875 0.61328125 0.39453125 0.6002604171875 0.39453125
1 0.6770833328125 0.3876953125 0.6875 0.3896484375 0.6901041671875 0.3759765625 0.6783854171875 0.3671875 0.6666666671875 0.3740234375 0.6770833328125 0.3876953125
1 0.734375 0.3662109375 0.7369791671875 0.3720703125 0.74609375 0.376953125 0.7630208328125 0.3779296875 0.7682291671875 0.3720703125 0.7669270828125 0.365234375 0.7408854171875 0.361328125 0.734375 0.3662109375
1 0.8072916671874999 0.3974609375 0.8072916671874999 0.4033203125 0.8138020828125001 0.408203125 0.8229166671874999 0.4072265625 0.8385416671874999 0.3974609375 0.8411458328125001 0.3837890625 0.8372395828125001 0.380859375 0.8072916671874999 0.3974609375
1 0.21354166718749998 0.3232421875 0.22005208281250002 0.33203125 0.2265625 0.3310546875 0.23177083281250002 0.3095703125 0.21744791718749998 0.306640625 0.21354166718749998 0.3095703125 0.21354166718749998 0.3232421875
1 0.23177083281250002 0.3955078125 0.23567708281250002 0.404296875 0.2630208328125 0.4033203125 0.265625 0.3935546875 0.26171875 0.390625 0.24088541718749998 0.390625 0.23177083281250002 0.3955078125
1 0.2747395828125 0.33984375 0.2604166671875 0.3505859375 0.2643229171875 0.359375 0.2734375 0.3583984375 0.2825520828125 0.35546875 0.2916666671875 0.3466796875 0.28515625 0.337890625 0.2747395828125 0.33984375
1 0.1901041671875 0.1650390625 0.1901041671875 0.1728515625 0.1940104171875 0.17578125 0.21354166718749998 0.1748046875 0.21875 0.1689453125 0.21223958281250002 0.16015625 0.19921875 0.16015625 0.1901041671875 0.1650390625
1 0.3151041671875 0.1982421875 0.32421875 0.20703125 0.3359375 0.2060546875 0.3385416671875 0.1982421875 0.33203125 0.189453125 0.3151041671875 0.1923828125 0.3151041671875 0.1982421875
1 0.24739583281250002 0.2041015625 0.24479166718749998 0.2158203125 0.25 0.2255859375 0.25390625 0.228515625 0.2604166671875 0.2275390625 0.2682291671875 0.2158203125 0.2682291671875 0.2041015625 0.25390625 0.19921875 0.24739583281250002 0.2041015625
1 0.3658854171875 0.267578125 0.359375 0.2783203125 0.3684895828125 0.28515625 0.3802083328125 0.2861328125 0.3854166671875 0.2822265625 0.3828125 0.2763671875 0.37109375 0.267578125 0.3658854171875 0.267578125
1 0.2708333328125 0.2666015625 0.2721354171875 0.279296875 0.3020833328125 0.2802734375 0.3072916671875 0.2783203125 0.3072916671875 0.2744140625 0.30078125 0.26953125 0.2708333328125 0.2666015625
1 0.3333333328125 0.2978515625 0.3359375 0.3076171875 0.34375 0.3095703125 0.3645833328125 0.2978515625 0.36328125 0.287109375 0.3580729171875 0.28515625 0.3333333328125 0.2978515625
1 0.4427083328125 0.3349609375 0.4544270828125 0.34765625 0.46875 0.3505859375 0.4713541671875 0.3466796875 0.4596354171875 0.330078125 0.4518229171875 0.330078125 0.4427083328125 0.3349609375
1 0.3763020828125 0.330078125 0.3645833328125 0.3408203125 0.3619791671875 0.3525390625 0.3723958328125 0.3525390625 0.390625 0.3388671875 0.390625 0.3349609375 0.3815104171875 0.330078125 0.3763020828125 0.330078125
1 0.4192708328125 0.2255859375 0.421875 0.2392578125 0.4296875 0.2392578125 0.4479166671875 0.2197265625 0.4388020828125 0.2109375 0.43359375 0.2109375 0.4192708328125 0.2255859375
1 0.56640625 0.205078125 0.5546875 0.2177734375 0.55859375 0.224609375 0.5677083328125 0.2236328125 0.5807291671875 0.2158203125 0.5807291671875 0.2099609375 0.57421875 0.203125 0.56640625 0.205078125
1 0.4934895828125 0.171875 0.4869791671875 0.1767578125 0.4869791671875 0.1923828125 0.4934895828125 0.197265625 0.5 0.1962890625 0.5052083328125 0.1923828125 0.5052083328125 0.1806640625 0.5026041671875 0.1748046875 0.4934895828125 0.171875
1 0.5286458328125 0.2822265625 0.5364583328125 0.2841796875 0.5442708328125 0.2802734375 0.5377604171875 0.26953125 0.5260416671875 0.2744140625 0.5286458328125 0.2822265625
1 0.4973958328125 0.2998046875 0.4973958328125 0.3076171875 0.5013020828125 0.310546875 0.5169270828125 0.318359375 0.5260416671875 0.3173828125 0.53125 0.3095703125 0.5247395828125 0.3046875 0.5091145828125 0.296875 0.4973958328125 0.2998046875
1 0.609375 0.3154296875 0.609375 0.3251953125 0.61328125 0.328125 0.6328125 0.3271484375 0.6432291671875 0.3232421875 0.6458333328125 0.3193359375 0.6419270828125 0.314453125 0.609375 0.3154296875
1 0.6458333328125 0.2490234375 0.6510416671875 0.2587890625 0.6627604171875 0.265625 0.671875 0.2646484375 0.6666666671875 0.2451171875 0.6627604171875 0.2421875 0.65234375 0.244140625 0.6458333328125 0.2490234375
1 0.6979166671875 0.1708984375 0.6979166671875 0.1806640625 0.7057291671875 0.1826171875 0.71875 0.1689453125 0.7122395828125 0.16015625 0.7044270828125 0.16015625 0.6979166671875 0.1708984375
1 0.80859375 0.173828125 0.7994791671875 0.1787109375 0.7994791671875 0.1982421875 0.8059895828125001 0.203125 0.8125 0.2021484375 0.8203125 0.1982421875 0.8203125 0.1865234375 0.8177083328125001 0.1787109375 0.80859375 0.173828125
1 0.7330729171875 0.26171875 0.7265625 0.2666015625 0.73046875 0.275390625 0.7447916671875 0.2744140625 0.7526041671875 0.2705078125 0.7552083328125 0.2646484375 0.7513020828125 0.26171875 0.7330729171875 0.26171875
1 0.7955729171875 0.291015625 0.7799479171875 0.291015625 0.7734375 0.2958984375 0.78515625 0.3046875 0.7981770828125 0.30859375 0.8098958328125001 0.3076171875 0.8177083328125001 0.3037109375 0.8177083328125001 0.2998046875 0.80859375 0.294921875 0.7955729171875 0.291015625