1 0.22786458281250002 0.21484375 0.21875 0.2216796875 0.22526041718749998 0.23046875 0.23697916718749998 0.2294921875 0.24739583281250002 0.2255859375 0.24739583281250002 0.2197265625 0.24088541718749998 0.212890625 0.22786458281250002 0.21484375
1 0.2864583328125 0.2373046875 0.3059895828125 0.251953125 0.3125 0.2529296875 0.3177083328125 0.2412109375 0.3059895828125 0.232421875 0.2903645828125 0.228515625 0.2864583328125 0.2373046875
1 0.4270833328125 0.1904296875 0.4361979171875 0.197265625 0.4427083328125 0.1962890625 0.4479166671875 0.1884765625 0.44140625 0.181640625 0.43359375 0.181640625 0.4270833328125 0.1904296875
1 0.4817708328125 0.2236328125 0.4856770828125 0.228515625 0.4895833328125 0.2275390625 0.5052083328125 0.2119140625 0.4934895828125 0.205078125 0.484375 0.2119140625 0.4817708328125 0.2236328125
1 0.4348958328125 0.2255859375 0.453125 0.2255859375 0.4635416671875 0.2138671875 0.44921875 0.20703125 0.4375 0.2158203125 0.4348958328125 0.2255859375
1 0.6497395828125 0.216796875 0.65625 0.2158203125 0.6549479171875 0.205078125 0.6380208328125 0.2060546875 0.6419270828125 0.212890625 0.6497395828125 0.216796875
1 0.7213541671875 0.2255859375 0.7200520828125 0.23828125 0.7473958328125 0.2392578125 0.75 0.2333984375 0.7434895828125 0.2265625 0.73046875 0.22265625 0.7213541671875 0.2255859375
1 0.7760416671875 0.2138671875 0.7760416671875 0.2197265625 0.7825520828125 0.224609375 0.8072916671874999 0.2255859375 0.8125 0.2138671875 0.80859375 0.2109375 0.7799479171875 0.2109375 0.7760416671875 0.2138671875
1 0.1940104171875 0.337890625 0.1875 0.3486328125 0.1940104171875 0.353515625 0.20833333281250002 0.3564453125 0.21354166718749998 0.3544921875 0.21354166718749998 0.3466796875 0.19921875 0.337890625 0.1940104171875 0.337890625
1 0.21875 0.3701171875 0.21875 0.3779296875 0.22916666718749998 0.3818359375 0.23958333281250002 0.3759765625 0.24479166718749998 0.3662109375 0.23046875 0.357421875 0.21875 0.3701171875
1 0.3489583328125 0.2919921875 0.3502604171875 0.30078125 0.3697916671875 0.3017578125 0.375 0.2978515625 0.37109375 0.291015625 0.3528645828125 0.2890625 0.3489583328125 0.2919921875
1 0.26953125 0.318359375 0.2630208328125 0.3291015625 0.2630208328125 0.3369140625 0.2669270828125 0.33984375 0.2734375 0.3388671875 0.2838541671875 0.3330078125 0.2864583328125 0.3251953125 0.2799479171875 0.318359375 0.26953125 0.318359375
1 0.31640625 0.298828125 0.3046875 0.3037109375 0.2942708328125 0.3173828125 0.2942708328125 0.3232421875 0.3046875 0.3251953125 0.3203125 0.3154296875 0.3255208328125 0.3076171875 0.3255208328125 0.3037109375 0.31640625 0.298828125
1 0.6184895828125 0.306640625 0.6458333328125 0.3056640625 0.65625 0.2978515625 0.65234375 0.294921875 0.6171875 0.2958984375 0.6184895828125 0.306640625
1 0.5677083328125 0.3193359375 0.58984375 0.3359375 0.5989583328125 0.3349609375 0.6041666671875 0.3291015625 0.5872395828125 0.314453125 0.5677083328125 0.3134765625 0.5677083328125 0.3193359375
1 0.796875 0.4150390625 0.8033854171874999 0.421875 0.8125 0.4208984375 0.8125 0.3994140625 0.80078125 0.396484375 0.7942708328125 0.3994140625 0.796875 0.4150390625
1 0.7317708328125 0.3662109375 0.7291666671875 0.3779296875 0.7356770828125 0.380859375 0.7473958328125 0.3798828125 0.7526041671875 0.3720703125 0.7526041671875 0.3623046875 0.7434895828125 0.357421875 0.7317708328125 0.3662109375
1 0.7135416671875 0.3271484375 0.7135416671875 0.3330078125 0.7200520828125 0.337890625 0.7526041671875 0.3388671875 0.7552083328125 0.3310546875 0.7513020828125 0.326171875 0.7200520828125 0.32421875 0.7135416671875 0.3271484375
1 0.6888020828125 0.330078125 0.6875 0.3369140625 0.6979166671875 0.3544921875 0.7044270828125 0.359375 0.7109375 0.3583984375 0.7135416671875 0.3388671875 0.7083333328125 0.3310546875 0.7044270828125 0.328125 0.6888020828125 0.330078125
1 0.421875 0.3623046875 0.421875 0.3662109375 0.4283854171875 0.369140625 0.4427083328125 0.3681640625 0.4557291671875 0.3623046875 0.44921875 0.3515625 0.4309895828125 0.35546875 0.421875 0.3623046875
1 0.5182291671875 0.3662109375 0.5234375 0.3798828125 0.53515625 0.388671875 0.5442708328125 0.3896484375 0.546875 0.3857421875 0.5338541671875 0.3662109375 0.5221354171875 0.36328125 0.5182291671875 0.3662109375
1 0.3802083328125 0.4150390625 0.3854166671875 0.4228515625 0.40234375 0.43359375 0.4140625 0.4345703125 0.421875 0.4267578125 0.40234375 0.4140625 0.3841145828125 0.412109375 0.3802083328125 0.4150390625
1 0.4427083328125 0.3837890625 0.4375 0.3935546875 0.4375 0.4013671875 0.44140625 0.404296875 0.4505208328125 0.4033203125 0.4609375 0.3896484375 0.4609375 0.3818359375 0.4544270828125 0.37890625 0.4427083328125 0.3837890625
1 0.4973958328125 0.3271484375 0.4921875 0.3369140625 0.4921875 0.3466796875 0.49609375 0.349609375 0.5026041671875 0.3486328125 0.515625 0.3330078125 0.515625 0.3271484375 0.5065104171875 0.322265625 0.4973958328125 0.3271484375
1 0.5963541671875 0.4013671875 0.6080729171875 0.412109375 0.6223958328125 0.4111328125 0.6197916671875 0.4013671875 0.6080729171875 0.392578125 0.5963541671875 0.3974609375 0.5963541671875 0.4013671875
1 0.5716145828125 0.453125 0.5677083328125 0.4580078125 0.5703125 0.4638671875 0.57421875 0.466796875 0.5807291671875 0.4658203125 0.60546875 0.46484375 0.6119791671875 0.4560546875 0.6080729171875 0.453125 0.5716145828125 0.453125
1 0.6536458328125 0.5283203125 0.6536458328125 0.5419921875 0.6575520828125 0.544921875 0.6640625 0.5439453125 0.671875 0.5361328125 0.6692708328125 0.5224609375 0.6653645828125 0.51953125 0.6536458328125 0.5283203125
1 0.7161458328125 0.4990234375 0.72265625 0.5078125 0.7421875 0.5068359375 0.7447916671875 0.4990234375 0.7408854171875 0.494140625 0.7200520828125 0.49609375 0.7161458328125 0.4990234375
1 0.7578125 0.4580078125 0.7721354171875 0.46484375 0.7838541671875 0.4638671875 0.7942708328125 0.4619140625 0.7903645828125 0.44921875 0.7721354171875 0.451171875 0.7578125 0.4580078125
1 0.6822916671875 0.5419921875 0.6822916671875 0.5458984375 0.6940104171875 0.552734375 0.7109375 0.5517578125 0.7135416671875 0.5419921875 0.7096354171875 0.5390625 0.6888020828125 0.5390625 0.6822916671875 0.5419921875
1 0.7109375 0.6240234375 0.7109375 0.6279296875 0.7252604171875 0.640625 0.7330729171875 0.64453125 0.7395833328125 0.6435546875 0.7447916671875 0.6357421875 0.7356770828125 0.62890625 0.72265625 0.623046875 0.7109375 0.6240234375
1 0.6080729171875 0.609375 0.59375 0.6220703125 0.59375 0.6259765625 0.6028645828125 0.6328125 0.6067708328125 0.6318359375 0.6223958328125 0.6181640625 0.6223958328125 0.6103515625 0.6184895828125 0.607421875 0.6080729171875 0.609375
1 0.6236979171875 0.568359375 0.625 0.5830078125 0.63671875 0.591796875 0.6458333328125 0.5927734375 0.6536458328125 0.5849609375 0.6510416671875 0.5810546875 0.6341145828125 0.5703125 0.6236979171875 0.568359375
1 0.8098958328125001 0.6201171875 0.8177083328125001 0.6240234375 0.828125 0.6201171875 0.8216145828125001 0.609375 0.8098958328125001 0.6142578125 0.8098958328125001 0.6201171875
1 0.5833333328125 0.7275390625 0.5846354171875 0.734375 0.5885416671875 0.7333984375 0.5885416671875 0.7255859375 0.5846354171875 0.72265625 0.5755208328125 0.7255859375 0.5833333328125 0.7275390625
1 0.5807291671875 0.7353515625 0.57421875 0.7265625 0.5677083328125 0.7314453125 0.5716145828125 0.736328125 0.5807291671875 0.7353515625
1 0.6692708328125 0.7509765625 0.67578125 0.75390625 0.6848958328125 0.7529296875 0.6875 0.7412109375 0.68359375 0.73828125 0.6705729171875 0.73828125 0.6692708328125 0.7509765625
1 0.62109375 0.6640625 0.6171875 0.6767578125 0.625 0.6865234375 0.6328125 0.6884765625 0.640625 0.6845703125 0.640625 0.6806640625 0.6302083328125 0.6669921875 0.62109375 0.6640625
1 0.71484375 0.70703125 0.7135416671875 0.7216796875 0.734375 0.7373046875 0.7447916671875 0.7314453125 0.7447916671875 0.7275390625 0.7200520828125 0.70703125 0.71484375 0.70703125
1 0.1901041671875 0.6376953125 0.1979166671875 0.6474609375 0.20442708281250002 0.65234375 0.20833333281250002 0.6513671875 0.2109375 0.6357421875 0.20182291718749998 0.62890625 0.19140625 0.6328125 0.1901041671875 0.6376953125
1 0.2760416671875 0.6806640625 0.2760416671875 0.6884765625 0.2799479171875 0.69140625 0.2864583328125 0.6904296875 0.3020833328125 0.6787109375 0.3033854171875 0.669921875 0.2903645828125 0.671875 0.2760416671875 0.6806640625
1 0.2877604171875 0.74609375 0.2838541671875 0.7490234375 0.2838541671875 0.7587890625 0.2877604171875 0.76171875 0.2942708328125 0.7607421875 0.31640625 0.755859375 0.3177083328125 0.7490234375 0.3033854171875 0.744140625 0.2877604171875 0.74609375
1 0.4127604171875 0.73046875 0.4114583328125 0.7353515625 0.421875 0.7470703125 0.43359375 0.755859375 0.4401041671875 0.7548828125 0.4479166671875 0.7490234375 0.4401041671875 0.7392578125 0.4309895828125 0.732421875 0.4127604171875 0.73046875
1 0.2578125 0.5185546875 0.26171875 0.521484375 0.28125 0.5205078125 0.2864583328125 0.5146484375 0.2799479171875 0.509765625 0.2578125 0.5087890625 0.2578125 0.5185546875
1 0.3385416671875 0.5400390625 0.3190104171875 0.525390625 0.3098958328125 0.5322265625 0.3151041671875 0.5419921875 0.3294270828125 0.552734375 0.33984375 0.5546875 0.3411458328125 0.5615234375 0.34765625 0.56640625 0.3645833328125 0.5673828125 0.3645833328125 0.5595703125 0.3502604171875 0.55078125 0.3424479171875 0.552734375 0.3385416671875 0.5400390625
1 0.5130208328125 0.6279296875 0.5247395828125 0.638671875 0.5286458328125 0.6376953125 0.53125 0.6240234375 0.52734375 0.62109375 0.5143229171875 0.623046875 0.5130208328125 0.6279296875
1 0.3828125 0.6494140625 0.3828125 0.6533203125 0.39453125 0.66015625 0.4140625 0.6611328125 0.4192708328125 0.6533203125 0.4153645828125 0.6484375 0.39453125 0.646484375 0.3828125 0.6494140625
1 0.4856770828125 0.63671875 0.4778645828125 0.638671875 0.4739583328125 0.6435546875 0.4817708328125 0.6630859375 0.4856770828125 0.666015625 0.4921875 0.6650390625 0.4973958328125 0.6611328125 0.4973958328125 0.6513671875 0.4947916671875 0.6416015625 0.4856770828125 0.63671875
1 0.3723958328125 0.6064453125 0.3763020828125 0.611328125 0.3854166671875 0.6103515625 0.40625 0.5908203125 0.3997395828125 0.583984375 0.3854166671875 0.5908203125 0.3723958328125 0.6064453125
1 0.4309895828125 0.537109375 0.421875 0.5478515625 0.421875 0.5537109375 0.4296875 0.5537109375 0.4401041671875 0.5478515625 0.4401041671875 0.5400390625 0.4361979171875 0.537109375 0.4309895828125 0.537109375
1 0.4010416671875 0.4501953125 0.4075520828125 0.458984375 0.4166666671875 0.4580078125 0.4296875 0.4462890625 0.4283854171875 0.439453125 0.4153645828125 0.439453125 0.4010416671875 0.4501953125
1 0.421875 0.4833984375 0.421875 0.5029296875 0.4375 0.5029296875 0.4401041671875 0.4853515625 0.4309895828125 0.4765625 0.42578125 0.4765625 0.421875 0.4833984375
1 0.3424479171875 0.369140625 0.3359375 0.3818359375 0.33984375 0.384765625 0.3567708328125 0.3837890625 0.36328125 0.3828125 0.3671875 0.3779296875 0.35546875 0.37109375 0.3424479171875 0.369140625
1 0.2903645828125 0.39453125 0.2760416671875 0.3955078125 0.2747395828125 0.40625 0.2981770828125 0.412109375 0.3046875 0.4111328125 0.3098958328125 0.4091796875 0.3098958328125 0.4013671875 0.3059895828125 0.3984375 0.2903645828125 0.39453125
1 0.21614583281250002 0.4541015625 0.22005208281250002 0.458984375 0.22916666718749998 0.4599609375 0.24088541718749998 0.455078125 0.25 0.4462890625 0.24088541718749998 0.4375 0.21614583281250002 0.4541015625