1 0.22916666718749998 0.2294921875 0.23307291718749998 0.232421875 0.24479166718749998 0.2314453125 0.25 0.2158203125 0.23307291718749998 0.2109375 0.22916666718749998 0.2138671875 0.22916666718749998 0.2294921875
1 0.3072916671875 0.2197265625 0.3098958328125 0.2392578125 0.31640625 0.24609375 0.3229166671875 0.2451171875 0.328125 0.2392578125 0.3255208328125 0.2197265625 0.3138020828125 0.216796875 0.3072916671875 0.2197265625
1 0.4309895828125 0.19921875 0.4375 0.1982421875 0.4453125 0.1865234375 0.4309895828125 0.181640625 0.421875 0.1923828125 0.4309895828125 0.19921875
1 0.4765625 0.2177734375 0.4765625 0.2236328125 0.4908854171875 0.232421875 0.5 0.2314453125 0.5026041671875 0.2255859375 0.4973958328125 0.2177734375 0.4830729171875 0.212890625 0.4765625 0.2177734375
1 0.41015625 0.23828125 0.40625 0.2412109375 0.40625 0.2490234375 0.4114583328125 0.2666015625 0.4153645828125 0.26953125 0.4244791671875 0.2685546875 0.4270833328125 0.2626953125 0.421875 0.2451171875 0.4153645828125 0.23828125 0.41015625 0.23828125
1 0.37890625 0.212890625 0.3567708328125 0.2314453125 0.3658854171875 0.23828125 0.375 0.2373046875 0.3958333328125 0.2216796875 0.3958333328125 0.2138671875 0.3919270828125 0.2109375 0.37890625 0.212890625
1 0.5416666671875 0.2431640625 0.5442708328125 0.2607421875 0.55078125 0.26953125 0.5572916671875 0.2685546875 0.5625 0.2646484375 0.5598958328125 0.2490234375 0.5455729171875 0.240234375 0.5416666671875 0.2431640625
1 0.640625 0.2177734375 0.6471354171875 0.22265625 0.65625 0.2216796875 0.6614583328125 0.2158203125 0.6497395828125 0.205078125 0.63671875 0.201171875 0.640625 0.2177734375
1 0.72265625 0.22265625 0.7161458328125 0.2314453125 0.7330729171875 0.24609375 0.7369791671875 0.2451171875 0.7421875 0.2412109375 0.7421875 0.2353515625 0.73046875 0.22265625 0.72265625 0.22265625
1 0.7682291671875 0.2158203125 0.7747395828125 0.224609375 0.7877604171875 0.228515625 0.7994791671875 0.2275390625 0.8046875 0.2197265625 0.80078125 0.212890625 0.7747395828125 0.2109375 0.7682291671875 0.2158203125
1 0.7265625 0.3720703125 0.7265625 0.3876953125 0.73046875 0.390625 0.7369791671875 0.3896484375 0.7421875 0.3876953125 0.7421875 0.3681640625 0.7330729171875 0.365234375 0.7265625 0.3720703125
1 0.66015625 0.275390625 0.65625 0.2783203125 0.65625 0.2880859375 0.6614583328125 0.2978515625 0.66796875 0.302734375 0.671875 0.3017578125 0.6796875 0.2978515625 0.6770833328125 0.2861328125 0.6653645828125 0.275390625 0.66015625 0.275390625
1 0.7252604171875 0.30859375 0.7057291671875 0.3291015625 0.70703125 0.3359375 0.71875 0.3349609375 0.7265625 0.3310546875 0.7369791671875 0.3173828125 0.7356770828125 0.30859375 0.7252604171875 0.30859375
1 0.6497395828125 0.326171875 0.6432291671875 0.3310546875 0.6458333328125 0.3388671875 0.6653645828125 0.353515625 0.6744791671875 0.3525390625 0.6744791671875 0.3427734375 0.6666666671875 0.3310546875 0.66015625 0.326171875 0.6497395828125 0.326171875
1 0.6822916671875 0.4462890625 0.6848958328125 0.4658203125 0.6927083328125 0.4697265625 0.703125 0.4580078125 0.703125 0.4462890625 0.69921875 0.443359375 0.6822916671875 0.4462890625
1 0.6953125 0.5380859375 0.6966145828125 0.544921875 0.7083333328125 0.5458984375 0.7213541671875 0.5322265625 0.7200520828125 0.52734375 0.70703125 0.529296875 0.6953125 0.5380859375
1 0.78125 0.5341796875 0.78125 0.5400390625 0.7877604171875 0.546875 0.7981770828125 0.55078125 0.8046875 0.5498046875 0.8098958328125001 0.5439453125 0.80859375 0.537109375 0.7955729171875 0.533203125 0.78125 0.5341796875
1 0.71875 0.6064453125 0.7265625 0.6083984375 0.734375 0.6064453125 0.7330729171875 0.59765625 0.71875 0.6025390625 0.71875 0.6064453125
1 0.78125 0.6044921875 0.78515625 0.607421875 0.796875 0.6064453125 0.8046875 0.5986328125 0.7877604171875 0.59375 0.78125 0.5986328125 0.78125 0.6044921875
1 0.7643229171875 0.6328125 0.7552083328125 0.6396484375 0.7578125 0.6435546875 0.77734375 0.662109375 0.7838541671875 0.6611328125 0.7864583328125 0.6494140625 0.7786458328125 0.6376953125 0.7721354171875 0.6328125 0.7643229171875 0.6328125
1 0.7486979171875 0.7421875 0.7604166671875 0.7412109375 0.765625 0.7353515625 0.7565104171875 0.7265625 0.7421875 0.7314453125 0.7486979171875 0.7421875
1 0.6966145828125 0.734375 0.6796875 0.7373046875 0.6888020828125 0.74609375 0.7122395828125 0.755859375 0.71875 0.7548828125 0.7239583328125 0.7509765625 0.7239583328125 0.7451171875 0.71484375 0.740234375 0.6966145828125 0.734375
1 0.22005208281250002 0.76953125 0.2421875 0.7744140625 0.25 0.7705078125 0.24088541718749998 0.76171875 0.21614583281250002 0.7607421875 0.22005208281250002 0.76953125
1 0.4453125 0.6826171875 0.4453125 0.6884765625 0.4518229171875 0.693359375 0.4713541671875 0.6943359375 0.46875 0.6845703125 0.4596354171875 0.6796875 0.44921875 0.6796875 0.4453125 0.6826171875
1 0.3606770828125 0.681640625 0.3567708328125 0.6865234375 0.3645833328125 0.7021484375 0.37109375 0.70703125 0.375 0.7060546875 0.3802083328125 0.6904296875 0.3776041671875 0.6845703125 0.3684895828125 0.6796875 0.3606770828125 0.681640625
1 0.4830729171875 0.7265625 0.4661458328125 0.7373046875 0.4700520828125 0.7421875 0.4895833328125 0.7412109375 0.5052083328125 0.7333984375 0.5052083328125 0.7275390625 0.4986979171875 0.72265625 0.4830729171875 0.7265625
1 0.515625 0.6630859375 0.5234375 0.6572265625 0.50390625 0.650390625 0.5 0.6630859375 0.515625 0.6630859375
1 0.4986979171875 0.59375 0.4895833328125 0.6025390625 0.4869791671875 0.6142578125 0.4934895828125 0.619140625 0.5026041671875 0.6181640625 0.5078125 0.6103515625 0.5078125 0.5986328125 0.50390625 0.59375 0.4986979171875 0.59375
1 0.22135416718749998 0.6494140625 0.22786458281250002 0.658203125 0.23697916718749998 0.6572265625 0.24479166718749998 0.6533203125 0.2421875 0.6396484375 0.23046875 0.634765625 0.22135416718749998 0.6494140625
1 0.29296875 0.61328125 0.2864583328125 0.6201171875 0.29296875 0.626953125 0.3255208328125 0.6259765625 0.3307291671875 0.6240234375 0.3307291671875 0.6162109375 0.32421875 0.61328125 0.29296875 0.61328125
1 0.4010416671875 0.6005859375 0.40234375 0.611328125 0.4244791671875 0.6103515625 0.4270833328125 0.6025390625 0.4231770828125 0.599609375 0.4075520828125 0.59765625 0.4010416671875 0.6005859375
1 0.3489583328125 0.5498046875 0.3489583328125 0.5673828125 0.35546875 0.57421875 0.3619791671875 0.5732421875 0.3671875 0.5498046875 0.36328125 0.546875 0.3528645828125 0.546875 0.3489583328125 0.5498046875
1 0.359375 0.5146484375 0.3645833328125 0.5283203125 0.37109375 0.53515625 0.3828125 0.5341796875 0.3854166671875 0.5302734375 0.3802083328125 0.5166015625 0.3684895828125 0.5078125 0.359375 0.5146484375
1 0.4661458328125 0.5341796875 0.4661458328125 0.5400390625 0.4739583328125 0.5458984375 0.4908854171875 0.541015625 0.5 0.5341796875 0.49609375 0.52734375 0.4661458328125 0.5341796875
1 0.24609375 0.4609375 0.23697916718749998 0.4736328125 0.24088541718749998 0.478515625 0.2526041671875 0.4794921875 0.2604166671875 0.4697265625 0.2604166671875 0.4619140625 0.2565104171875 0.458984375 0.24609375 0.4609375
1 0.2916666671875 0.4248046875 0.3059895828125 0.431640625 0.3125 0.4306640625 0.328125 0.4248046875 0.3216145828125 0.4140625 0.3033854171875 0.41796875 0.2916666671875 0.4248046875
1 0.3046875 0.4736328125 0.3111979171875 0.478515625 0.3229166671875 0.4775390625 0.3307291671875 0.4658203125 0.3268229171875 0.453125 0.3151041671875 0.4560546875 0.3046875 0.4736328125
1 0.2734375 0.5029296875 0.2708333328125 0.5185546875 0.2786458328125 0.5283203125 0.2838541671875 0.5283203125 0.2890625 0.5205078125 0.2916666671875 0.5029296875 0.27734375 0.5 0.2734375 0.5029296875
1 0.203125 0.3330078125 0.20572916718749998 0.3427734375 0.20963541718749998 0.345703125 0.21875 0.3447265625 0.22395833281250002 0.3408203125 0.22135416718749998 0.3310546875 0.20963541718749998 0.326171875 0.203125 0.3330078125
1 0.2265625 0.3876953125 0.23046875 0.396484375 0.23958333281250002 0.3955078125 0.25 0.3857421875 0.24609375 0.376953125 0.23567708281250002 0.376953125 0.2265625 0.3876953125
1 0.22135416718749998 0.2978515625 0.22916666718749998 0.3056640625 0.23567708281250002 0.310546875 0.24479166718749998 0.3095703125 0.2421875 0.2939453125 0.23567708281250002 0.2890625 0.22265625 0.291015625 0.22135416718749998 0.2978515625
1 0.2799479171875 0.328125 0.26953125 0.32421875 0.25390625 0.32421875 0.25 0.3271484375 0.25 0.3330078125 0.2799479171875 0.34375 0.28125 0.3505859375 0.2877604171875 0.35546875 0.2955729171875 0.359375 0.3098958328125 0.3583984375 0.3098958328125 0.3505859375 0.2981770828125 0.341796875 0.28515625 0.33984375 0.2799479171875 0.328125
1 0.3138020828125 0.302734375 0.3098958328125 0.3134765625 0.3138020828125 0.31640625 0.328125 0.3173828125 0.3359375 0.3134765625 0.3359375 0.3076171875 0.33203125 0.3046875 0.3138020828125 0.302734375
1 0.3893229171875 0.322265625 0.4088541671875 0.3212890625 0.4140625 0.3193359375 0.41015625 0.3125 0.3880208328125 0.3115234375 0.3893229171875 0.322265625
1 0.3932291671875 0.4091796875 0.40234375 0.419921875 0.4088541671875 0.4189453125 0.4114583328125 0.3994140625 0.3971354171875 0.396484375 0.3932291671875 0.3994140625 0.3932291671875 0.4091796875
1 0.3919270828125 0.33984375 0.3880208328125 0.3427734375 0.3880208328125 0.3525390625 0.4036458328125 0.3525390625 0.41796875 0.349609375 0.4244791671875 0.3427734375 0.4127604171875 0.337890625 0.3919270828125 0.33984375
1 0.4244791671875 0.4013671875 0.4140625 0.4208984375 0.4205729171875 0.427734375 0.4296875 0.4267578125 0.4401041671875 0.4091796875 0.4375 0.4013671875 0.4309895828125 0.396484375 0.4244791671875 0.4013671875
1 0.57421875 0.537109375 0.5755208328125 0.5595703125 0.5794270828125 0.5625 0.5911458328125 0.5615234375 0.5963541671875 0.5576171875 0.59375 0.5478515625 0.5794270828125 0.537109375 0.57421875 0.537109375
1 0.5546875 0.4658203125 0.55859375 0.47265625 0.578125 0.4716796875 0.59375 0.4658203125 0.5872395828125 0.455078125 0.5716145828125 0.45703125 0.5546875 0.4658203125
1 0.59765625 0.49609375 0.5911458328125 0.5009765625 0.59375 0.5068359375 0.6080729171875 0.51953125 0.6197916671875 0.5185546875 0.625 0.5126953125 0.6197916671875 0.5048828125 0.60546875 0.49609375 0.59765625 0.49609375
1 0.4583333328125 0.3173828125 0.4635416671875 0.3251953125 0.4674479171875 0.328125 0.4791666671875 0.3271484375 0.4739583328125 0.3095703125 0.4700520828125 0.306640625 0.4622395828125 0.30859375 0.4583333328125 0.3173828125
1 0.4947916671875 0.4306640625 0.5013020828125 0.4375 0.5234375 0.4384765625 0.5234375 0.4267578125 0.51953125 0.423828125 0.5091145828125 0.423828125 0.4947916671875 0.4306640625
1 0.5377604171875 0.392578125 0.5286458328125 0.3994140625 0.5325520828125 0.408203125 0.5416666671875 0.4072265625 0.5598958328125 0.4013671875 0.5625 0.3935546875 0.5559895828125 0.388671875 0.5377604171875 0.392578125
1 0.5182291671875 0.3486328125 0.5208333328125 0.3583984375 0.5247395828125 0.361328125 0.53125 0.3603515625 0.5520833328125 0.3486328125 0.5520833328125 0.3427734375 0.5455729171875 0.337890625 0.5182291671875 0.3486328125