1 0.3359375 0.2041015625 0.3450520828125 0.208984375 0.3489583328125 0.2080078125 0.3541666671875 0.1962890625 0.34765625 0.19140625 0.33984375 0.19140625 0.3359375 0.2041015625
1 0.2760416671875 0.2080078125 0.2760416671875 0.2158203125 0.2864583328125 0.2353515625 0.2942708328125 0.2392578125 0.2994791671875 0.2216796875 0.2916666671875 0.2060546875 0.2825520828125 0.205078125 0.2760416671875 0.2080078125
1 0.3984375 0.2607421875 0.3997395828125 0.267578125 0.4114583328125 0.2666015625 0.4192708328125 0.2646484375 0.4192708328125 0.2568359375 0.4127604171875 0.251953125 0.3984375 0.2607421875
1 0.4596354171875 0.234375 0.4661458328125 0.2333984375 0.46875 0.2158203125 0.4544270828125 0.21484375 0.453125 0.2294921875 0.4596354171875 0.234375
1 0.4375 0.2841796875 0.4348958328125 0.2978515625 0.4388020828125 0.302734375 0.4505208328125 0.3017578125 0.4557291671875 0.2802734375 0.4518229171875 0.275390625 0.4440104171875 0.275390625 0.4375 0.2841796875
1 0.4596354171875 0.181640625 0.4479166671875 0.1845703125 0.4375 0.2060546875 0.44140625 0.2109375 0.4505208328125 0.2119140625 0.4557291671875 0.2099609375 0.4635416671875 0.1923828125 0.4635416671875 0.1845703125 0.4596354171875 0.181640625
1 0.60546875 0.17578125 0.625 0.1767578125 0.6328125 0.1728515625 0.6263020828125 0.162109375 0.6041666671875 0.1689453125 0.60546875 0.17578125
1 0.5442708328125 0.1982421875 0.546875 0.2080078125 0.55078125 0.2109375 0.5572916671875 0.2099609375 0.5677083328125 0.2041015625 0.5716145828125 0.189453125 0.5638020828125 0.189453125 0.5442708328125 0.1982421875
1 0.6145833328125 0.2177734375 0.6145833328125 0.2333984375 0.6184895828125 0.236328125 0.6302083328125 0.2353515625 0.6328125 0.2158203125 0.62890625 0.2109375 0.62109375 0.2109375 0.6145833328125 0.2177734375
1 0.5755208328125 0.2119140625 0.5677083328125 0.2236328125 0.5716145828125 0.232421875 0.5833333328125 0.2314453125 0.59375 0.2197265625 0.59375 0.2138671875 0.5846354171875 0.208984375 0.5755208328125 0.2119140625
1 0.7486979171875 0.166015625 0.7447916671875 0.1689453125 0.7447916671875 0.1767578125 0.7486979171875 0.1796875 0.7708333328125 0.1787109375 0.7760416671875 0.1767578125 0.7760416671875 0.1708984375 0.76953125 0.166015625 0.7486979171875 0.166015625
1 0.6614583328125 0.2119140625 0.6627604171875 0.216796875 0.6744791671875 0.2177734375 0.6848958328125 0.2060546875 0.68359375 0.197265625 0.67578125 0.19921875 0.6614583328125 0.2119140625
1 0.6614583328125 0.2568359375 0.6614583328125 0.2607421875 0.6783854171875 0.2734375 0.6875 0.2744140625 0.6901041671875 0.2626953125 0.6809895828125 0.25390625 0.6705729171875 0.25 0.6614583328125 0.2568359375
1 0.8072916671874999 0.2958984375 0.8046875 0.2998046875 0.8138020828125001 0.306640625 0.8268229171874999 0.3125 0.8359375 0.3115234375 0.8385416671874999 0.3037109375 0.83203125 0.296875 0.8190104171874999 0.291015625 0.8072916671874999 0.2958984375
1 0.65234375 0.3203125 0.6614583328125 0.3193359375 0.6770833328125 0.3134765625 0.6705729171875 0.302734375 0.6484375 0.3115234375 0.65234375 0.3203125
1 0.5638020828125 0.318359375 0.578125 0.3173828125 0.5833333328125 0.3115234375 0.5638020828125 0.30078125 0.5520833328125 0.3095703125 0.5638020828125 0.318359375
1 0.7291666671875 0.4345703125 0.7421875 0.4345703125 0.7447916671875 0.4248046875 0.7330729171875 0.421875 0.7291666671875 0.4248046875 0.7291666671875 0.4345703125
1 0.76171875 0.388671875 0.73828125 0.39453125 0.7317708328125 0.4013671875 0.7317708328125 0.4072265625 0.7356770828125 0.41015625 0.7421875 0.4091796875 0.7669270828125 0.40234375 0.7734375 0.3935546875 0.7708333328125 0.3896484375 0.76171875 0.388671875
1 0.5065104171875 0.421875 0.5026041671875 0.4248046875 0.5026041671875 0.4326171875 0.5104166671875 0.4345703125 0.5325520828125 0.431640625 0.5364583328125 0.4228515625 0.5325520828125 0.419921875 0.5065104171875 0.421875
1 0.5572916671875 0.3857421875 0.55859375 0.390625 0.5703125 0.3896484375 0.5885416671875 0.3818359375 0.58203125 0.369140625 0.56640625 0.375 0.5572916671875 0.3857421875
1 0.5807291671875 0.4208984375 0.5807291671875 0.4326171875 0.5846354171875 0.435546875 0.59375 0.4345703125 0.5989583328125 0.4248046875 0.5989583328125 0.4111328125 0.58984375 0.404296875 0.5807291671875 0.4208984375
1 0.390625 0.4091796875 0.390625 0.4130859375 0.3997395828125 0.419921875 0.40625 0.4189453125 0.4192708328125 0.4052734375 0.4153645828125 0.3984375 0.40234375 0.400390625 0.390625 0.4091796875
1 0.4453125 0.3779296875 0.4479166671875 0.3916015625 0.4596354171875 0.400390625 0.4661458328125 0.3994140625 0.46875 0.3935546875 0.4635416671875 0.3759765625 0.4544270828125 0.373046875 0.4453125 0.3779296875
1 0.21875 0.2705078125 0.21875 0.2783203125 0.22265625 0.28125 0.22916666718749998 0.2802734375 0.2421875 0.2744140625 0.2421875 0.2685546875 0.23307291718749998 0.26171875 0.21875 0.2705078125
1 0.20052083281250002 0.3212890625 0.21354166718749998 0.3310546875 0.2265625 0.3251953125 0.22786458281250002 0.314453125 0.21744791718749998 0.3125 0.20052083281250002 0.3212890625
1 0.2513020828125 0.33984375 0.23958333281250002 0.3505859375 0.23958333281250002 0.3603515625 0.2526041671875 0.3603515625 0.265625 0.3505859375 0.265625 0.3447265625 0.2565104171875 0.33984375 0.2513020828125 0.33984375
1 0.34375 0.3154296875 0.34375 0.3193359375 0.3515625 0.3330078125 0.359375 0.3349609375 0.3619791671875 0.3173828125 0.3580729171875 0.3125 0.3502604171875 0.3125 0.34375 0.3154296875
1 0.3190104171875 0.33984375 0.3151041671875 0.3427734375 0.3151041671875 0.3525390625 0.3203125 0.3662109375 0.328125 0.3701171875 0.3359375 0.3583984375 0.3333333328125 0.3466796875 0.3294270828125 0.33984375 0.3190104171875 0.33984375
1 0.24609375 0.408203125 0.24479166718749998 0.4267578125 0.2526041671875 0.4267578125 0.2604166671875 0.4189453125 0.2604166671875 0.4111328125 0.2565104171875 0.408203125 0.24609375 0.408203125
1 0.21354166718749998 0.4541015625 0.21614583281250002 0.4716796875 0.22265625 0.478515625 0.23177083281250002 0.4775390625 0.23177083281250002 0.4541015625 0.22786458281250002 0.451171875 0.21744791718749998 0.451171875 0.21354166718749998 0.4541015625
1 0.3177083328125 0.5107421875 0.3151041671875 0.5224609375 0.3216145828125 0.525390625 0.3307291671875 0.5244140625 0.3359375 0.5185546875 0.3359375 0.5068359375 0.3268229171875 0.50390625 0.3177083328125 0.5107421875
1 0.3111979171875 0.470703125 0.3020833328125 0.4736328125 0.2942708328125 0.4892578125 0.296875 0.4951171875 0.3020833328125 0.4951171875 0.3111979171875 0.4921875 0.3203125 0.4814453125 0.3203125 0.4755859375 0.3111979171875 0.470703125
1 0.2994791671875 0.4189453125 0.2994791671875 0.4248046875 0.3059895828125 0.427734375 0.3359375 0.4287109375 0.3385416671875 0.4228515625 0.31640625 0.4140625 0.3033854171875 0.4140625 0.2994791671875 0.4189453125
1 0.40625 0.4970703125 0.41015625 0.501953125 0.4244791671875 0.5029296875 0.4401041671875 0.4990234375 0.4388020828125 0.490234375 0.4127604171875 0.4921875 0.40625 0.4970703125
1 0.6979166671875 0.4970703125 0.7018229171875 0.505859375 0.7109375 0.5048828125 0.7239583328125 0.4873046875 0.71484375 0.48046875 0.7057291671875 0.4814453125 0.6979166671875 0.4970703125
1 0.7799479171875 0.482421875 0.7734375 0.4873046875 0.7838541671875 0.5029296875 0.79296875 0.5078125 0.8020833328125001 0.5068359375 0.8020833328125001 0.5009765625 0.7916666671875 0.4853515625 0.78515625 0.48046875 0.7799479171875 0.482421875
1 0.7604166671875 0.5693359375 0.7682291671875 0.5693359375 0.7864583328125 0.5576171875 0.77734375 0.548828125 0.7630208328125 0.5556640625 0.7604166671875 0.5693359375
1 0.7838541671875 0.5849609375 0.7825520828125 0.59375 0.7955729171875 0.59765625 0.8203125 0.5986328125 0.8255208328125001 0.5966796875 0.8216145828125001 0.587890625 0.7955729171875 0.58203125 0.7838541671875 0.5849609375
1 0.6770833328125 0.6455078125 0.6809895828125 0.6484375 0.6953125 0.6474609375 0.6979166671875 0.6298828125 0.6888020828125 0.626953125 0.6796875 0.6357421875 0.6770833328125 0.6455078125
1 0.7760416671875 0.6904296875 0.7903645828125 0.69921875 0.8020833328125001 0.6982421875 0.8046875 0.6943359375 0.7877604171875 0.681640625 0.7760416671875 0.6865234375 0.7760416671875 0.6904296875
1 0.7083333328125 0.7236328125 0.703125 0.7353515625 0.7135416671875 0.7353515625 0.7395833328125 0.7255859375 0.7369791671875 0.7177734375 0.73046875 0.712890625 0.7083333328125 0.7236328125
1 0.5520833328125 0.7568359375 0.5520833328125 0.7607421875 0.5638020828125 0.765625 0.5703125 0.7646484375 0.578125 0.7587890625 0.56640625 0.75 0.5611979171875 0.75 0.5520833328125 0.7568359375
1 0.2786458328125 0.6943359375 0.296875 0.6943359375 0.2942708328125 0.6728515625 0.2825520828125 0.66796875 0.2760416671875 0.6728515625 0.2786458328125 0.6943359375
1 0.3177083328125 0.7412109375 0.3177083328125 0.7568359375 0.3216145828125 0.759765625 0.3307291671875 0.7587890625 0.3359375 0.7509765625 0.3359375 0.7412109375 0.3216145828125 0.73828125 0.3177083328125 0.7412109375
1 0.4088541671875 0.6865234375 0.4088541671875 0.7001953125 0.41796875 0.708984375 0.421875 0.7080078125 0.4296875 0.6845703125 0.4231770828125 0.6796875 0.4153645828125 0.6796875 0.4088541671875 0.6865234375
1 0.4153645828125 0.619140625 0.4140625 0.6318359375 0.4192708328125 0.6435546875 0.42578125 0.650390625 0.4322916671875 0.6494140625 0.4401041671875 0.6435546875 0.4375 0.6337890625 0.4205729171875 0.619140625 0.4153645828125 0.619140625
1 0.3763020828125 0.642578125 0.3723958328125 0.6455078125 0.375 0.6572265625 0.3828125 0.6689453125 0.3893229171875 0.673828125 0.3958333328125 0.6728515625 0.4010416671875 0.6689453125 0.3984375 0.6572265625 0.3841145828125 0.642578125 0.3763020828125 0.642578125
1 0.5638020828125 0.65625 0.5546875 0.6611328125 0.5546875 0.6650390625 0.5638020828125 0.671875 0.5677083328125 0.6708984375 0.5755208328125 0.6669921875 0.5755208328125 0.6630859375 0.5690104171875 0.65625 0.5638020828125 0.65625
1 0.5169270828125 0.65625 0.5078125 0.6708984375 0.51171875 0.681640625 0.5234375 0.6806640625 0.5286458328125 0.6787109375 0.5286458328125 0.6708984375 0.5234375 0.6572265625 0.5169270828125 0.65625
1 0.3567708328125 0.5966796875 0.3567708328125 0.6064453125 0.3723958328125 0.6064453125 0.3828125 0.5908203125 0.3736979171875 0.5859375 0.3658854171875 0.5859375 0.3567708328125 0.5966796875
1 0.2421875 0.5888671875 0.2421875 0.5966796875 0.2526041671875 0.6083984375 0.2630208328125 0.6123046875 0.265625 0.5966796875 0.2565104171875 0.5859375 0.24869791718749998 0.5859375 0.2421875 0.5888671875
1 0.5026041671875 0.5693359375 0.5026041671875 0.5771484375 0.5065104171875 0.580078125 0.515625 0.5791015625 0.5364583328125 0.5693359375 0.5364583328125 0.5634765625 0.52734375 0.556640625 0.5026041671875 0.5693359375
1 0.4348958328125 0.5654296875 0.4322916671875 0.5732421875 0.44140625 0.580078125 0.4544270828125 0.583984375 0.4635416671875 0.5830078125 0.46875 0.5732421875 0.4622395828125 0.568359375 0.4466145828125 0.564453125 0.4348958328125 0.5654296875
1 0.5625 0.5185546875 0.5690104171875 0.525390625 0.5755208328125 0.5244140625 0.59375 0.5146484375 0.5872395828125 0.505859375 0.5794270828125 0.505859375 0.5625 0.5185546875
1 0.6067708328125 0.5791015625 0.6080729171875 0.5859375 0.6223958328125 0.5869140625 0.6354166671875 0.5712890625 0.6315104171875 0.564453125 0.6184895828125 0.568359375 0.6067708328125 0.5791015625