1 0.24088541718749998 0.203125 0.23177083281250002 0.2197265625 0.24348958281250002 0.224609375 0.25 0.2236328125 0.2552083328125 0.2177734375 0.2552083328125 0.2080078125 0.24869791718749998 0.203125 0.24088541718749998 0.203125
1 0.33984375 0.2109375 0.3411458328125 0.2275390625 0.3528645828125 0.23828125 0.3619791671875 0.2373046875 0.3671875 0.2333984375 0.3619791671875 0.2236328125 0.3450520828125 0.2109375 0.33984375 0.2109375
1 0.27734375 0.212890625 0.265625 0.2236328125 0.26953125 0.228515625 0.2864583328125 0.2275390625 0.2994791671875 0.2236328125 0.2994791671875 0.2158203125 0.29296875 0.208984375 0.27734375 0.212890625
1 0.4049479171875 0.171875 0.3919270828125 0.171875 0.37890625 0.17578125 0.3723958328125 0.1826171875 0.375 0.1884765625 0.3828125 0.1904296875 0.40234375 0.185546875 0.4088541671875 0.1806640625 0.4088541671875 0.1748046875 0.4049479171875 0.171875
1 0.59375 0.2041015625 0.59765625 0.2109375 0.6067708328125 0.2119140625 0.6197916671875 0.1982421875 0.6158854171875 0.193359375 0.6028645828125 0.1953125 0.59375 0.2041015625
1 0.53125 0.2392578125 0.5234375 0.2509765625 0.5234375 0.2587890625 0.53125 0.2587890625 0.546875 0.2431640625 0.546875 0.2392578125 0.5403645828125 0.236328125 0.53125 0.2392578125
1 0.5026041671875 0.1748046875 0.5026041671875 0.1806640625 0.5091145828125 0.185546875 0.5286458328125 0.1884765625 0.5338541671875 0.1826171875 0.5299479171875 0.173828125 0.5065104171875 0.171875 0.5026041671875 0.1748046875
1 0.7005208328125 0.2080078125 0.70703125 0.21484375 0.7174479171875 0.21875 0.7265625 0.2177734375 0.7317708328125 0.2099609375 0.7278645828125 0.205078125 0.70703125 0.203125 0.7005208328125 0.2080078125
1 0.6171875 0.2978515625 0.6236979171875 0.306640625 0.6328125 0.3056640625 0.6484375 0.2958984375 0.6471354171875 0.287109375 0.63671875 0.287109375 0.6171875 0.2978515625
1 0.6783854171875 0.30078125 0.6705729171875 0.3046875 0.65625 0.3154296875 0.66015625 0.322265625 0.6692708328125 0.3212890625 0.6861979171875 0.314453125 0.6953125 0.3076171875 0.6953125 0.3037109375 0.6783854171875 0.30078125
1 0.6380208328125 0.3779296875 0.6497395828125 0.38671875 0.6536458328125 0.3857421875 0.6536458328125 0.3701171875 0.6419270828125 0.359375 0.6302083328125 0.3681640625 0.6380208328125 0.3779296875
1 0.7174479171875 0.36328125 0.6953125 0.3740234375 0.7044270828125 0.3828125 0.7109375 0.3818359375 0.7291666671875 0.3740234375 0.734375 0.3681640625 0.7330729171875 0.361328125 0.7174479171875 0.36328125
1 0.6458333328125 0.4990234375 0.6484375 0.5068359375 0.6588541671875 0.5087890625 0.6770833328125 0.4951171875 0.6705729171875 0.48828125 0.6627604171875 0.48828125 0.6458333328125 0.4990234375
1 0.7018229171875 0.447265625 0.6979166671875 0.4521484375 0.7005208328125 0.4599609375 0.71484375 0.47265625 0.71875 0.4716796875 0.7265625 0.4677734375 0.7239583328125 0.4580078125 0.7122395828125 0.447265625 0.7018229171875 0.447265625
1 0.6640625 0.5341796875 0.6640625 0.5400390625 0.67578125 0.546875 0.703125 0.5478515625 0.7057291671875 0.5400390625 0.7018229171875 0.537109375 0.68359375 0.533203125 0.6640625 0.5341796875
1 0.6848958328125 0.5849609375 0.6848958328125 0.5888671875 0.69921875 0.595703125 0.7161458328125 0.5947265625 0.7265625 0.5908203125 0.7200520828125 0.580078125 0.7018229171875 0.580078125 0.6848958328125 0.5849609375
1 0.7174479171875 0.638671875 0.7291666671875 0.6376953125 0.73046875 0.62890625 0.7174479171875 0.626953125 0.7135416671875 0.6298828125 0.7174479171875 0.638671875
1 0.6692708328125 0.6435546875 0.671875 0.6513671875 0.68359375 0.66015625 0.6927083328125 0.6591796875 0.6979166671875 0.6513671875 0.68359375 0.640625 0.6731770828125 0.640625 0.6692708328125 0.6435546875
1 0.54296875 0.712890625 0.5364583328125 0.7197265625 0.5364583328125 0.7255859375 0.5546875 0.7294921875 0.56640625 0.7265625 0.5677083328125 0.7236328125 0.5481770828125 0.712890625 0.54296875 0.712890625
1 0.6197916671875 0.7001953125 0.6197916671875 0.7060546875 0.6263020828125 0.7109375 0.6510416671875 0.7138671875 0.65234375 0.701171875 0.6341145828125 0.697265625 0.6236979171875 0.697265625 0.6197916671875 0.7001953125
1 0.7200520828125 0.78515625 0.7109375 0.7939453125 0.7200520828125 0.802734375 0.7291666671875 0.8017578125 0.734375 0.7978515625 0.734375 0.7919921875 0.7278645828125 0.78515625 0.7200520828125 0.78515625
1 0.23697916718749998 0.7216796875 0.24479166718749998 0.7216796875 0.2604166671875 0.7099609375 0.25390625 0.69921875 0.23697916718749998 0.7099609375 0.23697916718749998 0.7216796875
1 0.24479166718749998 0.7509765625 0.24479166718749998 0.7548828125 0.2526041671875 0.7685546875 0.2591145828125 0.7734375 0.2630208328125 0.7724609375 0.2682291671875 0.7587890625 0.2630208328125 0.7490234375 0.25390625 0.74609375 0.24479166718749998 0.7509765625
1 0.3294270828125 0.646484375 0.328125 0.6513671875 0.3333333328125 0.6591796875 0.3450520828125 0.66796875 0.3541666671875 0.6669921875 0.3541666671875 0.6611328125 0.34375 0.6474609375 0.33984375 0.64453125 0.3294270828125 0.646484375
1 0.21223958281250002 0.58984375 0.203125 0.6005859375 0.203125 0.6083984375 0.20703125 0.611328125 0.21354166718749998 0.6103515625 0.2265625 0.5986328125 0.2265625 0.5927734375 0.22005208281250002 0.58984375 0.21223958281250002 0.58984375
1 0.2552083328125 0.5517578125 0.2734375 0.5517578125 0.2734375 0.5361328125 0.26171875 0.52734375 0.2565104171875 0.52734375 0.2552083328125 0.5517578125
1 0.3606770828125 0.55859375 0.3567708328125 0.5615234375 0.3567708328125 0.5712890625 0.3684895828125 0.583984375 0.375 0.5830078125 0.3802083328125 0.5791015625 0.3802083328125 0.5732421875 0.3697916671875 0.5595703125 0.3606770828125 0.55859375
1 0.3125 0.5458984375 0.3125 0.5576171875 0.3151041671875 0.5693359375 0.3190104171875 0.572265625 0.3255208328125 0.5712890625 0.3307291671875 0.5634765625 0.3307291671875 0.5439453125 0.3216145828125 0.541015625 0.3125 0.5458984375
1 0.4036458328125 0.5888671875 0.4075520828125 0.595703125 0.4166666671875 0.5947265625 0.4348958328125 0.5751953125 0.4309895828125 0.56640625 0.4140625 0.5751953125 0.4036458328125 0.5888671875
1 0.5065104171875 0.587890625 0.5234375 0.5888671875 0.53125 0.5849609375 0.52734375 0.576171875 0.5026041671875 0.5810546875 0.5065104171875 0.587890625
1 0.51953125 0.638671875 0.5260416671875 0.6376953125 0.5286458328125 0.6298828125 0.51953125 0.625 0.5130208328125 0.6318359375 0.51953125 0.638671875
1 0.4401041671875 0.6162109375 0.4440104171875 0.619140625 0.4557291671875 0.6181640625 0.4583333328125 0.6064453125 0.4466145828125 0.595703125 0.4401041671875 0.6025390625 0.4401041671875 0.6162109375
1 0.5026041671875 0.5205078125 0.5026041671875 0.5302734375 0.5130208328125 0.5322265625 0.5182291671875 0.5263671875 0.5182291671875 0.5185546875 0.5091145828125 0.515625 0.5026041671875 0.5205078125
1 0.5182291671875 0.5126953125 0.5182291671875 0.5224609375 0.5299479171875 0.533203125 0.5338541671875 0.5322265625 0.5364583328125 0.5126953125 0.5325520828125 0.509765625 0.5221354171875 0.509765625 0.5182291671875 0.5126953125
1 0.5247395828125 0.45703125 0.515625 0.4599609375 0.5078125 0.4736328125 0.51171875 0.478515625 0.5182291671875 0.4775390625 0.52734375 0.474609375 0.5338541671875 0.4658203125 0.5338541671875 0.4619140625 0.5247395828125 0.45703125
1 0.5598958328125 0.4755859375 0.5651041671875 0.4853515625 0.57421875 0.490234375 0.5859375 0.4892578125 0.5885416671875 0.4814453125 0.5833333328125 0.4755859375 0.56640625 0.46875 0.5598958328125 0.4755859375
1 0.484375 0.3330078125 0.49609375 0.33984375 0.5052083328125 0.3408203125 0.5052083328125 0.3291015625 0.4908854171875 0.3203125 0.4817708328125 0.3291015625 0.484375 0.3330078125
1 0.5208333328125 0.3564453125 0.5182291671875 0.3642578125 0.5221354171875 0.3671875 0.53515625 0.37109375 0.546875 0.3701171875 0.546875 0.3642578125 0.5377604171875 0.35546875 0.5247395828125 0.353515625 0.5208333328125 0.3564453125
1 0.5546875 0.3935546875 0.5546875 0.3994140625 0.55859375 0.40234375 0.5651041671875 0.4013671875 0.5833333328125 0.3916015625 0.5833333328125 0.3857421875 0.5768229171875 0.37890625 0.5546875 0.3935546875
1 0.1588541671875 0.4716796875 0.1614583328125 0.4794921875 0.1692708328125 0.4814453125 0.1848958328125 0.4697265625 0.1783854171875 0.462890625 0.16796875 0.46484375 0.1588541671875 0.4716796875
1 0.1692708328125 0.4384765625 0.171875 0.4482421875 0.1796875 0.4599609375 0.1875 0.4619140625 0.1979166671875 0.4541015625 0.1927083328125 0.4462890625 0.1731770828125 0.435546875 0.1692708328125 0.4384765625
1 0.24869791718749998 0.451171875 0.23697916718749998 0.4638671875 0.234375 0.4736328125 0.24479166718749998 0.4755859375 0.2552083328125 0.4697265625 0.2630208328125 0.4580078125 0.2565104171875 0.451171875 0.24869791718749998 0.451171875
1 0.1471354171875 0.234375 0.1432291671875 0.2412109375 0.1458333328125 0.2607421875 0.1588541671875 0.2607421875 0.1640625 0.2568359375 0.1614583328125 0.2412109375 0.1575520828125 0.234375 0.1471354171875 0.234375
1 0.13671875 0.341796875 0.1171875 0.3603515625 0.1236979171875 0.3671875 0.1328125 0.3662109375 0.1458333328125 0.3544921875 0.1484375 0.3427734375 0.14453125 0.33984375 0.13671875 0.341796875
1 0.1927083328125 0.2939453125 0.20182291718749998 0.3046875 0.20833333281250002 0.3037109375 0.22395833281250002 0.2939453125 0.22005208281250002 0.28515625 0.20703125 0.28515625 0.1927083328125 0.2939453125
1 0.22526041718749998 0.376953125 0.22135416718749998 0.3798828125 0.22395833281250002 0.3857421875 0.23828125 0.3984375 0.24479166718749998 0.3974609375 0.2526041671875 0.3916015625 0.24739583281250002 0.3837890625 0.23567708281250002 0.376953125 0.22526041718749998 0.376953125
1 0.24088541718749998 0.318359375 0.22916666718749998 0.3232421875 0.23177083281250002 0.3291015625 0.24869791718749998 0.33984375 0.2578125 0.3408203125 0.265625 0.3349609375 0.265625 0.3310546875 0.2565104171875 0.32421875 0.24088541718749998 0.318359375
1 0.3138020828125 0.30859375 0.3098958328125 0.3232421875 0.3138020828125 0.326171875 0.3229166671875 0.3251953125 0.3307291671875 0.3193359375 0.3307291671875 0.3115234375 0.3268229171875 0.30859375 0.3138020828125 0.30859375
1 0.37890625 0.29296875 0.375 0.2998046875 0.3723958328125 0.3173828125 0.3802083328125 0.3193359375 0.3932291671875 0.3095703125 0.3958333328125 0.2978515625 0.3893229171875 0.29296875 0.37890625 0.29296875
1 0.4088541671875 0.2685546875 0.4088541671875 0.2744140625 0.4127604171875 0.27734375 0.4192708328125 0.2763671875 0.4322916671875 0.2666015625 0.4231770828125 0.2578125 0.41796875 0.2578125 0.4088541671875 0.2685546875
1 0.3489583328125 0.4189453125 0.3619791671875 0.4248046875 0.3697916671875 0.4189453125 0.3697916671875 0.4111328125 0.35546875 0.408203125 0.3489583328125 0.4189453125
1 0.31640625 0.388671875 0.3177083328125 0.4091796875 0.32421875 0.416015625 0.3333333328125 0.4150390625 0.3385416671875 0.4130859375 0.3359375 0.4013671875 0.3268229171875 0.390625 0.31640625 0.388671875
1 0.41015625 0.408203125 0.4205729171875 0.412109375 0.4296875 0.4111328125 0.4322916671875 0.4033203125 0.40234375 0.38671875 0.3984375 0.3994140625 0.41015625 0.408203125
1 0.3854166671875 0.3447265625 0.40234375 0.35546875 0.4127604171875 0.359375 0.4192708328125 0.3583984375 0.4114583328125 0.3427734375 0.3919270828125 0.33203125 0.3854166671875 0.3369140625 0.3854166671875 0.3447265625
1 0.3528645828125 0.4453125 0.3463541671875 0.4501953125 0.3463541671875 0.4677734375 0.3502604171875 0.4765625 0.3619791671875 0.4775390625 0.3671875 0.4755859375 0.3645833328125 0.4560546875 0.3619791671875 0.4501953125 0.3528645828125 0.4453125