1 0.24869791718749998 0.19921875 0.23697916718749998 0.2080078125 0.2513020828125 0.22265625 0.2578125 0.2216796875 0.2630208328125 0.2197265625 0.2630208328125 0.2119140625 0.2578125 0.2041015625 0.24869791718749998 0.19921875
1 0.16796875 0.23828125 0.1809895828125 0.244140625 0.1953125 0.2451171875 0.1953125 0.2373046875 0.1705729171875 0.22265625 0.1588541671875 0.2294921875 0.16796875 0.23828125
1 0.4296875 0.2548828125 0.43359375 0.26171875 0.4453125 0.2626953125 0.4505208328125 0.2568359375 0.44921875 0.244140625 0.44140625 0.244140625 0.4296875 0.2548828125
1 0.3841145828125 0.2578125 0.3802083328125 0.2705078125 0.4036458328125 0.2744140625 0.4127604171875 0.2734375 0.4166666671875 0.2646484375 0.4075520828125 0.259765625 0.3841145828125 0.2578125
1 0.3255208328125 0.2392578125 0.3346354171875 0.248046875 0.3463541671875 0.2470703125 0.3671875 0.2333984375 0.36328125 0.228515625 0.3450520828125 0.228515625 0.3255208328125 0.2392578125
1 0.2955729171875 0.1875 0.2916666671875 0.1904296875 0.3059895828125 0.205078125 0.3203125 0.2080078125 0.3255208328125 0.2021484375 0.32421875 0.193359375 0.3059895828125 0.1875 0.2955729171875 0.1875
1 0.3893229171875 0.15625 0.3854166671875 0.1591796875 0.3880208328125 0.1748046875 0.390625 0.1806640625 0.3971354171875 0.185546875 0.4010416671875 0.1845703125 0.4088541671875 0.1787109375 0.4036458328125 0.1591796875 0.3997395828125 0.15625 0.3893229171875 0.15625
1 0.6315104171875 0.177734375 0.6171875 0.1884765625 0.6184895828125 0.1953125 0.6302083328125 0.1943359375 0.6432291671875 0.1884765625 0.6432291671875 0.1826171875 0.63671875 0.177734375 0.6315104171875 0.177734375
1 0.50390625 0.177734375 0.4869791671875 0.1943359375 0.48828125 0.19921875 0.4973958328125 0.1982421875 0.50390625 0.197265625 0.515625 0.1884765625 0.515625 0.1826171875 0.50390625 0.177734375
1 0.5234375 0.1904296875 0.5299479171875 0.19921875 0.5364583328125 0.1982421875 0.5494791671875 0.1826171875 0.5403645828125 0.173828125 0.53125 0.1767578125 0.5234375 0.1904296875
1 0.5494791671875 0.2509765625 0.5533854171875 0.255859375 0.5651041671875 0.2568359375 0.5729166671875 0.2490234375 0.5611979171875 0.240234375 0.5520833328125 0.2451171875 0.5494791671875 0.2509765625
1 0.4973958328125 0.2783203125 0.5013020828125 0.283203125 0.5130208328125 0.2822265625 0.5208333328125 0.2783203125 0.5143229171875 0.265625 0.5065104171875 0.267578125 0.4973958328125 0.2783203125
1 0.64453125 0.23046875 0.6432291671875 0.2373046875 0.6484375 0.2451171875 0.6575520828125 0.25 0.6614583328125 0.2490234375 0.6692708328125 0.2431640625 0.6692708328125 0.2392578125 0.6575520828125 0.23046875 0.64453125 0.23046875
1 0.53125 0.2939453125 0.53125 0.3037109375 0.5377604171875 0.3125 0.5442708328125 0.3115234375 0.5520833328125 0.3037109375 0.5520833328125 0.2900390625 0.5377604171875 0.287109375 0.53125 0.2939453125
1 0.5755208328125 0.2685546875 0.5755208328125 0.2724609375 0.5846354171875 0.279296875 0.59375 0.2783203125 0.6041666671875 0.2626953125 0.6002604171875 0.255859375 0.5924479171875 0.255859375 0.5755208328125 0.2685546875
1 0.64453125 0.275390625 0.625 0.2880859375 0.6223958328125 0.2978515625 0.6302083328125 0.3017578125 0.6471354171875 0.29296875 0.65625 0.2841796875 0.65234375 0.275390625 0.64453125 0.275390625
1 0.6927083328125 0.3740234375 0.6966145828125 0.3828125 0.7239583328125 0.3818359375 0.7239583328125 0.3720703125 0.7200520828125 0.369140625 0.7044270828125 0.369140625 0.6927083328125 0.3740234375
1 0.6471354171875 0.322265625 0.640625 0.3291015625 0.6484375 0.3408203125 0.6575520828125 0.34765625 0.6614583328125 0.3466796875 0.6666666671875 0.3427734375 0.6640625 0.3330078125 0.6549479171875 0.322265625 0.6471354171875 0.322265625
1 0.703125 0.3251953125 0.703125 0.3291015625 0.7122395828125 0.333984375 0.73046875 0.33984375 0.7395833328125 0.3388671875 0.7447916671875 0.3310546875 0.7408854171875 0.326171875 0.72265625 0.3203125 0.703125 0.3251953125
1 0.23828125 0.349609375 0.234375 0.3525390625 0.234375 0.3681640625 0.24088541718749998 0.375 0.24739583281250002 0.3740234375 0.2552083328125 0.3681640625 0.2552083328125 0.3544921875 0.2513020828125 0.349609375 0.23828125 0.349609375
1 0.20572916718749998 0.3740234375 0.20572916718749998 0.3798828125 0.21484375 0.388671875 0.22265625 0.392578125 0.234375 0.3916015625 0.23958333281250002 0.3857421875 0.23567708281250002 0.37890625 0.21744791718749998 0.37109375 0.20572916718749998 0.3740234375
1 0.265625 0.3623046875 0.2721354171875 0.369140625 0.2799479171875 0.37109375 0.3098958328125 0.3720703125 0.3098958328125 0.3623046875 0.2981770828125 0.357421875 0.2721354171875 0.357421875 0.265625 0.3623046875
1 0.20572916718749998 0.3212890625 0.21354166718749998 0.3212890625 0.2265625 0.2998046875 0.20963541718749998 0.294921875 0.20052083281250002 0.3115234375 0.20572916718749998 0.3212890625
1 0.22786458281250002 0.31640625 0.24869791718749998 0.328125 0.2578125 0.3271484375 0.2604166671875 0.3193359375 0.24348958281250002 0.30859375 0.2265625 0.3095703125 0.22786458281250002 0.31640625
1 0.3567708328125 0.3994140625 0.3697916671875 0.3994140625 0.3723958328125 0.3720703125 0.3606770828125 0.37109375 0.3567708328125 0.3740234375 0.3567708328125 0.3994140625
1 0.5546875 0.3916015625 0.5638020828125 0.396484375 0.5729166671875 0.3955078125 0.5859375 0.3818359375 0.5859375 0.3759765625 0.5794270828125 0.373046875 0.5546875 0.3916015625
1 0.52734375 0.416015625 0.5234375 0.4189453125 0.5234375 0.4365234375 0.52734375 0.439453125 0.5364583328125 0.4384765625 0.5442708328125 0.4345703125 0.5442708328125 0.4287109375 0.5390625 0.4189453125 0.52734375 0.416015625
1 0.4557291671875 0.3818359375 0.4583333328125 0.3935546875 0.4661458328125 0.3935546875 0.4817708328125 0.3759765625 0.4700520828125 0.3671875 0.4635416671875 0.3701171875 0.4557291671875 0.3818359375
1 0.6953125 0.4267578125 0.7018229171875 0.435546875 0.7200520828125 0.44140625 0.7265625 0.4404296875 0.7317708328125 0.4326171875 0.7278645828125 0.427734375 0.70703125 0.421875 0.6953125 0.4267578125
1 0.7005208328125 0.5205078125 0.7044270828125 0.52734375 0.71875 0.5263671875 0.7395833328125 0.5185546875 0.7356770828125 0.509765625 0.7252604171875 0.509765625 0.7005208328125 0.5205078125
1 0.5859375 0.5166015625 0.59375 0.5185546875 0.6119791671875 0.5048828125 0.6028645828125 0.49609375 0.5885416671875 0.5068359375 0.5859375 0.5166015625
1 0.5416666671875 0.4814453125 0.546875 0.4951171875 0.5520833328125 0.5029296875 0.55859375 0.5078125 0.5625 0.5068359375 0.5651041671875 0.4931640625 0.5598958328125 0.4794921875 0.5481770828125 0.4765625 0.5416666671875 0.4814453125
1 0.6432291671875 0.5751953125 0.6432291671875 0.5791015625 0.65234375 0.5859375 0.65625 0.5849609375 0.6744791671875 0.5693359375 0.67578125 0.560546875 0.6575520828125 0.5625 0.6432291671875 0.5751953125
1 0.671875 0.6240234375 0.671875 0.6318359375 0.6783854171875 0.63671875 0.6861979171875 0.640625 0.6953125 0.6396484375 0.7005208328125 0.6318359375 0.6940104171875 0.626953125 0.68359375 0.623046875 0.671875 0.6240234375
1 0.703125 0.6435546875 0.7161458328125 0.6455078125 0.71875 0.6357421875 0.70703125 0.6328125 0.703125 0.6357421875 0.703125 0.6435546875
1 0.6002604171875 0.646484375 0.5846354171875 0.65234375 0.5859375 0.6630859375 0.59375 0.6650390625 0.6158854171875 0.658203125 0.6197916671875 0.6513671875 0.61328125 0.646484375 0.6002604171875 0.646484375
1 0.203125 0.5400390625 0.20442708281250002 0.546875 0.21614583281250002 0.5478515625 0.23177083281250002 0.5380859375 0.22526041718749998 0.529296875 0.21484375 0.53125 0.203125 0.5400390625
1 0.1419270828125 0.474609375 0.1328125 0.4833984375 0.13671875 0.4921875 0.1484375 0.4931640625 0.1588541671875 0.4814453125 0.15625 0.4755859375 0.1497395828125 0.47265625 0.1419270828125 0.474609375
1 0.1692708328125 0.4267578125 0.1809895828125 0.435546875 0.203125 0.4365234375 0.20833333281250002 0.4326171875 0.20442708281250002 0.423828125 0.1809895828125 0.421875 0.1692708328125 0.4267578125
1 0.2421875 0.5087890625 0.2565104171875 0.521484375 0.2682291671875 0.5224609375 0.2682291671875 0.5068359375 0.25390625 0.49609375 0.2421875 0.5029296875 0.2421875 0.5087890625
1 0.24609375 0.447265625 0.2421875 0.4501953125 0.2421875 0.4541015625 0.25390625 0.46484375 0.2643229171875 0.46875 0.2734375 0.4677734375 0.2786458328125 0.4599609375 0.2669270828125 0.451171875 0.2591145828125 0.447265625 0.24609375 0.447265625
1 0.2786458328125 0.4677734375 0.2864583328125 0.4794921875 0.3033854171875 0.48828125 0.3098958328125 0.4873046875 0.3098958328125 0.4775390625 0.296875 0.4619140625 0.2825520828125 0.462890625 0.2786458328125 0.4677734375
1 0.3984375 0.5361328125 0.3984375 0.5439453125 0.4088541671875 0.5439453125 0.4244791671875 0.5341796875 0.4153645828125 0.525390625 0.4075520828125 0.52734375 0.3984375 0.5361328125
1 0.3958333328125 0.4853515625 0.3958333328125 0.4912109375 0.40234375 0.49609375 0.4088541671875 0.4951171875 0.4192708328125 0.4853515625 0.4153645828125 0.4765625 0.4075520828125 0.4765625 0.3958333328125 0.4853515625
1 0.3502604171875 0.4453125 0.34375 0.4521484375 0.34375 0.4580078125 0.3528645828125 0.462890625 0.3567708328125 0.4619140625 0.3671875 0.4521484375 0.3697916671875 0.4443359375 0.3658854171875 0.44140625 0.3502604171875 0.4453125
1 0.38671875 0.455078125 0.3828125 0.4580078125 0.3841145828125 0.46875 0.4140625 0.4697265625 0.4166666671875 0.4619140625 0.4127604171875 0.458984375 0.3997395828125 0.455078125 0.38671875 0.455078125
1 0.4557291671875 0.4697265625 0.4583333328125 0.4833984375 0.4635416671875 0.4833984375 0.4791666671875 0.4658203125 0.47265625 0.45703125 0.46484375 0.45703125 0.4557291671875 0.4697265625
1 0.5104166671875 0.6064453125 0.5143229171875 0.609375 0.5234375 0.6083984375 0.5286458328125 0.6005859375 0.51953125 0.595703125 0.5130208328125 0.5986328125 0.5104166671875 0.6064453125
1 0.5104166671875 0.5634765625 0.5182291671875 0.5751953125 0.53125 0.5751953125 0.5364583328125 0.5732421875 0.53125 0.5615234375 0.51171875 0.556640625 0.5104166671875 0.5634765625
1 0.4479166671875 0.6123046875 0.4479166671875 0.6181640625 0.45703125 0.623046875 0.47265625 0.626953125 0.4869791671875 0.6259765625 0.4921875 0.6220703125 0.4856770828125 0.61328125 0.46484375 0.609375 0.4479166671875 0.6123046875
1 0.1979166671875 0.6357421875 0.1979166671875 0.6455078125 0.20442708281250002 0.654296875 0.21354166718749998 0.6533203125 0.21875 0.6455078125 0.2109375 0.6318359375 0.20442708281250002 0.62890625 0.1979166671875 0.6357421875
1 0.328125 0.6650390625 0.3294270828125 0.671875 0.3567708328125 0.6708984375 0.3619791671875 0.6689453125 0.3619791671875 0.6650390625 0.3502604171875 0.66015625 0.328125 0.6650390625
1 0.42578125 0.677734375 0.4166666671875 0.6845703125 0.4114583328125 0.6962890625 0.4270833328125 0.7001953125 0.4322916671875 0.6982421875 0.4348958328125 0.6865234375 0.4309895828125 0.677734375 0.42578125 0.677734375
1 0.2734375 0.7529296875 0.2734375 0.7626953125 0.2786458328125 0.7724609375 0.2864583328125 0.7744140625 0.2942708328125 0.7626953125 0.2890625 0.7509765625 0.2799479171875 0.75 0.2734375 0.7529296875
1 0.6536458328125 0.7529296875 0.66015625 0.759765625 0.6666666671875 0.7587890625 0.671875 0.7509765625 0.6653645828125 0.744140625 0.6575520828125 0.744140625 0.6536458328125 0.7529296875