1 0.23958333281250002 0.1923828125 0.23958333281250002 0.2060546875 0.24609375 0.2109375 0.2552083328125 0.2099609375 0.2578125 0.1923828125 0.25390625 0.189453125 0.24348958281250002 0.189453125 0.23958333281250002 0.1923828125
1 0.33203125 0.1953125 0.32421875 0.1953125 0.3203125 0.2001953125 0.3203125 0.2216796875 0.328125 0.2236328125 0.3359375 0.2197265625 0.3385416671875 0.2119140625 0.3385416671875 0.1982421875 0.33203125 0.1953125
1 0.4348958328125 0.1728515625 0.4388020828125 0.17578125 0.4505208328125 0.1748046875 0.4557291671875 0.1650390625 0.4466145828125 0.16015625 0.4388020828125 0.16015625 0.4348958328125 0.1728515625
1 0.41796875 0.21875 0.4140625 0.2236328125 0.4192708328125 0.2333984375 0.4270833328125 0.2451171875 0.4348958328125 0.2470703125 0.4401041671875 0.2451171875 0.4348958328125 0.2275390625 0.4283854171875 0.220703125 0.41796875 0.21875
1 0.3919270828125 0.189453125 0.3697916671875 0.2060546875 0.3697916671875 0.2119140625 0.37890625 0.216796875 0.3828125 0.2158203125 0.4036458328125 0.2001953125 0.40625 0.1943359375 0.40234375 0.189453125 0.3919270828125 0.189453125
1 0.4869791671875 0.2021484375 0.5013020828125 0.2109375 0.5104166671875 0.2099609375 0.5104166671875 0.1982421875 0.4934895828125 0.19140625 0.4869791671875 0.1962890625 0.4869791671875 0.2021484375
1 0.546875 0.2314453125 0.5638020828125 0.244140625 0.5729166671875 0.2451171875 0.578125 0.2392578125 0.5651041671875 0.2255859375 0.5455729171875 0.22265625 0.546875 0.2314453125
1 0.6380208328125 0.1884765625 0.65234375 0.19921875 0.6666666671875 0.2001953125 0.671875 0.1943359375 0.66796875 0.185546875 0.64453125 0.18359375 0.6380208328125 0.1884765625
1 0.73046875 0.203125 0.7213541671875 0.2099609375 0.7213541671875 0.2138671875 0.73828125 0.2265625 0.7447916671875 0.2255859375 0.75 0.2216796875 0.7473958328125 0.2119140625 0.73828125 0.203125 0.73046875 0.203125
1 0.7786458328125 0.1943359375 0.7786458328125 0.2001953125 0.78515625 0.205078125 0.8098958328125001 0.2060546875 0.8151041671874999 0.1962890625 0.8111979171874999 0.19140625 0.7825520828125 0.19140625 0.7786458328125 0.1943359375
1 0.734375 0.3583984375 0.734375 0.3662109375 0.7473958328125 0.3681640625 0.7552083328125 0.3544921875 0.7513020828125 0.345703125 0.7434895828125 0.345703125 0.734375 0.3583984375
1 0.7161458328125 0.3076171875 0.7174479171875 0.314453125 0.7317708328125 0.3134765625 0.7473958328125 0.2939453125 0.7434895828125 0.287109375 0.7330729171875 0.2890625 0.7161458328125 0.3076171875
1 0.6575520828125 0.306640625 0.6536458328125 0.3115234375 0.6692708328125 0.3310546875 0.6822916671875 0.3330078125 0.6822916671875 0.3173828125 0.6744791671875 0.3076171875 0.6705729171875 0.3046875 0.6575520828125 0.306640625
1 0.6731770828125 0.255859375 0.6640625 0.2607421875 0.6640625 0.2646484375 0.6692708328125 0.2783203125 0.6770833328125 0.2822265625 0.6861979171875 0.279296875 0.6875 0.2744140625 0.6796875 0.2587890625 0.6731770828125 0.255859375
1 0.3411458328125 0.2939453125 0.3424479171875 0.283203125 0.3203125 0.2841796875 0.3216145828125 0.294921875 0.3411458328125 0.2939453125
1 0.21484375 0.306640625 0.2109375 0.3154296875 0.22265625 0.322265625 0.23177083281250002 0.3232421875 0.23697916718749998 0.3193359375 0.23697916718749998 0.3134765625 0.22526041718749998 0.306640625 0.21484375 0.306640625
1 0.23177083281250002 0.2763671875 0.24609375 0.2890625 0.2526041671875 0.2900390625 0.2552083328125 0.2763671875 0.24088541718749998 0.265625 0.23177083281250002 0.2705078125 0.23177083281250002 0.2763671875
1 0.3033854171875 0.31640625 0.2955729171875 0.318359375 0.2916666671875 0.3232421875 0.296875 0.3349609375 0.3059895828125 0.341796875 0.3098958328125 0.3408203125 0.3151041671875 0.3369140625 0.3151041671875 0.3251953125 0.3098958328125 0.3173828125 0.3033854171875 0.31640625
1 0.2630208328125 0.3115234375 0.2630208328125 0.3193359375 0.2669270828125 0.322265625 0.2786458328125 0.3212890625 0.2942708328125 0.3076171875 0.2877604171875 0.298828125 0.2747395828125 0.30078125 0.2630208328125 0.3115234375
1 0.23958333281250002 0.3544921875 0.23958333281250002 0.3720703125 0.24739583281250002 0.3759765625 0.2552083328125 0.3720703125 0.2578125 0.3564453125 0.24348958281250002 0.3515625 0.23958333281250002 0.3544921875
1 0.3020833328125 0.4033203125 0.3138020828125 0.408203125 0.3255208328125 0.4072265625 0.3385416671875 0.4033203125 0.33203125 0.392578125 0.3020833328125 0.3994140625 0.3020833328125 0.4033203125
1 0.3958333328125 0.2998046875 0.3997395828125 0.302734375 0.4166666671875 0.3017578125 0.4244791671875 0.2978515625 0.4205729171875 0.291015625 0.3984375 0.2900390625 0.3958333328125 0.2998046875
1 0.46875 0.2880859375 0.46875 0.2978515625 0.4752604171875 0.306640625 0.484375 0.3076171875 0.4895833328125 0.3037109375 0.4869791671875 0.2861328125 0.4752604171875 0.28515625 0.46875 0.2880859375
1 0.3997395828125 0.3203125 0.3958333328125 0.3232421875 0.3958333328125 0.3310546875 0.3997395828125 0.333984375 0.4114583328125 0.3330078125 0.4231770828125 0.33203125 0.4322916671875 0.3251953125 0.4205729171875 0.318359375 0.3997395828125 0.3203125
1 0.5052083328125 0.4091796875 0.5091145828125 0.416015625 0.53125 0.4189453125 0.5364583328125 0.4111328125 0.5325520828125 0.404296875 0.51953125 0.40234375 0.5052083328125 0.4091796875
1 0.5494791671875 0.3681640625 0.5442708328125 0.3759765625 0.5442708328125 0.3876953125 0.5481770828125 0.390625 0.5546875 0.3896484375 0.5677083328125 0.3720703125 0.5677083328125 0.3681640625 0.55859375 0.36328125 0.5494791671875 0.3681640625
1 0.4765625 0.3701171875 0.4908854171875 0.3828125 0.5 0.3818359375 0.5052083328125 0.3759765625 0.4778645828125 0.35546875 0.4713541671875 0.3603515625 0.4765625 0.3701171875
1 0.54296875 0.3203125 0.5260416671875 0.3310546875 0.53515625 0.33984375 0.5416666671875 0.3388671875 0.5598958328125 0.3271484375 0.55859375 0.318359375 0.5533854171875 0.31640625 0.54296875 0.3203125
1 0.4114583328125 0.4111328125 0.4140625 0.4267578125 0.4192708328125 0.4287109375 0.4322916671875 0.4130859375 0.4322916671875 0.4091796875 0.4205729171875 0.404296875 0.4114583328125 0.4111328125
1 0.24479166718749998 0.4482421875 0.24869791718749998 0.455078125 0.2578125 0.4560546875 0.2682291671875 0.4423828125 0.2643229171875 0.435546875 0.2591145828125 0.435546875 0.24479166718749998 0.4482421875
1 0.3723958328125 0.5068359375 0.3763020828125 0.513671875 0.3880208328125 0.5126953125 0.3880208328125 0.4912109375 0.3763020828125 0.486328125 0.3697916671875 0.4970703125 0.3723958328125 0.5068359375
1 0.3372395828125 0.431640625 0.3255208328125 0.4365234375 0.3151041671875 0.4521484375 0.328125 0.4580078125 0.3333333328125 0.4560546875 0.3411458328125 0.4443359375 0.3411458328125 0.4345703125 0.3372395828125 0.431640625
1 0.28125 0.4814453125 0.28125 0.4970703125 0.2903645828125 0.5078125 0.2994791671875 0.5068359375 0.3020833328125 0.4833984375 0.2981770828125 0.478515625 0.28515625 0.478515625 0.28125 0.4814453125
1 0.5651041671875 0.4482421875 0.56640625 0.451171875 0.5885416671875 0.4501953125 0.6015625 0.4423828125 0.5950520828125 0.43359375 0.5846354171875 0.435546875 0.5651041671875 0.4482421875
1 0.5859375 0.5244140625 0.59765625 0.53515625 0.6197916671875 0.5341796875 0.6145833328125 0.5263671875 0.6002604171875 0.517578125 0.5924479171875 0.517578125 0.5859375 0.5244140625
1 0.6080729171875 0.474609375 0.6041666671875 0.4775390625 0.6067708328125 0.4873046875 0.6184895828125 0.49609375 0.625 0.4970703125 0.6302083328125 0.4951171875 0.6328125 0.4873046875 0.6184895828125 0.4765625 0.6080729171875 0.474609375
1 0.6927083328125 0.4248046875 0.6927083328125 0.4404296875 0.69921875 0.447265625 0.7057291671875 0.4462890625 0.7109375 0.4384765625 0.7109375 0.4248046875 0.7018229171875 0.421875 0.6927083328125 0.4248046875
1 0.703125 0.5185546875 0.7096354171875 0.525390625 0.7161458328125 0.5244140625 0.7265625 0.5166015625 0.7278645828125 0.505859375 0.7122395828125 0.509765625 0.703125 0.5185546875
1 0.7890625 0.5146484375 0.7955729171875 0.525390625 0.8151041671874999 0.5263671875 0.8177083328125001 0.5166015625 0.8138020828125001 0.513671875 0.79296875 0.51171875 0.7890625 0.5146484375
1 0.7395833328125 0.5888671875 0.7447916671875 0.5791015625 0.7330729171875 0.576171875 0.7291666671875 0.5869140625 0.7395833328125 0.5888671875
1 0.76171875 0.61328125 0.7552083328125 0.6201171875 0.7552083328125 0.6416015625 0.7630208328125 0.6435546875 0.7734375 0.6337890625 0.7734375 0.6162109375 0.7669270828125 0.61328125 0.76171875 0.61328125
1 0.4765625 0.5146484375 0.4765625 0.5205078125 0.4830729171875 0.525390625 0.4869791671875 0.5244140625 0.5078125 0.5126953125 0.50390625 0.50390625 0.4830729171875 0.509765625 0.4765625 0.5146484375
1 0.640625 0.6513671875 0.6549479171875 0.658203125 0.6588541671875 0.6572265625 0.6640625 0.6455078125 0.66015625 0.642578125 0.64453125 0.642578125 0.640625 0.6513671875
1 0.7565104171875 0.705078125 0.75 0.7099609375 0.75 0.7158203125 0.7591145828125 0.72265625 0.7630208328125 0.7216796875 0.7708333328125 0.7177734375 0.7708333328125 0.7119140625 0.7643229171875 0.705078125 0.7565104171875 0.705078125
1 0.6966145828125 0.70703125 0.6979166671875 0.7158203125 0.7135416671875 0.7353515625 0.7239583328125 0.7353515625 0.7291666671875 0.7275390625 0.71875 0.7138671875 0.7044270828125 0.70703125 0.6966145828125 0.70703125
1 0.3567708328125 0.5400390625 0.3619791671875 0.5478515625 0.3684895828125 0.552734375 0.3723958328125 0.5517578125 0.3723958328125 0.5263671875 0.3606770828125 0.525390625 0.3567708328125 0.5283203125 0.3567708328125 0.5400390625
1 0.4088541671875 0.5810546875 0.4127604171875 0.58984375 0.4322916671875 0.5888671875 0.4375 0.5849609375 0.43359375 0.578125 0.4127604171875 0.578125 0.4088541671875 0.5810546875
1 0.4947916671875 0.5888671875 0.50390625 0.59765625 0.5078125 0.5966796875 0.5182291671875 0.5869140625 0.5143229171875 0.572265625 0.5026041671875 0.5791015625 0.4947916671875 0.5888671875
1 0.48828125 0.705078125 0.4739583328125 0.7138671875 0.4778645828125 0.71875 0.5 0.7177734375 0.515625 0.7119140625 0.5130208328125 0.7021484375 0.5065104171875 0.69921875 0.48828125 0.705078125
1 0.5234375 0.6416015625 0.53125 0.6357421875 0.5143229171875 0.62890625 0.5104166671875 0.6416015625 0.5234375 0.6416015625
1 0.453125 0.6591796875 0.453125 0.6669921875 0.45703125 0.669921875 0.4765625 0.6689453125 0.484375 0.6650390625 0.4778645828125 0.658203125 0.4622395828125 0.65625 0.453125 0.6591796875
1 0.234375 0.6201171875 0.234375 0.6318359375 0.23828125 0.634765625 0.24739583281250002 0.6337890625 0.2552083328125 0.6279296875 0.24739583281250002 0.6142578125 0.24088541718749998 0.611328125 0.234375 0.6201171875
1 0.30078125 0.595703125 0.296875 0.6025390625 0.3059895828125 0.607421875 0.3125 0.6064453125 0.3346354171875 0.6015625 0.3411458328125 0.5927734375 0.32421875 0.58984375 0.30078125 0.595703125
1 0.22395833281250002 0.7392578125 0.22786458281250002 0.748046875 0.2552083328125 0.7490234375 0.2604166671875 0.7431640625 0.24609375 0.736328125 0.23046875 0.736328125 0.22395833281250002 0.7392578125
1 0.3697916671875 0.6611328125 0.3697916671875 0.6728515625 0.375 0.6826171875 0.3828125 0.6826171875 0.3880208328125 0.6669921875 0.3815104171875 0.658203125 0.3736979171875 0.658203125 0.3697916671875 0.6611328125